0 0.049166666666666664 0.25375 0.041666666666666664 0.0725
0 0.0975 0.22 0.035 0.06
0 0.19083333333333333 0.32875 0.03833333333333333 0.0775
0 0.91 0.32375 0.05333333333333334 0.0775
0 0.7916666666666666 0.24875 0.04666666666666667 0.0625
0 0.7008333333333333 0.21125 0.03833333333333333 0.0575
0 0.65 0.17 0.03 0.05
0 0.6083333333333333 0.15 0.02666666666666667 0.05
0 0.5491666666666667 0.21125 0.035 0.0675
0 0.535 0.32375 0.043333333333333335 0.0925
0 0.4683333333333333 0.28625 0.04 0.0775
0 0.4066666666666667 0.30125 0.043333333333333335 0.0825
0 0.35333333333333333 0.28875 0.03333333333333333 0.0625
0 0.3525 0.2425 0.03833333333333333 0.075
0 0.5783333333333334 0.13375 0.02 0.0325
0 0.5433333333333333 0.1175 0.023333333333333334 0.035
0 0.5125 0.25625 0.035 0.0725
0 0.435 0.26625 0.03666666666666667 0.0625
0 0.4558333333333333 0.22 0.03166666666666667 0.06
