0 0.8295833333333333 0.598125 0.08916666666666667 0.13875
0 0.7291666666666666 0.371875 0.07833333333333334 0.14875
0 0.6520833333333333 0.48375 0.06916666666666667 0.12
0 0.5941666666666666 0.29 0.07 0.14
0 0.5258333333333334 0.3175 0.056666666666666664 0.125
0 0.48875 0.381875 0.08416666666666667 0.16625
0 0.33166666666666667 0.44375 0.06666666666666667 0.1175
0 0.36583333333333334 0.33625 0.051666666666666666 0.1
0 0.19958333333333333 0.333125 0.06416666666666666 0.12125
0 0.29083333333333333 0.325 0.056666666666666664 0.105
0 0.41625 0.26875 0.034166666666666665 0.0625
0 0.7841666666666667 0.27375 0.025 0.0475
0 0.6829166666666666 0.261875 0.015833333333333335 0.03375
0 0.6304166666666666 0.328125 0.024166666666666666 0.04875
0 0.6508333333333334 0.275 0.015 0.025
0 0.03916666666666667 0.31125 0.021666666666666667 0.04
