0 0.1519230769230769 0.5536332179930796 0.05 0.08765859284890427
0 0.2903846153846154 0.5570934256055363 0.04384615384615385 0.08304498269896193
0 0.032692307692307694 0.5409457900807382 0.022307692307692306 0.03229527104959631
0 0.058076923076923075 0.5519031141868512 0.022307692307692306 0.03575547866205306
0 0.19576923076923078 0.563437139561707 0.014615384615384615 0.02191464821222607
0 0.19423076923076923 0.5478662053056517 0.008461538461538461 0.01384083044982699
0 0.21884615384615386 0.5420991926182238 0.013076923076923076 0.020761245674740483
0 0.2542307692307692 0.5415224913494809 0.02076923076923077 0.03806228373702422
0 0.31076923076923074 0.5357554786620531 0.02 0.03806228373702422
0 0.3426923076923077 0.5559400230680508 0.008461538461538461 0.016147635524798153
0 0.36038461538461536 0.5559400230680508 0.008461538461538461 0.016147635524798153
0 0.37346153846153846 0.5605536332179931 0.011538461538461539 0.016147635524798153
0 0.39576923076923076 0.5374855824682814 0.019230769230769232 0.03460207612456748
0 0.41115384615384615 0.5432525951557093 0.008461538461538461 0.011534025374855825
0 0.4296153846153846 0.5680507497116494 0.016153846153846154 0.0265282583621684
0 0.43961538461538463 0.5346020761245674 0.02076923076923077 0.03344867358708189
0 0.4676923076923077 0.5680507497116494 0.018461538461538463 0.02883506343713956
0 0.46576923076923077 0.5420991926182238 0.011538461538461539 0.01845444059976932
0 0.4773076923076923 0.5507497116493656 0.008461538461538461 0.014994232987312572
0 0.4946153846153846 0.5495963091118801 0.010769230769230769 0.01730103806228374
0 0.5038461538461538 0.5743944636678201 0.027692307692307693 0.04382929642445214
0 0.5284615384615384 0.5640138408304498 0.021538461538461538 0.03229527104959631
0 0.5253846153846153 0.5472895040369089 0.007692307692307693 0.012687427912341407
0 0.5311538461538462 0.5743944636678201 0.016153846153846154 0.02306805074971165
0 0.5542307692307692 0.552479815455594 0.014615384615384615 0.025374855824682813
0 0.5703846153846154 0.5536332179930796 0.013076923076923076 0.02306805074971165
0 0.6 0.5599769319492502 0.013846153846153847 0.02422145328719723
0 0.6188461538461538 0.5709342560553633 0.006923076923076923 0.011534025374855825
0 0.6315384615384615 0.5628604382929643 0.007692307692307693 0.011534025374855825
0 0.6603846153846153 0.5686274509803921 0.006923076923076923 0.01384083044982699
0 0.6753846153846154 0.5749711649365629 0.009230769230769232 0.014994232987312572
0 0.7034615384615385 0.5767012687427913 0.031538461538461536 0.05074971164936563
0 0.7365384615384616 0.5743944636678201 0.016153846153846154 0.029988465974625143
0 0.7680769230769231 0.583044982698962 0.03769230769230769 0.07958477508650519
0 0.9326923076923077 0.5876585928489043 0.014615384615384615 0.0265282583621684
0 0.39076923076923076 0.5449826989619377 0.013846153846153847 0.02191464821222607
