0 0.014566929133858268 0.477112676056338 0.029133858267716535 0.954225352112676
0 0.00826771653543307 0.10387323943661972 0.09685039370078741 0.1443661971830986
0 0.03385826771653543 0.16725352112676056 0.08346456692913386 0.1267605633802817
0 0.10748031496062992 0.1857394366197183 0.08267716535433071 0.1267605633802817
0 0.1736220472440945 0.18661971830985916 0.07637795275590552 0.1073943661971831
0 0.27795275590551183 0.1795774647887324 0.07244094488188976 0.10211267605633803
0 0.37519685039370076 0.1742957746478873 0.06535433070866142 0.07570422535211267
0 0.4566929133858268 0.25132042253521125 0.06929133858267716 0.10475352112676056
0 0.4531496062992126 0.2522007042253521 0.06535433070866142 0.10299295774647887
0 0.5409448818897638 0.19806338028169015 0.07086614173228346 0.1056338028169014
0 0.5665354330708662 0.2055457746478873 0.05905511811023622 0.10651408450704225
0 0.6330708661417322 0.19058098591549297 0.06929133858267716 0.09419014084507042
0 0.7082677165354331 0.2535211267605634 0.05748031496062992 0.0880281690140845
0 0.7858267716535433 0.20994718309859156 0.06929133858267716 0.10123239436619719
0 0.8023622047244094 0.2227112676056338 0.06771653543307087 0.09859154929577464
0 0.8881889763779528 0.24031690140845072 0.06614173228346457 0.11443661971830986
0 0.9594488188976378 0.19014084507042253 0.07952755905511812 0.13028169014084506
0 0.45511811023622045 0.1817781690140845 0.08818897637795275 0.1153169014084507
