0 0.8929166666666667 0.5876747141041931 0.009166666666666667 0.016518424396442185
0 0.8320833333333333 0.6442185514612452 0.014166666666666666 0.025412960609911054
0 0.7945833333333333 0.5374841168996188 0.010833333333333334 0.017789072426937738
0 0.695 0.4872935196950445 0.01 0.016518424396442185
0 0.6366666666666667 0.5298602287166455 0.011666666666666667 0.017789072426937738
0 0.65625 0.7681067344345617 0.014166666666666666 0.026683608640406607
0 0.6341666666666667 0.8265565438373571 0.011666666666666667 0.021601016518424398
0 0.5845833333333333 0.7547649301143583 0.010833333333333334 0.017789072426937738
0 0.49916666666666665 0.5139771283354511 0.006666666666666667 0.01397712833545108
0 0.5983333333333334 0.4320203303684879 0.006666666666666667 0.012706480304955527
0 0.5808333333333333 0.4263024142312579 0.006666666666666667 0.01397712833545108
0 0.5104166666666666 0.3799237611181703 0.0075 0.010165184243964422
0 0.5141666666666667 0.3767471410419314 0.005 0.008894536213468869
0 0.45708333333333334 0.386277001270648 0.0075 0.012706480304955527
0 0.3883333333333333 0.41296060991105465 0.006666666666666667 0.010165184243964422
0 0.44083333333333335 0.34498094027954257 0.005 0.0063532401524777635
0 0.4195833333333333 0.3354510800508259 0.004166666666666667 0.005082592121982211
0 0.41041666666666665 0.33989834815756037 0.004166666666666667 0.0063532401524777635
0 0.3933333333333333 0.33163913595933925 0.0033333333333333335 0.005082592121982211
0 0.3875 0.3290978398983482 0.0033333333333333335 0.005082592121982211
0 0.335 0.39961880559085133 0.005 0.008894536213468869
0 0.04625 0.40216010165184246 0.004166666666666667 0.0063532401524777635
0 0.08125 0.45616264294790343 0.005833333333333334 0.010165184243964422
0 0.065 0.45806861499364676 0.005 0.008894536213468869
0 0.09416666666666666 0.5787801778907242 0.008333333333333333 0.01397712833545108
0 0.11791666666666667 0.5762388818297332 0.009166666666666667 0.01397712833545108
0 0.58375 0.3850063532401525 0.010833333333333334 0.020330368487928845
0 0.595 0.3799237611181703 0.0033333333333333335 0.005082592121982211
0 0.33708333333333335 0.3335451080050826 0.0125 0.03176620076238882
0 0.3258333333333333 0.3221092757306226 0.0033333333333333335 0.0038119440914866584
0 0.3025 0.33481575603557817 0.008333333333333333 0.029224904701397714
0 0.27458333333333335 0.3227445997458704 0.004166666666666667 0.005082592121982211
0 0.2808333333333333 0.36086404066073696 0.0033333333333333335 0.005082592121982211
0 0.20208333333333334 0.3360864040660737 0.009166666666666667 0.021601016518424398
0 0.20666666666666667 0.33672172808132145 0.006666666666666667 0.025412960609911054
