0 0.5328638497652582 0.5541666666666667 0.028169014084507043 0.05416666666666667
0 0.5580985915492958 0.53125 0.022300469483568074 0.041666666666666664
0 0.3028169014084507 0.5333333333333333 0.01643192488262911 0.041666666666666664
0 0.2136150234741784 0.5645833333333333 0.01643192488262911 0.03333333333333333
0 0.13145539906103287 0.5489583333333333 0.014084507042253521 0.035416666666666666
0 0.08509389671361503 0.546875 0.015258215962441314 0.03125
0 0.10269953051643192 0.575 0.008215962441314555 0.025
0 0.3955399061032864 0.546875 0.009389671361502348 0.014583333333333334
0 0.6326291079812206 0.5510416666666667 0.007042253521126761 0.014583333333333334
0 0.6414319248826291 0.5708333333333333 0.005868544600938967 0.008333333333333333
0 0.7723004694835681 0.55625 0.004694835680751174 0.008333333333333333
0 0.7834507042253521 0.54375 0.005868544600938967 0.0125
0 0.7975352112676056 0.546875 0.005868544600938967 0.010416666666666666
0 0.8016431924882629 0.5447916666666667 0.004694835680751174 0.010416666666666666
0 0.3826291079812207 0.5770833333333333 0.014084507042253521 0.08333333333333333
