0 0.07536231884057971 0.43211009174311926 0.025120772946859903 0.05321100917431193
0 0.15555555555555556 0.42844036697247706 0.01932367149758454 0.045871559633027525
0 0.1821256038647343 0.43119266055045874 0.018357487922705314 0.044036697247706424
0 0.19806763285024154 0.43486238532110094 0.015458937198067632 0.029357798165137616
0 0.2400966183574879 0.42293577981651376 0.010628019323671498 0.02018348623853211
0 0.27391304347826084 0.43669724770642204 0.022222222222222223 0.05137614678899083
0 0.3111111111111111 0.4036697247706422 0.01932367149758454 0.03302752293577982
0 0.3463768115942029 0.43302752293577984 0.01642512077294686 0.03302752293577982
0 0.34106280193236715 0.42201834862385323 0.01352657004830918 0.03302752293577982
0 0.35990338164251207 0.41743119266055045 0.012560386473429951 0.027522935779816515
0 0.3859903381642512 0.43302752293577984 0.014492753623188406 0.025688073394495414
0 0.39371980676328505 0.43302752293577984 0.012560386473429951 0.025688073394495414
0 0.41594202898550725 0.42477064220183486 0.014492753623188406 0.027522935779816515
0 0.4270531400966184 0.43577981651376146 0.00966183574879227 0.02018348623853211
0 0.4458937198067633 0.44311926605504587 0.028019323671497585 0.05688073394495413
0 0.48985507246376814 0.42568807339449544 0.015458937198067632 0.03669724770642202
0 0.5057971014492754 0.42477064220183486 0.012560386473429951 0.027522935779816515
0 0.478743961352657 0.281651376146789 0.008695652173913044 0.01651376146788991
0 0.5550724637681159 0.43394495412844036 0.012560386473429951 0.023853211009174313
0 0.5705314009661836 0.42660550458715596 0.01642512077294686 0.03486238532110092
0 0.591304347826087 0.44954128440366975 0.015458937198067632 0.029357798165137616
0 0.6082125603864734 0.43577981651376146 0.008695652173913044 0.023853211009174313
0 0.6173913043478261 0.37522935779816513 0.007729468599033816 0.02018348623853211
0 0.6178743961352657 0.37706422018348623 0.008695652173913044 0.02018348623853211
0 0.648792270531401 0.42293577981651376 0.022222222222222223 0.045871559633027525
0 0.7009661835748793 0.4954128440366973 0.028019323671497585 0.05871559633027523
0 0.6971014492753623 0.43761467889908257 0.012560386473429951 0.027522935779816515
0 0.736231884057971 0.42293577981651376 0.007729468599033816 0.01651376146788991
0 0.7570048309178744 0.42201834862385323 0.012560386473429951 0.025688073394495414
0 0.7816425120772947 0.44220183486238535 0.015458937198067632 0.03302752293577982
0 0.7995169082125604 0.44495412844036697 0.014492753623188406 0.027522935779816515
0 0.8323671497584542 0.42110091743119266 0.012560386473429951 0.027522935779816515
0 0.8618357487922705 0.40825688073394495 0.01352657004830918 0.027522935779816515
0 0.8772946859903382 0.42477064220183486 0.011594202898550725 0.023853211009174313
0 0.8898550724637682 0.42844036697247706 0.011594202898550725 0.023853211009174313
0 0.9304347826086956 0.41559633027522935 0.015458937198067632 0.027522935779816515
0 0.6352657004830918 0.25045871559633026 0.008695652173913044 0.02018348623853211
0 0.6652173913043479 0.05045871559633028 0.008695652173913044 0.02018348623853211
0 0.6309178743961352 0.06422018348623854 0.007729468599033816 0.014678899082568808
0 0.5333333333333333 0.0045871559633027525 0.005797101449275362 0.009174311926605505
0 0.5478260869565217 -0.0045871559633027525 0.005797101449275362 0.009174311926605505
0 0.8082125603864734 0.42660550458715596 0.012560386473429951 0.023853211009174313
0 0.3101449275362319 0.42844036697247706 0.00966183574879227 0.02018348623853211
