0 0.24609375 0.22916666666666666 0.0828125 0.125
0 0.28984375 0.17083333333333334 0.0578125 0.10416666666666667
0 0.4421875 0.35625 0.071875 0.10416666666666667
0 0.52578125 0.24166666666666667 0.0140625 0.020833333333333332
0 0.6140625 0.23854166666666668 0.015625 0.03125
0 0.70234375 0.246875 0.0109375 0.01875
0 0.671875 0.23854166666666668 0.015625 0.01875
0 0.79296875 0.24583333333333332 0.0140625 0.020833333333333332
0 0.92578125 0.19479166666666667 0.0296875 0.04375
0 0.53203125 0.07916666666666666 0.0078125 0.008333333333333333
0 0.7265625 0.24166666666666667 0.0125 0.016666666666666666
0 0.7609375 0.246875 0.0125 0.01875
0 0.5375 0.20625 0.009375 0.0125
0 0.62578125 0.22708333333333333 0.0078125 0.0125
