0 0.008 0.626 0.016 0.012
0 0.065 0.632 0.014 0.008
0 0.087 0.6373333333333333 0.01 0.008
0 0.114 0.6346666666666667 0.012 0.008
0 0.154 0.6306666666666667 0.008 0.005333333333333333
0 0.174 0.65 0.024 0.04666666666666667
0 0.224 0.6333333333333333 0.008 0.005333333333333333
0 0.246 0.6313333333333333 0.012 0.009333333333333334
0 0.28 0.6366666666666667 0.012 0.009333333333333334
0 0.461 0.63 0.01 0.006666666666666667
0 0.645 0.6346666666666667 0.01 0.008
0 0.635 0.63 0.014 0.009333333333333334
0 0.861 0.6386666666666667 0.006 0.005333333333333333
0 0.899 0.652 0.022 0.034666666666666665
0 0.934 0.6386666666666667 0.008 0.005333333333333333
0 0.97 0.6433333333333333 0.008 0.006666666666666667
0 0.98 0.6586666666666666 0.044 0.05333333333333334
0 0.698 0.6333333333333333 0.008 0.008
