0 0.09423828125 0.22664624808575803 0.0517578125 0.09188361408882083
0 0.5224609375 0.37366003062787134 0.04296875 0.0888208269525268
0 0.64404296875 0.36983154670750384 0.0361328125 0.08422664624808576
0 0.740234375 0.37366003062787134 0.0390625 0.09188361408882083
0 0.888671875 0.3683001531393568 0.041015625 0.0781010719754977
0 0.1826171875 0.6347626339969372 0.07421875 0.12710566615620214
0 0.3447265625 0.6010719754977029 0.056640625 0.08422664624808576
0 0.49072265625 0.5038284839203675 0.0556640625 0.0888208269525268
0 0.55810546875 0.5826952526799387 0.0673828125 0.10872894333843798
0 0.7109375 0.6493108728943339 0.095703125 0.15313935681470137
0 0.39892578125 0.6301684532924962 0.0615234375 0.10872894333843798
0 0.24169921875 0.8652373660030628 0.1142578125 0.22052067381316998
0 0.80615234375 0.7626339969372129 0.0908203125 0.1439509954058193
0 0.52001953125 0.7488514548238897 0.0849609375 0.15007656967840735
