0 0.18375 0.3522222222222222 0.0725 0.14666666666666667
0 0.0896875 0.205 0.065625 0.11222222222222222
0 0.066875 0.125 0.0625 0.11666666666666667
0 0.1665625 0.18555555555555556 0.060625 0.11555555555555555
0 0.21 0.21666666666666667 0.05625 0.1111111111111111
0 0.2928125 0.21555555555555556 0.048125 0.10444444444444445
0 0.3934375 0.3372222222222222 0.068125 0.15444444444444444
0 0.36 0.2311111111111111 0.05 0.1111111111111111
0 0.44125 0.18222222222222223 0.05 0.10666666666666667
0 0.495 0.22555555555555556 0.05125 0.1111111111111111
0 0.57125 0.35944444444444446 0.0625 0.1388888888888889
0 0.725625 0.3388888888888889 0.0625 0.13555555555555557
0 0.5996875 0.2288888888888889 0.044375 0.10222222222222223
0 0.6603125 0.16944444444444445 0.054375 0.1322222222222222
0 0.761875 0.18666666666666668 0.05125 0.10222222222222223
0 0.875 0.1938888888888889 0.05125 0.10777777777777778
