0 0.3261538461538461 0.33002092050209203 0.08461538461538462 0.13284518828451883
0 0.17961538461538462 0.5517782426778243 0.057692307692307696 0.10355648535564854
0 0.01 0.5726987447698745 0.08 0.13284518828451883
0 0.4034615384615385 0.8185146443514645 0.1453846153846154 0.23744769874476987
0 0.7484615384615385 0.7557531380753139 0.14 0.21652719665271966
0 0.7684615384615384 0.549163179916318 0.1076923076923077 0.14644351464435146
0 0.5446153846153846 0.3117154811715481 0.05384615384615385 0.0794979079497908
0 0.4623076923076923 0.3002092050209205 0.04 0.06903765690376569
0 0.5515384615384615 0.28294979079497906 0.046153846153846156 0.07217573221757322
0 0.6480769230769231 0.3776150627615063 0.05307692307692308 0.09414225941422594
0 0.8042307692307692 0.3091004184100418 0.07307692307692308 0.08682008368200837
0 0.6896153846153846 0.34518828451882844 0.05307692307692308 0.08158995815899582
