0 0.0921875 0.12704309063893016 0.019791666666666666 0.02823179791976226
0 0.13125 0.10921248142644874 0.04583333333333333 0.08172362555720654
0 0.19114583333333332 0.13818722139673106 0.04479166666666667 0.07726597325408618
0 0.12135416666666667 0.2949479940564636 0.06145833333333333 0.1025260029717682
0 0.2265625 0.16344725111441308 0.071875 0.1337295690936107
0 0.190625 0.13818722139673106 0.04375 0.08023774145616643
0 0.3026041666666667 0.25334323922734026 0.04895833333333333 0.07280832095096583
0 0.26614583333333336 0.1515601783060921 0.03854166666666667 0.06835066864784546
0 0.31614583333333335 0.10029717682020803 0.03229166666666667 0.0638930163447251
0 0.37395833333333334 0.2050520059435364 0.0625 0.11589895988112928
0 0.3953125 0.1515601783060921 0.051041666666666666 0.09806835066864784
0 0.4708333333333333 0.11367013372956909 0.09791666666666667 0.1738484398216939
0 0.640625 0.513372956909361 0.08541666666666667 0.1589895988112927
0 0.6041666666666666 0.16047548291233285 0.04791666666666667 0.05943536404160475
0 0.6671875 0.09212481426448738 0.06354166666666666 0.1188707280832095
0 0.7260416666666667 0.1151560178306092 0.04583333333333333 0.0787518573551263
0 0.9333333333333333 0.2362555720653789 0.05 0.07726597325408618
0 0.8197916666666667 0.3313521545319465 0.18125 0.2436849925705795
