0 0.7842307692307692 0.35646687697160884 0.10384615384615385 0.15562565720294427
0 0.9407692307692308 0.4500525762355415 0.07846153846153846 0.1156677181913775
0 0.6723076923076923 0.471608832807571 0.03538461538461538 0.04942166140904311
0 0.5834615384615385 0.3675078864353312 0.036153846153846154 0.05362776025236593
0 0.515 0.3412197686645636 0.03769230769230769 0.05783385909568875
0 0.10692307692307693 0.3669821240799159 0.04153846153846154 0.07150368033648791
0 0.17346153846153847 0.35856992639327023 0.03923076923076923 0.054679284963196635
0 0.26692307692307693 0.36803364879074657 0.04 0.056782334384858045
0 0.32884615384615384 0.37802313354363826 0.03769230769230769 0.0452155625657203
0 0.19346153846153846 0.3811777076761304 0.025384615384615384 0.04311251314405889
0 0.18923076923076923 0.33280757097791797 0.026153846153846153 0.03890641430073607
0 0.14307692307692307 0.3538380651945321 0.009230769230769232 0.015772870662460567
0 0.225 0.37171398527865407 0.006923076923076923 0.011566771819137749
0 0.6280769230769231 0.38485804416403785 0.01 0.012618296529968454
0 0.6319230769230769 0.3743427970557308 0.008461538461538461 0.014721345951629864
0 0.6465384615384615 0.38696109358569925 0.005384615384615384 0.008412197686645636
0 0.681923076923077 0.3890641430073607 0.005384615384615384 0.008412197686645636
0 0.69 0.38170347003154576 0.006153846153846154 0.010515247108307046
0 0.7046153846153846 0.3843322818086225 0.007692307692307693 0.011566771819137749
0 0.7223076923076923 0.39379600420609884 0.006153846153846154 0.00946372239747634
0 0.735 0.4032597266035752 0.006923076923076923 0.00946372239747634
0 0.8588461538461538 0.3664563617245005 0.01 0.015772870662460567
0 0.8992307692307693 0.3675078864353312 0.013846153846153847 0.022082018927444796
0 0.01769230769230769 0.361198738170347 0.03230769230769231 0.04942166140904311
