0 0.3373333333333333 0.7330357142857142 0.013333333333333334 0.019642857142857142
0 0.39066666666666666 0.7370535714285714 0.013333333333333334 0.022321428571428572
0 0.4116666666666667 0.734375 0.014 0.020535714285714286
0 0.43533333333333335 0.7236607142857143 0.010666666666666666 0.016964285714285713
0 0.45366666666666666 0.7383928571428572 0.011333333333333334 0.017857142857142856
0 0.4653333333333333 0.7477678571428571 0.010666666666666666 0.016964285714285713
0 0.4856666666666667 0.7357142857142858 0.012666666666666666 0.019642857142857142
0 0.502 0.7397321428571428 0.012 0.016964285714285713
0 0.5313333333333333 0.728125 0.012 0.01875
0 0.55 0.7285714285714285 0.010666666666666666 0.017857142857142856
0 0.585 0.7272321428571429 0.01 0.013392857142857142
0 0.5793333333333334 0.7321428571428571 0.012 0.01607142857142857
0 0.641 0.7151785714285714 0.012666666666666666 0.019642857142857142
0 0.816 0.7486607142857142 0.010666666666666666 0.01875
0 0.5893333333333334 0.6169642857142857 0.009333333333333334 0.010714285714285714
0 0.5746666666666667 0.6165178571428571 0.008 0.013392857142857142
0 0.102 0.5986607142857143 0.010666666666666666 0.015178571428571428
0 0.25333333333333335 0.596875 0.010666666666666666 0.016964285714285713
0 0.392 0.6120535714285714 0.013333333333333334 0.020535714285714286
0 0.016 0.7276785714285714 0.006666666666666667 0.008928571428571428
0 0.025333333333333333 0.728125 0.005333333333333333 0.009821428571428571
