0 0.15785714285714286 0.354 0.04857142857142857 0.072
0 0.23392857142857143 0.356 0.04928571428571429 0.076
0 0.29178571428571426 0.2815 0.045 0.071
0 0.37107142857142855 0.312 0.045 0.078
0 0.4182142857142857 0.267 0.04214285714285714 0.072
0 0.4660714285714286 0.3095 0.04214285714285714 0.077
0 0.5178571428571429 0.278 0.041428571428571426 0.084
0 0.5503571428571429 0.3295 0.039285714285714285 0.077
0 0.6328571428571429 0.262 0.045714285714285714 0.082
0 0.6639285714285714 0.3125 0.04071428571428572 0.079
0 0.7414285714285714 0.317 0.04 0.066
0 0.8021428571428572 0.3245 0.045714285714285714 0.073
