0 0.9915 0.280359820089955 0.063 0.12893553223388307
0 0.772 0.34332833583208394 0.084 0.12593703148425786
0 0.6475 0.36356821589205396 0.069 0.1424287856071964
0 0.575 0.424287856071964 0.064 0.13793103448275862
0 0.5375 0.315592203898051 0.075 0.15742128935532235
0 0.465 0.3748125937031484 0.074 0.13193403298350825
0 0.276 0.34332833583208394 0.068 0.1409295352323838
0 0.2355 0.40929535232383807 0.073 0.13493253373313344
0 0.0685 0.3770614692653673 0.071 0.1424287856071964
0 -0.0065 0.3575712143928036 0.055 0.1424287856071964
