0 0.810204081632653 0.421195652173913 0.07346938775510205 0.1431159420289855
0 0.5489795918367347 0.41304347826086957 0.07755102040816327 0.18115942028985507
0 0.3173469387755102 0.411231884057971 0.07755102040816327 0.17753623188405798
0 0.925 0.1585144927536232 0.05612244897959184 0.11413043478260869
0 0.8035714285714286 0.0806159420289855 0.06428571428571428 0.1431159420289855
0 0.7331632653061224 0.14130434782608695 0.06428571428571428 0.13768115942028986
0 0.08877551020408163 0.11503623188405797 0.06326530612244897 0.15760869565217392
0 0.3198979591836735 0.05615942028985507 0.07857142857142857 0.13043478260869565
0 0.5316326530612245 0.08876811594202899 0.06938775510204082 0.15942028985507245
0 0.6107142857142858 0.06159420289855073 0.0663265306122449 0.15579710144927536
0 0.2673469387755102 0.006340579710144928 0.0653061224489796 0.11413043478260869
