0 0.05625 0.26222222222222225 0.04791666666666667 0.10666666666666667
0 0.18645833333333334 0.41 0.0375 0.1
0 0.2755208333333333 0.33555555555555555 0.03854166666666667 0.10666666666666667
0 0.3515625 0.45444444444444443 0.021875 0.051111111111111114
0 0.403125 0.5222222222222223 0.0125 0.035555555555555556
0 0.4578125 0.44555555555555554 0.026041666666666668 0.051111111111111114
0 0.4817708333333333 0.5622222222222222 0.009375 0.022222222222222223
0 0.5130208333333334 0.5988888888888889 0.015625 0.06444444444444444
0 0.546875 0.5077777777777778 0.014583333333333334 0.03333333333333333
0 0.5911458333333334 0.4266666666666667 0.026041666666666668 0.08444444444444445
0 0.6567708333333333 0.39222222222222225 0.028125 0.07777777777777778
0 0.7213541666666666 0.45 0.03229166666666667 0.06888888888888889
0 0.7630208333333334 0.45444444444444443 0.017708333333333333 0.03777777777777778
0 0.815625 0.4088888888888889 0.035416666666666666 0.07111111111111111
0 0.8953125 0.3988888888888889 0.028125 0.06444444444444444
0 0.9052083333333333 0.35333333333333333 0.03333333333333333 0.08444444444444445
