0 0.10467706013363029 0.42197452229299365 0.031180400890868598 0.054140127388535034
0 0.13864142538975502 0.4068471337579618 0.034521158129175944 0.052547770700636945
0 0.19042316258351893 0.4148089171974522 0.028953229398663696 0.04936305732484077
0 0.205456570155902 0.3869426751592357 0.025612472160356347 0.044585987261146494
0 0.2410913140311804 0.4124203821656051 0.02783964365256125 0.044585987261146494
0 0.2744988864142539 0.39012738853503187 0.021158129175946547 0.03821656050955414
0 0.2811804008908686 0.5342356687898089 0.025612472160356347 0.04936305732484077
0 0.30902004454342985 0.41321656050955413 0.025612472160356347 0.042993630573248405
0 0.3151447661469933 0.3861464968152866 0.026726057906458798 0.042993630573248405
0 0.36525612472160357 0.3964968152866242 0.024498886414253896 0.041401273885350316
0 0.3730512249443207 0.5414012738853503 0.026726057906458798 0.050955414012738856
0 0.4348552338530067 0.5238853503184714 0.025612472160356347 0.050955414012738856
0 0.49610244988864144 0.5326433121019108 0.025612472160356347 0.04936305732484077
0 0.39198218262806234 0.39490445859872614 0.022271714922048998 0.03821656050955414
0 0.4136971046770601 0.3885350318471338 0.02338530066815145 0.03821656050955414
0 0.43875278396436523 0.39729299363057324 0.0200445434298441 0.03980891719745223
0 0.46325167037861914 0.40445859872611467 0.024498886414253896 0.03821656050955414
0 0.5100222717149221 0.39729299363057324 0.0200445434298441 0.03343949044585987
0 0.5228285077951003 0.410828025477707 0.02338530066815145 0.041401273885350316
0 0.5734966592427617 0.4012738853503185 0.022271714922048998 0.041401273885350316
0 0.5551224944320713 0.38455414012738853 0.02338530066815145 0.03980891719745223
0 0.6536748329621381 0.3821656050955414 0.024498886414253896 0.041401273885350316
0 0.5517817371937639 0.5103503184713376 0.030066815144766147 0.05573248407643312
0 0.5785077951002228 0.5031847133757962 0.02338530066815145 0.044585987261146494
0 0.6314031180400891 0.518312101910828 0.028953229398663696 0.052547770700636945
0 0.6759465478841871 0.5151273885350318 0.026726057906458798 0.042993630573248405
0 0.700445434298441 0.3980891719745223 0.024498886414253896 0.03821656050955414
0 0.7405345211581291 0.40445859872611467 0.024498886414253896 0.041401273885350316
0 0.772271714922049 0.5222929936305732 0.02783964365256125 0.050955414012738856
0 0.8106904231625836 0.41162420382165604 0.028953229398663696 0.04617834394904458
0 0.8513363028953229 0.41162420382165604 0.02783964365256125 0.042993630573248405
