0 0.2613333333333333 0.7166666666666667 0.02666666666666667 0.03725490196078431
0 0.3293333333333333 0.7088235294117647 0.016 0.025490196078431372
0 0.2773333333333333 0.6019607843137255 0.008 0.011764705882352941
0 0.19133333333333333 0.5166666666666667 0.006666666666666667 0.00980392156862745
0 0.176 0.47058823529411764 0.005333333333333333 0.00784313725490196
0 0.41533333333333333 0.7245098039215686 0.02266666666666667 0.041176470588235294
0 0.36333333333333334 0.7264705882352941 0.017333333333333333 0.029411764705882353
0 0.37733333333333335 0.7235294117647059 0.021333333333333333 0.03529411764705882
0 0.49066666666666664 0.7107843137254902 0.010666666666666666 0.01764705882352941
0 0.43866666666666665 0.703921568627451 0.013333333333333334 0.0196078431372549
0 0.5706666666666667 0.7088235294117647 0.013333333333333334 0.021568627450980392
0 0.622 0.7088235294117647 0.009333333333333334 0.013725490196078431
0 0.45866666666666667 0.6078431372549019 0.034666666666666665 0.06666666666666667
0 0.3526666666666667 0.6656862745098039 0.009333333333333334 0.01764705882352941
0 0.6513333333333333 0.6794117647058824 0.009333333333333334 0.013725490196078431
0 0.6786666666666666 0.7068627450980393 0.010666666666666666 0.01764705882352941
0 0.6893333333333334 0.7245098039215686 0.010666666666666666 0.01764705882352941
0 0.712 0.7215686274509804 0.010666666666666666 0.01568627450980392
0 0.7646666666666667 0.7166666666666667 0.006666666666666667 0.013725490196078431
0 0.782 0.7156862745098039 0.012 0.0196078431372549
0 0.7686666666666667 0.7843137254901961 0.012 0.0196078431372549
0 0.8226666666666667 0.7313725490196078 0.018666666666666668 0.027450980392156862
0 0.8366666666666667 0.7441176470588236 0.017333333333333333 0.03333333333333333
0 0.856 0.7941176470588235 0.013333333333333334 0.0196078431372549
0 0.8693333333333333 0.8607843137254902 0.034666666666666665 0.08627450980392157
0 0.982 0.7215686274509804 0.017333333333333333 0.03529411764705882
0 0.5046666666666667 0.47941176470588237 0.004 0.0058823529411764705
0 0.4826666666666667 0.4676470588235294 0.005333333333333333 0.0058823529411764705
0 0.24933333333333332 0.4980392156862745 0.005333333333333333 0.00784313725490196
0 0.884 0.7156862745098039 0.010666666666666666 0.01568627450980392
