0 -9.645061728395061e-05 0.7034143518518519 0.01871141975308642 0.03298611111111111
0 0.04456018518518518 0.7013888888888888 0.01890432098765432 0.03530092592592592
0 0.07532793209876543 0.8538773148148148 0.030671296296296297 0.052083333333333336
0 0.1339699074074074 0.8451967592592593 0.030285493827160493 0.05324074074074074
0 0.1909722222222222 0.7000868055555556 0.08217592592592593 0.11313657407407407
0 0.22800925925925927 0.7994791666666666 0.021604938271604937 0.03935185185185185
0 0.3197337962962963 0.7599826388888888 0.013310185185185185 0.0234375
0 0.3273533950617284 0.7650462962962963 0.017361111111111112 0.02546296296296296
0 0.3716242283950617 0.7638888888888888 0.015625 0.027777777777777776
0 0.42650462962962965 0.7175925925925926 0.014660493827160493 0.029513888888888888
0 0.41194058641975306 0.8534432870370371 0.03414351851851852 0.059895833333333336
0 0.4851466049382716 0.6980613425925926 0.01890432098765432 0.03501157407407408
0 0.5158179012345679 0.6776620370370371 0.019290123456790122 0.03761574074074074
0 0.5386766975308642 0.7016782407407407 0.019097222222222224 0.03993055555555555
0 0.6065779320987654 0.6682581018518519 0.01871141975308642 0.0390625
0 0.6582754629629629 0.3107638888888889 0.04764660493827161 0.08854166666666667
0 0.7407407407407407 0.6903935185185185 0.031635802469135804 0.052083333333333336
0 0.8044945987654321 0.6950231481481481 0.02488425925925926 0.04861111111111111
0 0.8153935185185185 0.6666666666666666 0.032407407407407406 0.04513888888888889
0 0.8957368827160493 0.6355613425925926 0.042631172839506175 0.07667824074074074
0 0.9431905864197531 0.6741898148148148 0.025655864197530864 0.03877314814814815
0 1.0008680555555556 0.6694155092592593 0.01678240740740741 0.028645833333333332
0 0.9579475308641975 0.7731481481481481 0.014660493827160493 0.027199074074074073
0 0.02613811728395062 0.8122106481481481 0.024498456790123458 0.036458333333333336
