0 0.01025390625 0.634180790960452 0.0244140625 0.0423728813559322
0 0.06005859375 0.6892655367231638 0.0322265625 0.0480225988700565
0 0.20654296875 0.6666666666666666 0.0283203125 0.05084745762711865
0 0.26953125 0.6475988700564972 0.0234375 0.04943502824858757
0 0.31396484375 0.6475988700564972 0.0263671875 0.052259887005649715
0 0.36962890625 0.6271186440677966 0.0302734375 0.05084745762711865
0 0.4541015625 0.6087570621468926 0.03125 0.05084745762711865
0 0.43017578125 0.6257062146892656 0.0302734375 0.05367231638418079
0 0.56591796875 0.6016949152542372 0.0361328125 0.05649717514124294
0 0.5322265625 0.606638418079096 0.03515625 0.052259887005649715
0 0.71728515625 0.5607344632768362 0.0322265625 0.06779661016949153
0 0.94775390625 0.5692090395480226 0.0302734375 0.05084745762711865
0 0.994140625 0.53954802259887 0.02734375 0.05649717514124294
0 0.8095703125 0.5812146892655368 0.02734375 0.046610169491525424
0 0.86865234375 0.5967514124293786 0.0322265625 0.052259887005649715
0 0.876953125 0.5812146892655368 0.02734375 0.046610169491525424
0 0.71630859375 0.5586158192090396 0.0302734375 0.0692090395480226
0 0.62353515625 0.5812146892655368 0.0283203125 0.04943502824858757
0 0.158203125 0.6073446327683616 0.029296875 0.05084745762711865
0 0.0849609375 0.6207627118644068 0.02734375 0.04943502824858757
0 0.0400390625 0.6271186440677966 0.02734375 0.04519774011299435
0 0.28271484375 0.5840395480225988 0.0263671875 0.043785310734463276
0 0.24267578125 0.596045197740113 0.0283203125 0.0423728813559322
0 0.50048828125 0.5635593220338984 0.0302734375 0.05084745762711865
0 0.47021484375 0.5918079096045198 0.0302734375 0.05367231638418079
0 0.56787109375 0.5642655367231638 0.0263671875 0.046610169491525424
0 0.95751953125 0.5911016949152542 0.0224609375 0.03531073446327684
0 0.86767578125 0.596045197740113 0.0302734375 0.05084745762711865
0 0.65673828125 0.5663841807909604 0.0244140625 0.0423728813559322
0 0.6328125 0.5550847457627118 0.02734375 0.05084745762711865
0 0.56787109375 0.565677966101695 0.0283203125 0.04943502824858757
0 0.4521484375 0.5706214689265536 0.02734375 0.04519774011299435
0 0.41357421875 0.5995762711864406 0.0283203125 0.04943502824858757
0 0.3515625 0.6094632768361582 0.03125 0.04943502824858757
0 0.33740234375 0.6009887005649718 0.0224609375 0.043785310734463276
0 0.30078125 0.5925141242937854 0.021484375 0.038135593220338986
0 0.21044921875 0.6320621468926554 0.0302734375 0.046610169491525424
0 0.11865234375 0.6087570621468926 0.0224609375 0.0423728813559322
