0 0.10964285714285714 0.7502380952380953 0.02857142857142857 0.04523809523809524
0 0.08321428571428571 0.6671428571428571 0.027142857142857142 0.037142857142857144
0 0.11214285714285714 0.6440476190476191 0.025 0.03761904761904762
0 0.15410714285714286 0.6507142857142857 0.0275 0.03857142857142857
0 0.14660714285714285 0.7347619047619047 0.030357142857142857 0.0419047619047619
0 0.21785714285714286 0.6966666666666667 0.027857142857142858 0.04380952380952381
0 0.25125 0.7107142857142857 0.028214285714285713 0.03571428571428571
0 0.27017857142857143 0.7164285714285714 0.031785714285714285 0.03857142857142857
0 0.17625 0.6190476190476191 0.023928571428571428 0.035238095238095235
0 0.21607142857142858 0.6230952380952381 0.02642857142857143 0.03571428571428571
0 0.2282142857142857 0.6002380952380952 0.025 0.03666666666666667
0 0.25214285714285717 0.565952380952381 0.02214285714285714 0.03
0 0.28017857142857144 0.5842857142857143 0.026785714285714284 0.0419047619047619
0 0.3157142857142857 0.6209523809523809 0.02642857142857143 0.039047619047619046
0 0.33732142857142855 0.6819047619047619 0.028214285714285713 0.037142857142857144
0 0.29160714285714284 0.5426190476190477 0.02107142857142857 0.03190476190476191
0 0.3119642857142857 0.5488095238095239 0.02892857142857143 0.04238095238095238
0 0.35732142857142857 0.5135714285714286 0.02107142857142857 0.03190476190476191
0 0.37535714285714283 0.5264285714285715 0.025 0.03666666666666667
0 0.38875 0.6473809523809524 0.026071428571428572 0.03857142857142857
0 0.425 0.6376190476190476 0.02857142857142857 0.04
0 0.395 0.5228571428571429 0.025 0.030476190476190476
0 0.3967857142857143 0.5 0.020714285714285713 0.03142857142857143
0 0.4317857142857143 0.495 0.023571428571428573 0.03857142857142857
0 0.47 0.565 0.027142857142857142 0.041428571428571426
0 0.46910714285714283 0.49142857142857144 0.026785714285714284 0.03619047619047619
0 0.4789285714285714 0.45666666666666667 0.025714285714285714 0.03619047619047619
0 0.5055357142857143 0.43142857142857144 0.023214285714285715 0.03619047619047619
0 0.5473214285714286 0.44857142857142857 0.0225 0.03428571428571429
0 0.5416071428571428 0.41023809523809524 0.023214285714285715 0.034761904761904765
0 0.5723214285714285 0.3811904761904762 0.021785714285714287 0.03380952380952381
0 0.5951785714285714 0.4607142857142857 0.021785714285714287 0.03666666666666667
0 0.5885714285714285 0.3811904761904762 0.017142857142857144 0.02619047619047619
0 0.5889285714285715 0.3557142857142857 0.017142857142857144 0.024761904761904763
0 0.6107142857142858 0.3585714285714286 0.020714285714285713 0.035238095238095235
0 0.6348214285714285 0.3519047619047619 0.021785714285714287 0.03619047619047619
0 0.6589285714285714 0.3352380952380952 0.023571428571428573 0.03428571428571429
0 0.6926785714285715 0.3385714285714286 0.023214285714285715 0.03619047619047619
0 0.7139285714285715 0.2957142857142857 0.02 0.030476190476190476
0 0.7275 0.2814285714285714 0.024285714285714285 0.03619047619047619
0 0.7394642857142857 0.31547619047619047 0.021785714285714287 0.034761904761904765
0 0.7619642857142858 0.2788095238095238 0.026071428571428572 0.03571428571428571
0 0.7703571428571429 0.24285714285714285 0.02142857142857143 0.030476190476190476
0 0.8064285714285714 0.2619047619047619 0.024285714285714285 0.03619047619047619
0 0.8292857142857143 0.23452380952380952 0.024285714285714285 0.03380952380952381
0 0.82875 0.23285714285714285 0.026071428571428572 0.03428571428571429
0 0.85 0.1961904761904762 0.023571428571428573 0.03238095238095238
0 0.8771428571428571 0.18642857142857142 0.02642857142857143 0.043333333333333335
0 0.9144642857142857 0.16380952380952382 0.026071428571428572 0.04
0 0.8785714285714286 0.25952380952380955 0.025714285714285714 0.039047619047619046
0 0.9458928571428571 0.2752380952380952 0.025357142857142856 0.03619047619047619
0 0.9689285714285715 0.3357142857142857 0.05142857142857143 0.07142857142857142
0 0.8830357142857143 0.3188095238095238 0.02892857142857143 0.043333333333333335
0 0.8469642857142857 0.3283333333333333 0.026071428571428572 0.041428571428571426
0 0.8207142857142857 0.36714285714285716 0.039285714285714285 0.047619047619047616
0 0.7733928571428571 0.35119047619047616 0.023214285714285715 0.03761904761904762
0 0.7716071428571428 0.4038095238095238 0.0275 0.039047619047619046
0 0.7223214285714286 0.38642857142857145 0.025357142857142856 0.03761904761904762
0 0.7194642857142857 0.41714285714285715 0.028214285714285713 0.0380952380952381
0 0.7169642857142857 0.44952380952380955 0.026071428571428572 0.0380952380952381
0 0.6841071428571428 0.4245238095238095 0.023928571428571428 0.03666666666666667
0 0.6708928571428572 0.4561904761904762 0.024642857142857143 0.03333333333333333
0 0.6703571428571429 0.4542857142857143 0.025 0.03619047619047619
0 0.6426785714285714 0.4866666666666667 0.026785714285714284 0.039047619047619046
0 0.6135714285714285 0.5102380952380953 0.027142857142857142 0.03761904761904762
0 0.5951785714285714 0.46190476190476193 0.021785714285714287 0.035238095238095235
0 0.5785714285714286 0.5207142857142857 0.025714285714285714 0.03571428571428571
0 0.5260714285714285 0.5392857142857143 0.039285714285714285 0.05952380952380952
0 0.6117857142857143 0.6333333333333333 0.05142857142857143 0.08571428571428572
0 0.9880357142857142 0.15333333333333332 0.008928571428571428 0.010476190476190476
