0 0.135 0.8393333333333334 0.008 0.025333333333333333
0 0.004 0.8266666666666667 0.004 0.005333333333333333
0 0.114 0.8306666666666667 0.004 0.005333333333333333
0 0.102 0.8293333333333334 0.004 0.005333333333333333
0 0.0765 0.8373333333333334 0.007 0.032
0 0.0635 0.8386666666666667 0.017 0.037333333333333336
0 0.1425 0.842 0.011 0.030666666666666665
0 0.1515 0.8273333333333334 0.003 0.004
0 0.3545 0.7906666666666666 0.009 0.013333333333333334
0 0.451 0.7686666666666667 0.012 0.02
0 0.491 0.728 0.018 0.029333333333333333
0 0.5265 0.7806666666666666 0.011 0.017333333333333333
0 0.682 0.768 0.012 0.018666666666666668
0 0.7185 0.7926666666666666 0.009 0.014666666666666666
0 0.781 0.7753333333333333 0.012 0.017333333333333333
0 0.7985 0.7913333333333333 0.009 0.012
0 0.854 0.8033333333333333 0.006 0.009333333333333334
0 0.874 0.804 0.006 0.008
0 0.894 0.78 0.006 0.010666666666666666
0 0.9055 0.784 0.009 0.013333333333333334
0 0.9225 0.786 0.009 0.012
0 0.9365 0.778 0.009 0.012
0 0.9585 0.7773333333333333 0.009 0.013333333333333334
0 0.9715 0.7746666666666666 0.009 0.013333333333333334
0 0.9825 0.782 0.007 0.009333333333333334
