0 0.034915123456790126 0.4027777777777778 0.02507716049382716 0.03909465020576132
0 0.4095293209876543 0.4104938271604938 0.01427469135802469 0.0205761316872428
0 0.43074845679012347 0.42489711934156377 0.011959876543209876 0.01954732510288066
0 0.44753086419753085 0.4331275720164609 0.012345679012345678 0.01646090534979424
0 0.4618055555555556 0.42592592592592593 0.010802469135802469 0.01646090534979424
0 0.48996913580246915 0.4547325102880658 0.014660493827160493 0.02263374485596708
0 0.513695987654321 0.42746913580246915 0.010416666666666666 0.01646090534979424
0 0.5256558641975309 0.4035493827160494 0.015046296296296295 0.016975308641975308
0 0.5480324074074074 0.41280864197530864 0.01273148148148148 0.01800411522633745
0 0.5848765432098766 0.40997942386831276 0.012345679012345678 0.01748971193415638
0 0.6541280864197531 0.39711934156378603 0.01273148148148148 0.018518518518518517
0 0.6842206790123457 0.42772633744855965 0.005015432098765432 0.007716049382716049
0 0.6763117283950617 0.4346707818930041 0.0038580246913580245 0.0051440329218107
0 0.6888503086419753 0.43209876543209874 0.003472222222222222 0.0051440329218107
0 0.7104552469135802 0.43287037037037035 0.005787037037037037 0.007716049382716049
0 0.7191358024691358 0.4346707818930041 0.005401234567901234 0.00720164609053498
0 0.8146219135802469 0.3950617283950617 0.011959876543209876 0.01646090534979424
0 0.8478009259259259 0.3801440329218107 0.010416666666666666 0.015432098765432098
