0 0.33835616438356164 0.45584725536992843 0.057534246575342465 0.0954653937947494
0 0.4315068493150685 0.4797136038186158 0.038356164383561646 0.06205250596658711
0 0.5102739726027398 0.46897374701670647 0.03424657534246575 0.05489260143198091
0 0.5897260273972603 0.4379474940334129 0.031506849315068496 0.050119331742243436
0 0.08904109589041095 0.41408114558472553 0.0958904109589041 0.11217183770883055
0 0.236986301369863 0.42601431980906923 0.043835616438356165 0.08353221957040573
0 0.689041095890411 0.46897374701670647 0.0273972602739726 0.05489260143198091
0 0.6212328767123287 0.42720763723150357 0.026027397260273973 0.05250596658711217
0 0.9 0.4009546539379475 0.01643835616438356 0.02386634844868735
0 0.7636986301369864 0.39856801909307876 0.02054794520547945 0.03341288782816229
0 0.8191780821917808 0.42482100238663484 0.019178082191780823 0.03341288782816229
