0 0.1109375 0.3901098901098901 0.04895833333333333 0.1076923076923077
0 0.23177083333333334 0.37362637362637363 0.04479166666666667 0.1010989010989011
0 0.3302083333333333 0.35934065934065934 0.0375 0.08571428571428572
0 0.42916666666666664 0.3648351648351648 0.03333333333333333 0.09230769230769231
0 0.5098958333333333 0.378021978021978 0.036458333333333336 0.0967032967032967
0 0.5927083333333333 0.38461538461538464 0.0375 0.09230769230769231
0 0.684375 0.378021978021978 0.0375 0.09230769230769231
0 0.7786458333333334 0.378021978021978 0.042708333333333334 0.0967032967032967
0 0.9125 0.4087912087912088 0.04791666666666667 0.11428571428571428
0 0.8953125 0.2175824175824176 0.04895833333333333 0.08791208791208792
0 0.7802083333333333 0.23186813186813188 0.03958333333333333 0.09010989010989011
0 0.7177083333333333 0.25164835164835164 0.03333333333333333 0.08131868131868132
0 0.6557291666666667 0.24395604395604395 0.03229166666666667 0.08351648351648351
0 0.6036458333333333 0.26373626373626374 0.034375 0.08351648351648351
0 0.5515625 0.23076923076923078 0.028125 0.07912087912087912
0 0.5067708333333333 0.2681318681318681 0.028125 0.07472527472527472
0 0.45208333333333334 0.2549450549450549 0.029166666666666667 0.07912087912087912
0 0.48541666666666666 0.2043956043956044 0.029166666666666667 0.07032967032967033
0 0.41354166666666664 0.2230769230769231 0.027083333333333334 0.07692307692307693
0 0.38958333333333334 0.2802197802197802 0.029166666666666667 0.08131868131868132
0 0.3453125 0.23186813186813188 0.028125 0.07692307692307693
0 0.3 0.26593406593406593 0.03125 0.08351648351648351
0 0.2234375 0.23186813186813188 0.034375 0.08131868131868132
0 0.134375 0.21208791208791208 0.041666666666666664 0.09010989010989011
