0 0.1403678606001936 0.34107402031930334 0.09293320425943853 0.17706821480406387
0 0.2371732817037754 0.31059506531204645 0.0755082284607938 0.11611030478955008
0 0.45837366892545983 0.3062409288824383 0.07260406582768635 0.12481857764876633
0 0.6718296224588577 0.27358490566037735 0.09293320425943853 0.17851959361393324
0 0.9036786060019361 0.3432510885341074 0.1442400774443369 0.22496371552975328
0 0.0866408518877057 0.31059506531204645 0.057115198451113264 0.11320754716981132
0 0.006776379477250726 0.3033381712626996 0.061955469506292354 0.12481857764876633
0 0.27299128751210067 0.34615384615384615 0.046466602129719266 0.10014513788098693
0 0.5847047434656341 0.3599419448476052 0.05421103581800581 0.10449927431059507
0 0.8092933204259438 0.34107402031930334 0.02516940948693127 0.040638606676342524
