0 0.6890874882408279 0.5215395480225988 0.034807149576669805 0.05155367231638418
0 0.6324082784571966 0.5130649717514124 0.03527751646284102 0.06426553672316385
0 0.5679680150517403 0.5222457627118644 0.03057384760112888 0.05861581920903955
0 0.4995296331138288 0.4721045197740113 0.030103480714957668 0.06567796610169492
0 0.44614299153339604 0.5112994350282486 0.029633113828786452 0.05790960451977401
0 0.3817027281279398 0.5074152542372882 0.03151458137347131 0.0614406779661017
0 0.29327375352775165 0.5084745762711864 0.032455315145813735 0.05508474576271186
0 0.33936970837253055 0.4685734463276836 0.032455315145813735 0.05861581920903955
0 0.4132173095014111 0.4689265536723164 0.025870178739416744 0.052259887005649715
0 0.46966133584195674 0.4120762711864407 0.027751646284101598 0.057203389830508475
0 0.5409219190968956 0.4336158192090395 0.02916274694261524 0.052259887005649715
0 0.5928974600188147 0.4269067796610169 0.03057384760112888 0.04731638418079096
0 0.6636876763875823 0.4279661016949153 0.02916274694261524 0.052259887005649715
0 0.7074317968015051 0.4230225988700565 0.028222013170272814 0.052259887005649715
0 0.5538570084666039 0.3848870056497175 0.02398871119473189 0.046610169491525424
0 0.5061147695202258 0.3894774011299435 0.02634054562558796 0.04449152542372881
0 0.4303857008466604 0.3870056497175141 0.027281279397930385 0.05084745762711865
0 0.3845249294449671 0.3866525423728814 0.02398871119473189 0.04731638418079096
0 0.3200846660395108 0.4074858757062147 0.03151458137347131 0.05367231638418079
0 0.3694731890874882 0.4339689265536723 0.029633113828786452 0.05155367231638418
0 0.6269990592662277 0.4668079096045198 0.028222013170272814 0.059322033898305086
