0 0.20561224489795918 0.6837672281776417 0.07857142857142857 0.14548238897396631
0 0.3469387755102041 0.5283307810107197 0.11224489795918367 0.20520673813169985
0 0.45918367346938777 0.6998468606431854 0.10204081632653061 0.1776416539050536
0 0.7168367346938775 0.5168453292496171 0.11122448979591837 0.21286370597243492
0 0.6137755102040816 0.6447166921898928 0.09081632653061225 0.14088820826952528
0 0.8239795918367347 0.46248085758039814 0.10102040816326531 0.17457886676875958
0 0.9178571428571428 0.44180704441041346 0.06020408163265306 0.13016845329249618
0 0.9178571428571428 0.444104134762634 0.05204081632653061 0.1225114854517611
0 0.8377551020408164 0.2434915773353752 0.04285714285714286 0.08269525267993874
0 0.7183673469387755 0.39663093415007655 0.061224489795918366 0.11638591117917305
0 0.6510204081632653 0.3675344563552833 0.05510204081632653 0.12557427258805512
0 0.5790816326530612 0.38667687595712097 0.06836734693877551 0.13935681470137826
0 0.3979591836734694 0.43644716692189894 0.07551020408163266 0.15926493108728942
0 0.46530612244897956 0.41730474732006123 0.05918367346938776 0.12404287901990811
0 0.5096938775510204 0.3001531393568147 0.04795918367346939 0.08575803981623277
0 0.5454081632653062 0.29709035222052066 0.04591836734693878 0.07656967840735068
0 0.39846938775510204 0.30781010719754975 0.058163265306122446 0.1225114854517611
0 0.4474489795918367 0.2228177641653905 0.03979591836734694 0.06584992343032159
0 0.3790816326530612 0.2565084226646248 0.04795918367346939 0.0781010719754977
0 0.29744897959183675 0.35911179173047475 0.05612244897959184 0.10872894333843798
0 0.2556122448979592 0.31546707503828486 0.04591836734693878 0.0888208269525268
0 0.2173469387755102 0.2993874425727412 0.044897959183673466 0.0995405819295559
0 0.09846938775510204 0.2679938744257274 0.05 0.0888208269525268
0 0.10153061224489796 0.31623277182235837 0.04183673469387755 0.06278713629402756
0 0.04795918367346939 0.24578866768759572 0.04285714285714286 0.05972434915773354
0 0.1903061224489796 0.25344563552833077 0.04795918367346939 0.09341500765696784
0 0.0933673469387755 0.24885145482388973 0.05204081632653061 0.08116385911179173
0 0.22704081632653061 0.2029096477794793 0.0336734693877551 0.06278713629402756
0 0.13520408163265307 0.23889739663093415 0.02959183673469388 0.06431852986217458
0 0.30306122448979594 0.2450229709035222 0.04285714285714286 0.07044410413476264
0 0.3377551020408163 0.23889739663093415 0.03877551020408163 0.06738131699846861
