0 0.14246135899679208 0.5719932241671372 0.056284631087780694 0.1445511010728402
0 0.2898804316127151 0.5923207227555054 0.05715952172645086 0.14793901750423488
0 0.4126567512394284 0.6281761716544325 0.055409740449110526 0.14737436476566912
0 0.5227471566054244 0.5988142292490118 0.06036745406824147 0.16544325239977414
0 0.5940507436570429 0.5742518351214003 0.053659959171770195 0.13325804630152457
0 0.7601341498979294 0.5607001693958216 0.056284631087780694 0.13890457368718237
0 0.9114902303878681 0.6253529079616036 0.051618547681539804 0.14624505928853754
0 0.8725575969670458 0.29785431959345005 0.05249343832020997 0.13608130999435347
0 0.7247010790317877 0.3769057029926595 0.04257801108194809 0.11914172783738002
0 0.6695829687955672 0.536420101637493 0.05016039661708953 0.12422360248447205
0 0.4931466899970837 0.3337097684923772 0.055409740449110526 0.1287408243929983
0 0.3990959463400408 0.3447204968944099 0.05336832895888014 0.1281761716544325
0 0.13196267133275008 0.41417278373800115 0.0568678915135608 0.12478825522303783
0 0.05220180810731992 0.2735742518351214 0.051910177894429865 0.14850367024280067
