0 -0.02 0.3703108252947481 0.07846153846153846 0.15755627009646303
0 0.09576923076923077 0.2277599142550911 0.07 0.12111468381564845
0 0.21153846153846154 0.3242229367631297 0.08923076923076922 0.15541264737406216
0 0.30538461538461537 0.2545551982851018 0.07846153846153846 0.1339764201500536
0 0.38576923076923075 0.3853161843515541 0.07769230769230769 0.1189710610932476
0 0.5280769230769231 0.36441586280814575 0.08846153846153847 0.15219721329046088
0 0.5207692307692308 0.2572347266881029 0.07076923076923076 0.1264737406216506
0 0.6453846153846153 0.3729903536977492 0.07076923076923076 0.13504823151125403
0 0.8580769230769231 0.3853161843515541 0.06846153846153846 0.15112540192926044
0 0.6011538461538461 0.2695605573419078 0.022307692307692306 0.04608788853161844
