0 0.057698101837902985 0.40592006033182504 0.05694486291051522 0.0863499245852187
0 0.1327206990057246 0.4040346907993967 0.030430852666465804 0.049396681749622924
0 0.2499246761072612 0.4066742081447964 0.025610123531184092 0.03959276018099547
0 0.304308526664658 0.39441930618401205 0.0433865622175354 0.07315233785822021
0 0.3752636336245857 0.4247737556561086 0.06598373003916842 0.11425339366515837
0 0.41699307020186804 0.4104449472096531 0.01084664055438385 0.01546003016591252
0 0.45284724314552577 0.41082202111613875 0.014462187405845135 0.017722473604826545
0 0.5341970473034047 0.3527526395173454 0.05242542934618861 0.08408748114630468
0 0.5470021090689967 0.37575414781297134 0.04248267550467008 0.06598793363499246
0 0.5879783067188913 0.37801659125188536 0.03404639951792709 0.053167420814479636
0 0.6533594456161494 0.38744343891402716 0.06357336547152757 0.09615384615384616
0 0.6770111479361254 0.35822021116138764 0.029526965953600482 0.04751131221719457
0 0.7541428141006328 0.36142533936651583 0.05001506477854775 0.08257918552036199
0 0.8192226574269358 0.347473604826546 0.03495028623079241 0.05392156862745098
0 0.9177463091292558 0.3114630467571644 0.06869539017776438 0.11010558069381599
