0 0.229375 0.32222222222222224 0.07125 0.12136752136752137
0 0.379375 0.352991452991453 0.02375 0.039316239316239315
0 0.445625 0.3504273504273504 0.06125 0.10598290598290598
0 0.516875 0.3418803418803419 0.03125 0.0547008547008547
0 0.566875 0.3487179487179487 0.03125 0.05811965811965812
0 0.608125 0.35213675213675216 0.03125 0.044444444444444446
0 0.660625 0.32735042735042735 0.03625 0.05982905982905983
0 0.778125 0.3111111111111111 0.04875 0.07179487179487179
0 0.805625 0.31367521367521367 0.03375 0.05982905982905983
0 0.906875 0.34444444444444444 0.03875 0.05982905982905983
0 0.9775 0.3735042735042735 0.0575 0.08376068376068375
0 0.728125 0.3641025641025641 0.00875 0.013675213675213675
0 0.68625 0.38803418803418804 0.03 0.041025641025641026
0 0.551875 0.3435897435897436 0.01875 0.03418803418803419
