0 0.8486328125 0.3717008797653959 0.05078125 0.07771260997067449
0 0.9677734375 0.4252199413489736 0.03515625 0.0469208211143695
0 0.9658203125 0.42595307917888564 0.029296875 0.045454545454545456
0 0.841796875 0.34824046920821117 0.04296875 0.0689149560117302
0 0.67431640625 0.3775659824046921 0.0419921875 0.0718475073313783
0 0.6259765625 0.39882697947214074 0.03125 0.05278592375366569
0 0.56591796875 0.3621700879765396 0.0263671875 0.04105571847507331
0 0.525390625 0.39002932551319647 0.03515625 0.05865102639296188
0 0.44287109375 0.32991202346041054 0.0400390625 0.08797653958944282
0 0.49365234375 0.3614369501466276 0.0341796875 0.054252199413489736
0 0.46142578125 0.3687683284457478 0.0302734375 0.051319648093841645
0 0.359375 0.3812316715542522 0.02734375 0.04105571847507331
0 0.32568359375 0.40175953079178883 0.0185546875 0.02932551319648094
0 0.294921875 0.3944281524926686 0.015625 0.02346041055718475
0 0.28662109375 0.3951612903225806 0.0244140625 0.04252199413489736
0 0.24853515625 0.38343108504398826 0.0322265625 0.051319648093841645
0 0.2060546875 0.3848973607038123 0.029296875 0.04838709677419355
0 0.2177734375 0.3614369501466276 0.02734375 0.051319648093841645
0 0.1708984375 0.3812316715542522 0.015625 0.026392961876832845
0 0.15869140625 0.38343108504398826 0.0126953125 0.021994134897360705
0 0.1064453125 0.36070381231671556 0.02734375 0.04398826979472141
0 0.02587890625 0.375366568914956 0.0185546875 0.03225806451612903
0 0.0 0.3717008797653959 0.0234375 0.04252199413489736
0 0.03466796875 0.3870967741935484 0.0146484375 0.020527859237536656
0 0.30908203125 0.3841642228739003 0.0126953125 0.020527859237536656
0 0.1357421875 0.37976539589442815 0.013671875 0.020527859237536656
0 0.77587890625 0.3812316715542522 0.0322265625 0.05278592375366569
0 0.75439453125 0.3775659824046921 0.0205078125 0.039589442815249266
0 0.75244140625 0.37976539589442815 0.0185546875 0.03225806451612903
0 0.9560546875 0.4046920821114369 0.01953125 0.04398826979472141
0 0.89501953125 0.4406158357771261 0.0380859375 0.0718475073313783
0 0.994140625 0.37023460410557185 0.017578125 0.036656891495601175
0 0.826171875 0.39002932551319647 0.0390625 0.07917888563049853
