0 0.06574478408539544 0.3872010342598578 0.042212518195050945 0.0698125404007757
0 0.14192139737991266 0.3707175177763413 0.039301310043668124 0.06658047834518423
0 0.17903930131004367 0.35649644473173886 0.006792819019893256 0.009696186166774402
0 0.20475497331392528 0.354557207498384 0.0077632217370208634 0.009696186166774402
0 0.24090247452692867 0.3474466709760827 0.061620572537603106 0.08726567550096961
0 0.2802037845705968 0.34421460892049127 0.06453178068898593 0.0989010989010989
0 0.32168850072780203 0.33096315449256625 0.044638524987869965 0.07498383968972204
0 0.39810771470160117 0.345830639948287 0.04997573993207181 0.08532643826761474
0 0.4885977680737506 0.40271493212669685 0.06404657933042213 0.09049773755656108
0 0.48447355652595825 0.3539107950872657 0.048034934497816595 0.07821590174531351
0 0.5254730713245997 0.4266321913380737 0.05240174672489083 0.0788623141564318
0 0.5499757399320718 0.3555268261150614 0.043182920912178555 0.060762766645119586
0 0.5788452207666182 0.36942469295410474 0.045608927704997575 0.07563025210084033
0 0.6751576904415333 0.38235294117647056 0.025715672003881612 0.0394311570782159
0 0.6911693352741388 0.33775048480930836 0.06453178068898593 0.10536522301228184
