0 0.1365625 0.5269938650306748 0.025625 0.05521472392638037
0 0.20875 0.5104294478527608 0.0225 0.051533742331288344
0 0.236875 0.4938650306748466 0.025 0.05766871165644172
0 0.3021875 0.48957055214723927 0.021875 0.053987730061349694
0 0.2896875 0.5147239263803681 0.018125 0.03803680981595092
0 0.3190625 0.498159509202454 0.016875 0.044171779141104296
0 0.3496875 0.49447852760736194 0.016875 0.044171779141104296
0 0.3725 0.5159509202453988 0.01625 0.04294478527607362
0 0.37 0.560122699386503 0.01625 0.04294478527607362
0 0.435625 0.5122699386503068 0.02 0.05030674846625767
0 0.4571875 0.5177914110429448 0.025625 0.05644171779141104
0 0.4909375 0.5085889570552147 0.020625 0.05030674846625767
0 0.524375 0.5147239263803681 0.025 0.05276073619631902
0 0.5421875 0.47914110429447854 0.016875 0.04049079754601227
0 0.5796875 0.4920245398773006 0.021875 0.049079754601226995
0 0.5796875 0.48895705521472393 0.020625 0.05521472392638037
0 0.610625 0.5012269938650307 0.0225 0.05521472392638037
0 0.6446875 0.5245398773006135 0.024375 0.06257668711656442
0 0.701875 0.49754601226993866 0.02125 0.05030674846625767
0 0.7359375 0.5435582822085889 0.023125 0.049079754601226995
0 0.7840625 0.5343558282208589 0.028125 0.05276073619631902
0 0.856875 0.5319018404907976 0.0225 0.05276073619631902
