0 0.26015625 0.5880281690140845 0.0234375 0.04460093896713615
0 0.34140625 0.6103286384976526 0.0234375 0.03755868544600939
0 0.3484375 0.5434272300469484 0.0125 0.01643192488262911
0 0.3859375 0.5481220657276995 0.01875 0.03051643192488263
0 0.37421875 0.5974178403755869 0.0234375 0.04929577464788732
0 0.37890625 0.5762910798122066 0.0203125 0.035211267605633804
0 0.421875 0.5598591549295775 0.015625 0.025821596244131457
0 0.465625 0.545774647887324 0.01875 0.035211267605633804
0 0.465625 0.5434272300469484 0.01875 0.035211267605633804
0 0.48671875 0.5328638497652582 0.0203125 0.03755868544600939
0 0.5984375 0.5211267605633803 0.0125 0.018779342723004695
0 0.4953125 0.6185446009389671 0.025 0.04460093896713615
0 0.5046875 0.6208920187793427 0.028125 0.04929577464788732
0 0.60234375 0.6173708920187794 0.0296875 0.051643192488262914
0 0.66640625 0.5469483568075117 0.0140625 0.023474178403755867
0 0.5265625 0.5563380281690141 0.015625 0.03286384976525822
0 0.5328125 0.5481220657276995 0.015625 0.03051643192488263
0 0.83828125 0.6267605633802817 0.0171875 0.03286384976525822
0 0.87890625 0.607981220657277 0.0234375 0.03755868544600939
