0 0.2996153846153846 0.550839552238806 0.09 0.14085820895522388
0 0.4553846153846154 0.47947761194029853 0.038461538461538464 0.05223880597014925
0 0.5015384615384615 0.49720149253731344 0.043076923076923075 0.06902985074626866
0 0.7692307692307693 0.44822761194029853 0.046153846153846156 0.07182835820895522
0 0.7588461538461538 0.46921641791044777 0.023846153846153847 0.033582089552238806
0 0.8907692307692308 0.4435634328358209 0.024615384615384615 0.04011194029850746
0 0.8653846153846154 0.4412313432835821 0.023076923076923078 0.029850746268656716
0 0.8465384615384616 0.43423507462686567 0.013076923076923076 0.01958955223880597
0 0.9107692307692308 0.4375 0.007692307692307693 0.009328358208955223
0 0.9457692307692308 0.43283582089552236 0.006923076923076923 0.009328358208955223
0 0.9338461538461539 0.43283582089552236 0.003076923076923077 0.0037313432835820895
0 0.9573076923076923 0.4351679104477612 0.0038461538461538464 0.0046641791044776115
0 0.07576923076923077 0.45802238805970147 0.01 0.013059701492537313
0 0.08384615384615385 0.4528917910447761 0.009230769230769232 0.012126865671641791
0 0.09307692307692307 0.457089552238806 0.009230769230769232 0.011194029850746268
0 0.33615384615384614 0.447294776119403 0.006153846153846154 0.008395522388059701
0 0.3434615384615385 0.4505597014925373 0.006923076923076923 0.009328358208955223
0 0.485 0.4449626865671642 0.0038461538461538464 0.005597014925373134
0 0.5207692307692308 0.4449626865671642 0.004615384615384616 0.005597014925373134
0 0.5276923076923077 0.44776119402985076 0.004615384615384616 0.005597014925373134
0 0.5319230769230769 0.4608208955223881 0.006923076923076923 0.026119402985074626
0 0.551923076923077 0.44029850746268656 0.005384615384615384 0.007462686567164179
