0 0.8665 0.3118440779610195 0.043 0.07196401799100449
0 0.8085 0.3823088455772114 0.037 0.06596701649175413
0 0.742 0.36656671664167917 0.038 0.0704647676161919
0 0.7075 0.3650674662668666 0.035 0.06446776611694154
0 0.724 0.44677661169415295 0.044 0.08095952023988005
0 0.6735 0.3658170914542729 0.037 0.07496251874062969
0 0.64 0.3365817091454273 0.03 0.05547226386806597
0 0.6245 0.547976011994003 0.043 0.0704647676161919
0 0.6185 0.3733133433283358 0.039 0.07496251874062969
0 0.574 0.3575712143928036 0.038 0.0734632683658171
0 0.554 0.37181409295352325 0.036 0.07496251874062969
0 0.5095 0.3305847076461769 0.033 0.06146926536731634
0 0.529 0.5802098950524738 0.056 0.07796101949025487
0 0.446 0.5937031484257871 0.052 0.07496251874062969
0 0.4965 0.38455772113943026 0.033 0.06746626686656672
0 0.405 0.3545727136431784 0.034 0.06446776611694154
0 0.4235 0.356071964017991 0.031 0.05547226386806597
0 0.339 0.37556221889055474 0.03 0.05847076461769116
0 0.3735 0.34332833583208394 0.035 0.050974512743628186
0 0.319 0.5712143928035982 0.038 0.07496251874062969
0 0.239 0.5382308845577212 0.044 0.07196401799100449
0 0.271 0.356071964017991 0.034 0.05847076461769116
0 0.3015 0.31634182908545727 0.025 0.053973013493253376
0 0.248 0.32608695652173914 0.03 0.05247376311844078
0 0.183 0.31334332833583206 0.042 0.07496251874062969
0 0.1515 0.3575712143928036 0.033 0.0704647676161919
