0 0.1473076923076923 0.5989528795811518 0.03 0.050261780104712044
0 0.15692307692307692 0.6513089005235602 0.046153846153846156 0.08167539267015707
0 0.26346153846153847 0.606282722513089 0.02846153846153846 0.04397905759162304
0 0.4288461538461538 0.6219895287958115 0.008461538461538461 0.014659685863874346
0 0.4819230769230769 0.6256544502617801 0.022307692307692306 0.032460732984293195
0 0.5280769230769231 0.624607329842932 0.04384615384615385 0.06387434554973823
0 0.5673076923076923 0.6141361256544503 0.022307692307692306 0.032460732984293195
0 0.6723076923076923 0.6089005235602094 0.04153846153846154 0.05759162303664921
0 0.5919230769230769 0.6298429319371728 0.013076923076923076 0.02198952879581152
0 0.6342307692307693 0.6157068062827226 0.01 0.016753926701570682
0 0.7319230769230769 0.6230366492146597 0.011538461538461539 0.016753926701570682
0 0.7511538461538462 0.618848167539267 0.011538461538461539 0.018848167539267015
0 0.6146153846153846 0.6073298429319371 0.009230769230769232 0.014659685863874346
0 0.5903846153846154 0.6083769633507854 0.008461538461538461 0.012565445026178011
0 0.605 0.6267015706806283 0.008461538461538461 0.013612565445026177
0 0.19576923076923078 0.6214659685863875 0.01 0.01780104712041885
0 0.7192307692307692 0.6303664921465969 0.007692307692307693 0.012565445026178011
