0 0.01875 0.25727272727272726 0.015 0.023636363636363636
0 0.07375 0.2545454545454545 0.015 0.02181818181818182
0 0.198125 0.2918181818181818 0.02625 0.10363636363636364
0 0.21375 0.25181818181818183 0.0225 0.038181818181818185
0 0.265 0.25181818181818183 0.05 0.09272727272727273
0 0.3275 0.26636363636363636 0.025 0.045454545454545456
0 0.484375 0.37727272727272726 0.05375 0.09636363636363636
0 0.45375 0.23454545454545456 0.0225 0.04
0 0.684375 0.21 0.01875 0.03090909090909091
0 0.52 0.3018181818181818 0.0325 0.06181818181818182
0 0.579375 0.24727272727272728 0.03125 0.06545454545454546
0 0.568125 0.21454545454545454 0.02625 0.04727272727272727
0 0.814375 0.2018181818181818 0.02625 0.04363636363636364
0 0.84125 0.18818181818181817 0.005 0.00909090909090909
0 0.855 0.21454545454545454 0.02 0.06181818181818182
0 0.875 0.2509090909090909 0.04 0.06545454545454546
0 0.70625 0.37454545454545457 0.0675 0.12727272727272726
