0 0.21875 0.32615083251714005 0.0325 0.08619000979431929
0 0.267 0.36875612144955927 0.031 0.07345739471106758
0 0.31625 0.37904015670910873 0.0315 0.07639569049951028
0 0.3975 0.33496571988246815 0.033 0.07247796278158668
0 0.414 0.37071498530852104 0.023 0.05582761998041136
0 0.435 0.4152791380999021 0.023 0.05288932419196866
0 0.47925 0.3232125367286974 0.0335 0.08031341821743389
0 0.52 0.311949069539667 0.038 0.0910871694417238
0 0.55975 0.42458374142997063 0.0165 0.04211557296767875
0 0.58575 0.3780607247796278 0.0225 0.07835455435847209
0 0.6365 0.4059745347698335 0.025 0.05386875612144956
0 0.69025 0.3809990205680705 0.0245 0.050930460333006855
0 0.697 0.33839373163565134 0.033 0.07737512242899118
0 0.766 0.3795298726738492 0.029 0.06366307541625857
0 0.78175 0.4240940254652302 0.0165 0.04113614103819784
0 0.595 0.38148873653281096 0.032 0.0871694417238002
