0 -0.025416666666666667 0.361875 0.0525 0.09625
0 0.00125 0.4 0.024166666666666666 0.0475
0 0.01875 0.40875 0.0225 0.045
0 0.10708333333333334 0.39125 0.014166666666666666 0.025
0 0.155 0.404375 0.023333333333333334 0.04125
0 0.22458333333333333 0.365 0.025833333333333333 0.0425
0 0.2520833333333333 0.366875 0.0225 0.03625
0 0.25708333333333333 0.3625 0.014166666666666666 0.025
0 0.3020833333333333 0.3675 0.024166666666666666 0.0375
0 0.32875 0.366875 0.014166666666666666 0.02375
0 0.36333333333333334 0.37625 0.013333333333333334 0.0225
0 0.41125 0.354375 0.0325 0.05375
0 0.4325 0.369375 0.021666666666666667 0.03625
0 0.45166666666666666 0.398125 0.018333333333333333 0.03875
0 0.47791666666666666 0.359375 0.020833333333333332 0.03625
0 0.52875 0.38875 0.0425 0.0775
0 0.56 0.375625 0.02666666666666667 0.05375
0 0.5645833333333333 0.365 0.025833333333333333 0.045
0 0.5995833333333334 0.36875 0.020833333333333332 0.0325
0 0.6525 0.335 0.03 0.05
0 0.6729166666666667 0.373125 0.019166666666666665 0.03375
0 0.7625 0.37125 0.02 0.035
0 0.7920833333333334 0.32875 0.030833333333333334 0.0525
0 0.9295833333333333 0.315625 0.0775 0.12625
0 0.8870833333333333 0.330625 0.04416666666666667 0.07375
0 0.87125 0.365 0.025833333333333333 0.0425
0 0.95125 0.36625 0.019166666666666665 0.03
0 1.0058333333333334 0.35625 0.03 0.0525
0 0.1775 0.70125 0.051666666666666666 0.0825
