0 0.05859375 0.5479166666666667 0.0703125 0.11458333333333333
0 0.162109375 0.5098958333333333 0.06015625 0.09479166666666666
0 0.273828125 0.5177083333333333 0.04140625 0.075
0 0.3140625 0.4864583333333333 0.040625 0.0625
0 0.19609375 0.3609375 0.05 0.08229166666666667
0 0.244140625 0.3734375 0.04296875 0.06770833333333333
0 0.334765625 0.4348958333333333 0.03828125 0.06770833333333333
0 0.350390625 0.3932291666666667 0.03515625 0.057291666666666664
0 0.40859375 0.4114583333333333 0.03125 0.05625
0 0.50859375 0.4390625 0.0328125 0.057291666666666664
0 0.594140625 0.3697916666666667 0.03515625 0.052083333333333336
0 0.662109375 0.41041666666666665 0.03515625 0.05625
0 0.70546875 0.39427083333333335 0.040625 0.06354166666666666
0 0.787890625 0.3828125 0.04921875 0.071875
0 0.72109375 0.4817708333333333 0.04375 0.07604166666666666
0 0.7765625 0.49947916666666664 0.0546875 0.08854166666666667
0 0.840234375 0.4942708333333333 0.06953125 0.109375
