0 0.8866666666666667 0.328 0.06933333333333333 0.128
0 0.968 0.284 0.056 0.12
0 0.79 0.256 0.06 0.12
0 0.7413333333333333 0.318 0.064 0.12
0 0.7006666666666667 0.234 0.06 0.108
0 0.6113333333333333 0.281 0.05466666666666667 0.122
0 0.512 0.359 0.06133333333333333 0.13
0 0.5413333333333333 0.192 0.064 0.108
0 0.4046666666666667 0.336 0.05466666666666667 0.112
0 0.41933333333333334 0.202 0.05733333333333333 0.096
0 0.312 0.273 0.05333333333333334 0.098
0 0.24933333333333332 0.314 0.050666666666666665 0.112
0 0.16533333333333333 0.292 0.058666666666666666 0.104
0 0.04533333333333334 0.302 0.06133333333333333 0.096
