0 0.001153846153846154 0.4503138075313807 0.07 0.1202928870292887
0 0.22423076923076923 0.5418410041841004 0.07 0.1108786610878661
0 0.3269230769230769 0.49686192468619245 0.03076923076923077 0.05230125523012552
0 0.40115384615384614 0.4330543933054393 0.031538461538461536 0.05230125523012552
0 0.03076923076923077 0.48064853556485354 0.012307692307692308 0.02405857740585774
0 0.04807692307692308 0.42207112970711297 0.016153846153846154 0.021966527196652718
0 0.21884615384615386 0.42573221757322177 0.011538461538461539 0.02092050209205021
0 0.23923076923076922 0.448744769874477 0.013846153846153847 0.02092050209205021
0 0.24346153846153845 0.4372384937238494 0.014615384615384615 0.02092050209205021
0 0.25384615384615383 0.4393305439330544 0.012307692307692308 0.01882845188284519
0 0.2684615384615385 0.4435146443514644 0.015384615384615385 0.02301255230125523
0 0.29423076923076924 0.4450836820083682 0.019230769230769232 0.034518828451882845
0 0.3211538461538462 0.44142259414225943 0.011538461538461539 0.02301255230125523
0 0.3342307692307692 0.4320083682008368 0.011538461538461539 0.016736401673640166
0 0.3484615384615385 0.44926778242677823 0.02923076923076923 0.049163179916317995
0 0.4469230769230769 0.4372384937238494 0.009230769230769232 0.012552301255230125
0 0.4646153846153846 0.43357740585774057 0.009230769230769232 0.015690376569037656
0 0.47884615384615387 0.4424686192468619 0.01769230769230769 0.027196652719665274
0 0.5038461538461538 0.45763598326359833 0.010769230769230769 0.01778242677824268
0 0.5126923076923077 0.4440376569037657 0.011538461538461539 0.0198744769874477
0 0.5330769230769231 0.4408995815899582 0.006153846153846154 0.011506276150627616
0 0.5576923076923077 0.4367154811715481 0.007692307692307693 0.011506276150627616
0 0.578076923076923 0.4445606694560669 0.005384615384615384 0.008368200836820083
0 0.5703846153846154 0.47384937238493724 0.014615384615384615 0.05230125523012552
0 0.5946153846153847 0.44822175732217573 0.012307692307692308 0.021966527196652718
0 0.6123076923076923 0.43462343096234307 0.015384615384615385 0.02405857740585774
0 0.6142307692307692 0.446652719665272 0.016153846153846154 0.02301255230125523
0 0.5407692307692308 0.4801255230125523 0.013846153846153847 0.02092050209205021
0 0.6280769230769231 0.5031380753138075 0.008461538461538461 0.012552301255230125
0 0.6553846153846153 0.48430962343096234 0.013846153846153847 0.01882845188284519
0 0.6592307692307692 0.45397489539748953 0.010769230769230769 0.014644351464435146
0 0.6853846153846154 0.4367154811715481 0.015384615384615385 0.02405857740585774
0 0.7180769230769231 0.4602510460251046 0.011538461538461539 0.01882845188284519
0 0.7334615384615385 0.46234309623430964 0.02846153846153846 0.04184100418410042
0 0.7676923076923077 0.4916317991631799 0.052307692307692305 0.08158995815899582
0 0.808076923076923 0.4827405857740586 0.05307692307692308 0.08472803347280335
0 0.8292307692307692 0.4194560669456067 0.023076923076923078 0.04184100418410042
0 0.8473076923076923 0.4361924686192469 0.014615384615384615 0.02301255230125523
0 0.9126923076923077 0.4330543933054393 0.026923076923076925 0.04184100418410042
0 0.9373076923076923 0.4764644351464435 0.05307692307692308 0.09100418410041841
0 0.9819230769230769 0.49110878661087864 0.01769230769230769 0.030334728033472803
