0 0.2513157894736842 0.23684210526315788 0.06578947368421052 0.10526315789473684
0 0.41885964912280704 0.15460526315789475 0.07631578947368421 0.125
0 0.531140350877193 0.22302631578947368 0.039473684210526314 0.07236842105263158
0 0.6083333333333333 0.1625 0.034210526315789476 0.056578947368421055
0 0.9973684210526316 0.13486842105263158 0.010526315789473684 0.02236842105263158
0 0.9820175438596491 0.13157894736842105 0.016666666666666666 0.02894736842105263
0 0.9526315789473684 0.12960526315789472 0.015789473684210527 0.03289473684210526
0 0.9342105263157895 0.14342105263157895 0.028070175438596492 0.05
0 0.8964912280701754 0.13815789473684212 0.02456140350877193 0.04736842105263158
0 0.8359649122807018 0.12697368421052632 0.02456140350877193 0.05131578947368421
0 0.8587719298245614 0.1493421052631579 0.04912280701754386 0.08026315789473684
0 0.718421052631579 0.12302631578947368 0.042105263157894736 0.08289473684210526
