0 0.029192546583850933 0.439 0.03602484472049689 0.042
0 0.08571428571428572 0.506 0.034782608695652174 0.06
0 0.14658385093167703 0.499 0.034782608695652174 0.062
0 0.18881987577639753 0.524 0.03229813664596273 0.052
0 0.25527950310559006 0.537 0.031055900621118012 0.062
0 0.2850931677018634 0.523 0.02360248447204969 0.046
0 0.33291925465838507 0.525 0.02236024844720497 0.038
0 0.36024844720496896 0.524 0.02732919254658385 0.056
0 0.3919254658385093 0.516 0.02608695652173913 0.048
0 0.422360248447205 0.495 0.02236024844720497 0.046
0 0.48074534161490684 0.516 0.01987577639751553 0.044
0 0.5198757763975155 0.523 0.031055900621118012 0.054
0 0.5944099378881987 0.518 0.02608695652173913 0.052
0 0.6714285714285714 0.519 0.02608695652173913 0.054
0 0.7366459627329193 0.492 0.037267080745341616 0.064
0 0.6409937888198758 0.534 0.017391304347826087 0.032
0 0.782608695652174 0.529 0.03229813664596273 0.05
0 0.831055900621118 0.544 0.017391304347826087 0.032
0 0.8695652173913043 0.53 0.0422360248447205 0.064
0 0.937888198757764 0.532 0.02981366459627329 0.076
0 0.9950310559006211 0.544 0.01987577639751553 0.032
0 0.05341614906832298 0.444 0.02981366459627329 0.052
0 0.12111801242236025 0.498 0.031055900621118012 0.052
0 0.2329192546583851 0.523 0.02360248447204969 0.046
0 0.25900621118012424 0.522 0.02608695652173913 0.052
0 0.4254658385093168 0.523 0.013664596273291925 0.03
0 0.5571428571428572 0.53 0.018633540372670808 0.032
0 0.8136645962732919 0.528 0.017391304347826087 0.036
