0 0.09333333333333334 0.13625 0.065 0.1225
0 0.27375 0.12125 0.060833333333333336 0.1175
0 0.36083333333333334 0.1575 0.05333333333333334 0.1075
0 0.48875 0.171875 0.04583333333333333 0.09625
0 0.5741666666666667 0.173125 0.04833333333333333 0.09875
0 0.6508333333333334 0.15 0.05333333333333334 0.0975
0 0.7333333333333333 0.189375 0.05333333333333334 0.10375
0 0.8941666666666667 0.2325 0.06 0.12
0 0.4525 0.363125 0.06166666666666667 0.11625
0 0.5579166666666666 0.396875 0.059166666666666666 0.10875
0 0.7420833333333333 0.385 0.0725 0.1425
