0 0.27875 0.13919821826280623 0.055 0.11804008908685969
0 0.409375 0.11692650334075724 0.04375 0.09131403118040089
0 0.463125 0.1514476614699332 0.05375 0.1291759465478842
0 0.525625 0.16481069042316257 0.03875 0.09799554565701558
0 0.63625 0.18819599109131402 0.04 0.08685968819599109
0 0.639375 0.2505567928730512 0.04125 0.10467706013363029
0 0.728125 0.2750556792873051 0.05375 0.0957683741648107
0 0.82625 0.4220489977728285 0.0575 0.10022271714922049
0 0.663125 0.40757238307349664 0.06375 0.09799554565701558
0 0.645 0.47438752783964366 0.06 0.111358574610245
0 0.601875 0.5367483296213809 0.05125 0.12472160356347439
0 0.551875 0.6291759465478842 0.06875 0.12694877505567928
0 0.38625 0.37973273942093544 0.065 0.12249443207126949
0 0.30125 0.3184855233853007 0.065 0.12026726057906459
0 0.180625 0.27728285077951004 0.06375 0.13140311804008908
