0 0.9453024453024453 0.7700228832951945 0.006435006435006435 0.011441647597254004
0 0.9073359073359073 0.7757437070938215 0.007722007722007722 0.013729977116704805
0 0.8642213642213642 0.7688787185354691 0.009009009009009009 0.013729977116704805
0 0.8474903474903475 0.7745995423340961 0.006435006435006435 0.011441647597254004
0 0.823037323037323 0.7963386727688787 0.009009009009009009 0.018306636155606407
0 0.7767052767052767 0.782608695652174 0.009009009009009009 0.018306636155606407
0 0.7117117117117117 0.8020594965675057 0.010296010296010296 0.020594965675057208
0 0.6898326898326899 0.7894736842105263 0.010296010296010296 0.018306636155606407
0 0.49871299871299873 0.7929061784897025 0.009009009009009009 0.020594965675057208
0 0.4472329472329472 0.799771167048055 0.009009009009009009 0.016018306636155607
0 0.2696267696267696 0.8215102974828375 0.014157014157014158 0.02288329519450801
0 0.2335907335907336 0.8272311212814645 0.014157014157014158 0.029748283752860413
0 0.19369369369369369 0.8215102974828375 0.014157014157014158 0.02745995423340961
0 0.17696267696267695 0.8146453089244852 0.011583011583011582 0.02288329519450801
0 0.13063063063063063 0.8146453089244852 0.014157014157014158 0.02745995423340961
0 0.06756756756756757 0.8020594965675057 0.01673101673101673 0.029748283752860413
0 0.05791505791505792 0.8375286041189931 0.03861003861003861 0.32494279176201374
0 0.2644787644787645 0.8157894736842105 0.011583011583011582 0.02517162471395881
0 0.6846846846846847 0.7711670480549199 0.007722007722007722 0.013729977116704805
