0 0.08385416666666666 0.3381720430107527 0.042708333333333334 0.1043010752688172
0 0.18932291666666667 0.4 0.050520833333333334 0.11827956989247312
0 0.27005208333333336 0.44731182795698926 0.0359375 0.09032258064516129
0 0.33255208333333336 0.41451612903225804 0.0421875 0.1086021505376344
0 0.4518229166666667 0.42795698924731185 0.0390625 0.0989247311827957
0 0.5325520833333334 0.4129032258064516 0.03802083333333333 0.1010752688172043
0 0.6294270833333333 0.43655913978494626 0.0359375 0.09462365591397849
0 0.79609375 0.4043010752688172 0.0390625 0.0989247311827957
0 0.921875 0.4446236559139785 0.0375 0.0913978494623656
0 0.8494791666666667 0.493010752688172 0.042708333333333334 0.110752688172043
0 0.7640625 0.45161290322580644 0.041666666666666664 0.1053763440860215
0 0.6911458333333333 0.4489247311827957 0.04583333333333333 0.11290322580645161
0 0.5950520833333334 0.4397849462365591 0.044270833333333336 0.1053763440860215
0 0.5096354166666667 0.4774193548387097 0.0359375 0.11612903225806452
0 0.42083333333333334 0.45161290322580644 0.04479166666666667 0.12043010752688173
0 0.3020833333333333 0.4838709677419355 0.040625 0.11612903225806452
0 0.22109375 0.4720430107526882 0.04010416666666667 0.10967741935483871
0 0.1265625 0.4806451612903226 0.040625 0.12688172043010754
0 0.48854166666666665 0.7591397849462366 0.04791666666666667 0.12903225806451613
0 0.5934895833333333 0.7569892473118279 0.044270833333333336 0.11182795698924732
0 0.7447916666666666 0.7591397849462366 0.051041666666666666 0.13548387096774195
