0 0.006538461538461538 0.5862068965517241 0.013076923076923076 0.0794148380355277
0 0.13538461538461538 0.5768025078369906 0.015384615384615385 0.06478578892371996
0 0.1696153846153846 0.5438871473354232 0.008461538461538461 0.011494252873563218
0 0.18461538461538463 0.5559038662486938 0.009230769230769232 0.014629049111807733
0 0.1930769230769231 0.5595611285266457 0.006153846153846154 0.009404388714733543
0 0.22192307692307692 0.5564263322884012 0.008461538461538461 0.013584117032392894
0 0.2873076923076923 0.5626959247648903 0.008461538461538461 0.011494252873563218
0 0.2873076923076923 0.5397074190177639 0.006923076923076923 0.009404388714733543
0 0.3426923076923077 0.5402298850574713 0.01769230769230769 0.027168234064785787
0 0.3880769230769231 0.5109717868338558 0.01 0.01671891327063741
0 0.46076923076923076 0.5130616509926855 0.015384615384615385 0.02089864158829676
0 0.475 0.48693834900731453 0.01 0.014629049111807733
0 0.4542307692307692 0.522466039707419 0.01769230769230769 0.029258098223615466
0 0.4826923076923077 0.5219435736677116 0.019230769230769232 0.03239289446185998
0 0.5411538461538462 0.5062695924764891 0.01769230769230769 0.03239289446185998
0 0.5919230769230769 0.5229885057471264 0.01769230769230769 0.02821316614420063
