0 0.04036964980544747 0.7516411378555798 0.020428015564202335 0.03574033552151714
0 0.061770428015564205 0.7669584245076586 0.021400778210116732 0.043034281546316555
0 0.06809338521400778 0.8373450036469731 0.023346303501945526 0.040846097738876735
0 0.08657587548638132 0.8114514952589351 0.019455252918287938 0.04011670313639679
0 0.08827821011673152 0.7396061269146609 0.02188715953307393 0.03938730853391685
0 0.13156614785992218 0.7155361050328227 0.01799610894941634 0.03355215171407731
0 0.37962062256809337 0.6852662290299052 0.019941634241245135 0.04011670313639679
0 0.4049124513618677 0.7392414296134209 0.02188715953307393 0.04157549234135667
0 0.43239299610894943 0.6911013858497447 0.020428015564202335 0.03574033552151714
0 0.4968385214007782 0.6779722830051058 0.02188715953307393 0.045951859956236324
0 0.4046692607003891 0.7388767323121809 0.021400778210116732 0.040846097738876735
0 0.3745136186770428 0.8096280087527352 0.021400778210116732 0.0437636761487965
0 0.42120622568093385 0.8056163384390955 0.027237354085603113 0.04741064916119621
0 0.4401750972762646 0.7800875273522976 0.024319066147859923 0.04157549234135667
0 0.4601167315175097 0.7407002188183808 0.023346303501945526 0.04741064916119621
0 0.5068093385214008 0.7239241429613421 0.02529182879377432 0.04011670313639679
0 0.557636186770428 0.7162654996353027 0.022859922178988325 0.04230488694383661
0 0.5821984435797666 0.711524434719183 0.019455252918287938 0.04011670313639679
0 0.6094357976653697 0.774617067833698 0.023346303501945526 0.04522246535375638
0 0.6376459143968871 0.6907366885485048 0.023346303501945526 0.046681254558716266
0 0.6507782101167315 0.724653537563822 0.024319066147859923 0.04449307075127644
0 0.6750972762645915 0.7578409919766593 0.023346303501945526 0.04230488694383661
0 0.7016050583657587 0.8041575492341356 0.02091439688715953 0.04157549234135667
0 0.7251945525291829 0.7560175054704595 0.023346303501945526 0.043034281546316555
0 0.7458657587548638 0.7024070021881839 0.02480544747081712 0.0437636761487965
0 0.7609435797665369 0.7432530999270606 0.02091439688715953 0.04230488694383661
0 0.8146887159533074 0.6659372720641867 0.02237354085603113 0.0437636761487965
0 0.819795719844358 0.7301239970824216 0.023832684824902722 0.03792851932895697
0 0.8010700389105059 0.7902990517870168 0.021400778210116732 0.037199124726477024
0 0.8370622568093385 0.7479941648431802 0.024319066147859923 0.04741064916119621
0 0.8883754863813229 0.7312180889861415 0.022859922178988325 0.04011670313639679
0 0.9019941634241245 0.7691466083150985 0.023832684824902722 0.04449307075127644
0 0.9499027237354085 0.7859226841721372 0.024319066147859923 0.04741064916119621
0 0.9409046692607004 0.6969365426695843 0.019941634241245135 0.043034281546316555
0 0.958171206225681 0.7086068563092633 0.02529182879377432 0.043034281546316555
0 0.9900291828793775 0.7691466083150985 0.02772373540856031 0.060539752005835154
0 0.21011673151750973 0.6097738876732313 0.03988326848249027 0.06856309263311451
0 0.24197470817120623 0.337709700948213 0.04815175097276265 0.08606856309263311
0 0.3467898832684825 0.38803792851932895 0.061284046692607 0.07293946024799416
