0 0.7240625 0.1275797373358349 0.054375 0.1125703564727955
0 0.6796875 0.199812382739212 0.058125 0.11819887429643527
0 0.618125 0.12570356472795496 0.06125 0.11444652908067542
0 0.5709375 0.17589118198874296 0.059375 0.12101313320825516
0 0.4590625 0.1651031894934334 0.065625 0.12195121951219512
0 0.4796875 0.07363977485928705 0.059375 0.11163227016885553
0 0.484375 0.38649155722326456 0.07625 0.15384615384615385
0 0.33625 0.19418386491557224 0.06375 0.11632270168855535
0 0.369375 0.09427767354596622 0.065 0.12288930581613508
0 0.2340625 0.18386491557223264 0.065625 0.12195121951219512
0 0.2440625 0.11397748592870544 0.060625 0.11350844277673545
