0 0.5265151515151515 0.5107744107744108 0.04191919191919192 0.06936026936026936
0 0.7790404040404041 0.39461279461279464 0.03787878787878788 0.0632996632996633
0 0.7386363636363636 0.3851851851851852 0.03686868686868687 0.057912457912457915
0 0.6702020202020202 0.36734006734006736 0.03333333333333333 0.05589225589225589
0 0.6065656565656565 0.3808080808080808 0.03636363636363636 0.06801346801346801
0 0.5118686868686869 0.38855218855218854 0.03484848484848485 0.06060606060606061
0 0.4398989898989899 0.3939393939393939 0.030303030303030304 0.04983164983164983
0 0.38484848484848483 0.41515151515151516 0.029292929292929294 0.05589225589225589
0 0.36515151515151517 0.3797979797979798 0.03232323232323232 0.057912457912457915
0 0.33005050505050504 0.40875420875420876 0.031818181818181815 0.05925925925925926
0 0.2633838383838384 0.4080808080808081 0.04595959595959596 0.08350168350168351
0 0.29823232323232324 0.40235690235690236 0.03585858585858586 0.059932659932659935
0 0.13484848484848486 0.44074074074074077 0.00404040404040404 0.006060606060606061
0 0.12904040404040404 0.4404040404040404 0.0035353535353535356 0.0053872053872053875
0 0.12297979797979798 0.43973063973063975 0.0035353535353535356 0.0053872053872053875
0 0.05757575757575758 0.43434343434343436 0.007070707070707071 0.009427609427609427
