0 0.02 0.6179564237415477 0.046 0.08940646130728776
0 0.1345 0.5830202854996244 0.045 0.07362885048835462
0 0.08925 0.6179564237415477 0.0435 0.07888805409466566
0 0.17975 0.6010518407212622 0.0355 0.07212622088655146
0 0.08525 0.5875281743050338 0.0315 0.05559729526671676
0 0.26625 0.5672426746806912 0.0495 0.08414725770097671
0 0.2405 0.5916604057099925 0.037 0.06686701728024042
0 0.2185 0.6104432757325319 0.027 0.059353869271224644
0 0.298 0.6033057851239669 0.029 0.054094665664913597
0 0.40325 0.6217129977460556 0.0425 0.07137490608564989
0 0.34825 0.5946656649135988 0.0435 0.07137490608564989
0 0.40275 0.620961682945154 0.0455 0.08039068369646882
0 0.48675 0.5901577761081893 0.0495 0.0743801652892562
0 0.55725 0.6318557475582269 0.0595 0.0811419984973704
0 0.59375 0.6476333583771601 0.0425 0.07513148009015777
0 0.6335 0.6198347107438017 0.037 0.07663410969196092
0 0.6415 0.6104432757325319 0.035 0.0638617580766341
0 0.6945 0.6247182569496619 0.046 0.08489857250187828
0 0.754 0.6498873027798647 0.044 0.07963936889556725
0 0.88375 0.6220886551465064 0.0595 0.11570247933884298
