0 0.0109375 0.5701388888888889 0.0484375 0.09305555555555556
0 0.181640625 0.6458333333333334 0.05859375 0.1
0 0.11171875 0.5354166666666667 0.0453125 0.09305555555555556
0 0.212890625 0.5298611111111111 0.03515625 0.07916666666666666
0 0.290625 0.4965277777777778 0.025 0.05694444444444444
0 0.4046875 0.5805555555555556 0.0484375 0.09722222222222222
0 0.52890625 0.6243055555555556 0.053125 0.10972222222222222
0 0.79296875 0.6861111111111111 0.0640625 0.12222222222222222
0 0.765625 0.6319444444444444 0.0453125 0.08333333333333333
0 0.826171875 0.56875 0.03671875 0.07916666666666666
0 0.9703125 0.40694444444444444 0.0421875 0.06111111111111111
0 0.94609375 0.3840277777777778 0.025 0.04861111111111111
0 0.79609375 0.41458333333333336 0.028125 0.0625
0 0.664453125 0.47152777777777777 0.02578125 0.05138888888888889
0 0.7234375 0.4701388888888889 0.0234375 0.04583333333333333
0 0.766015625 0.40069444444444446 0.02578125 0.04861111111111111
0 0.58515625 0.49166666666666664 0.0265625 0.05
0 0.619921875 0.4701388888888889 0.01796875 0.029166666666666667
0 0.544140625 0.43333333333333335 0.01953125 0.04722222222222222
0 0.509375 0.46111111111111114 0.01875 0.041666666666666664
0 0.46484375 0.4895833333333333 0.028125 0.05416666666666667
0 0.47734375 0.43194444444444446 0.025 0.03888888888888889
0 0.568359375 0.4263888888888889 0.01796875 0.03333333333333333
0 0.43828125 0.44583333333333336 0.021875 0.041666666666666664
0 0.5875 0.4354166666666667 0.0140625 0.029166666666666667
0 0.6109375 0.42777777777777776 0.01875 0.03888888888888889
0 0.66796875 0.40902777777777777 0.021875 0.04861111111111111
0 0.366796875 0.44027777777777777 0.02265625 0.041666666666666664
0 0.3796875 0.38472222222222224 0.0171875 0.03611111111111111
0 0.3421875 0.3861111111111111 0.01875 0.03888888888888889
0 0.29453125 0.4215277777777778 0.021875 0.04861111111111111
0 0.21171875 0.45694444444444443 0.0171875 0.03333333333333333
0 0.226953125 0.4284722222222222 0.01484375 0.029166666666666667
0 0.173046875 0.47708333333333336 0.01953125 0.0375
0 0.12734375 0.4576388888888889 0.0171875 0.04027777777777778
0 0.081640625 0.42430555555555555 0.02265625 0.04027777777777778
0 0.01875 0.41875 0.01875 0.0375
0 0.041796875 0.43194444444444446 0.02109375 0.03611111111111111
0 0.062109375 0.40694444444444444 0.01640625 0.03333333333333333
0 0.053125 0.36736111111111114 0.009375 0.015277777777777777
0 0.033203125 0.3854166666666667 0.00859375 0.020833333333333332
0 0.16640625 0.4076388888888889 0.0171875 0.02361111111111111
0 1.112109375 1.1381944444444445 0.47421875 1.6569444444444446
0 0.828515625 0.4215277777777778 0.02109375 0.0375
