0 0.95263671875 0.4590551181102362 0.1611328125 0.31338582677165355
0 0.48681640625 0.2984251968503937 0.1025390625 0.25984251968503935
0 0.21435546875 0.35196850393700785 0.1220703125 0.2283464566929134
0 0.1787109375 0.12283464566929134 0.083984375 0.1889763779527559
0 0.46533203125 0.0007874015748031496 0.0732421875 0.14330708661417324
0 0.62451171875 0.17795275590551182 0.0654296875 0.13228346456692913
0 0.6728515625 0.4653543307086614 0.017578125 0.03622047244094488
0 0.71533203125 0.4448818897637795 0.0146484375 0.026771653543307086
0 0.7412109375 0.4401574803149606 0.013671875 0.029921259842519685
0 0.802734375 0.431496062992126 0.013671875 0.031496062992125984
0 0.86962890625 0.4283464566929134 0.0205078125 0.04409448818897638
