0 0.59 0.6277777777777778 0.04352941176470588 0.06296296296296296
0 0.5470588235294118 0.6453703703703704 0.03529411764705882 0.05740740740740741
0 0.29 0.6592592592592592 0.00823529411764706 0.014814814814814815
0 0.2688235294117647 0.6685185185185185 0.01764705882352941 0.022222222222222223
0 0.25882352941176473 0.6546296296296297 0.009411764705882352 0.016666666666666666
0 0.23941176470588235 0.6657407407407407 0.010588235294117647 0.016666666666666666
0 0.2288235294117647 0.675 0.00823529411764706 0.012962962962962963
0 0.21411764705882352 0.6916666666666667 0.009411764705882352 0.012962962962962963
0 0.21705882352941178 0.675 0.010588235294117647 0.016666666666666666
0 0.2011764705882353 0.7212962962962963 0.01411764705882353 0.07222222222222222
0 0.18764705882352942 0.7416666666666667 0.015294117647058824 0.07222222222222222
0 0.16647058823529412 0.7138888888888889 0.0058823529411764705 0.009259259259259259
0 0.17705882352941177 0.7212962962962963 0.027058823529411764 0.12037037037037036
0 0.13 0.700925925925926 0.00823529411764706 0.012962962962962963
0 0.12764705882352942 0.6601851851851852 0.00823529411764706 0.016666666666666666
0 0.14529411764705882 0.6657407407407407 0.010588235294117647 0.012962962962962963
0 0.10764705882352942 0.674074074074074 0.010588235294117647 0.018518518518518517
0 0.058823529411764705 0.6814814814814815 0.011764705882352941 0.014814814814814815
0 0.025294117647058825 0.6583333333333333 0.010588235294117647 0.016666666666666666
0 0.19411764705882353 0.6592592592592592 0.009411764705882352 0.014814814814814815
0 0.7035294117647058 0.5879629629629629 0.03294117647058824 0.06111111111111111
