0 0.003884180790960452 0.6993006993006993 0.021892655367231638 0.044755244755244755
0 0.052259887005649715 0.6202797202797202 0.014124293785310734 0.02097902097902098
0 0.06426553672316385 0.6433566433566433 0.009887005649717515 0.019580419580419582
0 0.0702683615819209 0.6216783216783217 0.01765536723163842 0.0937062937062937
0 0.08227401129943503 0.6083916083916084 0.013418079096045197 0.019580419580419582
0 0.09180790960451977 0.5664335664335665 0.00847457627118644 0.016783216783216783
0 0.10134180790960452 0.5965034965034965 0.01059322033898305 0.01818181818181818
0 0.13241525423728814 0.6034965034965035 0.013418079096045197 0.02097902097902098
0 0.14230225988700565 0.5797202797202797 0.006355932203389831 0.012587412587412588
0 0.15430790960451976 0.5846153846153846 0.007768361581920904 0.016783216783216783
0 0.17337570621468926 0.5853146853146853 0.007768361581920904 0.015384615384615385
0 0.16137005649717515 0.5692307692307692 0.0049435028248587575 0.011188811188811189
0 0.1786723163841808 0.5671328671328671 0.00423728813559322 0.009790209790209791
0 0.20480225988700565 0.5804195804195804 0.007062146892655367 0.013986013986013986
0 0.20480225988700565 0.5797202797202797 0.007062146892655367 0.012587412587412588
0 0.21257062146892655 0.5818181818181818 0.00847457627118644 0.013986013986013986
0 0.22387005649717515 0.5825174825174825 0.005649717514124294 0.009790209790209791
0 0.2033898305084746 0.5587412587412588 0.005649717514124294 0.012587412587412588
0 0.2199858757062147 0.5762237762237762 0.01059322033898305 0.055944055944055944
0 0.24293785310734464 0.5552447552447553 0.00423728813559322 0.008391608391608392
0 0.2616525423728814 0.5685314685314685 0.0049435028248587575 0.009790209790209791
0 0.2711864406779661 0.5615384615384615 0.005649717514124294 0.012587412587412588
0 0.2959039548022599 0.5622377622377622 0.00423728813559322 0.008391608391608392
0 0.2817796610169492 0.5587412587412588 0.009887005649717515 0.04055944055944056
0 0.3061440677966102 0.5608391608391609 0.0035310734463276836 0.008391608391608392
0 0.3481638418079096 0.5888111888111888 0.005649717514124294 0.011188811188811189
0 0.3372175141242938 0.5545454545454546 0.0035310734463276836 0.006993006993006993
0 0.3425141242937853 0.5552447552447553 0.002824858757062147 0.005594405594405594
0 0.3456920903954802 0.5524475524475524 0.0035310734463276836 0.005594405594405594
0 0.3153248587570621 0.5566433566433566 0.007768361581920904 0.04195804195804196
0 0.3100282485875706 0.5573426573426573 0.007062146892655367 0.03776223776223776
0 0.3403954802259887 0.5398601398601398 0.007062146892655367 0.022377622377622378
0 0.3354519774011299 0.5545454545454546 0.007062146892655367 0.02937062937062937
0 0.356638418079096 0.5300699300699301 0.002824858757062147 0.005594405594405594
0 0.3615819209039548 0.5286713286713287 0.002824858757062147 0.005594405594405594
0 0.3665254237288136 0.5328671328671328 0.002824858757062147 0.005594405594405594
0 0.446680790960452 0.5447552447552447 0.0035310734463276836 0.006993006993006993
0 0.4254943502824859 0.544055944055944 0.0035310734463276836 0.008391608391608392
0 0.4201977401129944 0.5615384615384615 0.009887005649717515 0.043356643356643354
0 0.3753531073446328 0.5587412587412588 0.0035310734463276836 0.006993006993006993
0 0.3894774011299435 0.5566433566433566 0.0035310734463276836 0.011188811188811189
0 0.4004237288135593 0.551048951048951 0.00423728813559322 0.008391608391608392
0 0.4477401129943503 0.6300699300699301 0.011299435028248588 0.023776223776223775
0 0.4343220338983051 0.606993006993007 0.00847457627118644 0.019580419580419582
0 0.4212570621468927 0.5888111888111888 0.0049435028248587575 0.013986013986013986
0 0.4325564971751412 0.5755244755244755 0.0049435028248587575 0.009790209790209791
0 0.4318502824858757 0.5461538461538461 0.007768361581920904 0.032167832167832165
0 0.4389124293785311 0.548951048951049 0.007768361581920904 0.03496503496503497
0 0.4629237288135593 0.5699300699300699 0.0049435028248587575 0.009790209790209791
0 0.4696327683615819 0.5657342657342658 0.00423728813559322 0.009790209790209791
0 0.4901129943502825 0.5650349650349651 0.009887005649717515 0.027972027972027972
0 0.4851694915254237 0.5643356643356643 0.00423728813559322 0.02097902097902098
0 0.5042372881355932 0.551048951048951 0.00423728813559322 0.008391608391608392
0 0.5112994350282486 0.5566433566433566 0.00423728813559322 0.008391608391608392
0 0.5158898305084746 0.5818181818181818 0.006355932203389831 0.016783216783216783
0 0.513771186440678 0.5937062937062937 0.0049435028248587575 0.012587412587412588
0 0.5278954802259888 0.534965034965035 0.00211864406779661 0.004195804195804196
0 0.5338983050847458 0.5321678321678321 0.002824858757062147 0.004195804195804196
0 0.5434322033898306 0.5412587412587413 0.00211864406779661 0.005594405594405594
0 0.5360169491525424 0.5300699300699301 0.002824858757062147 0.005594405594405594
0 0.554731638418079 0.5552447552447553 0.0049435028248587575 0.011188811188811189
0 0.5603813559322034 0.5482517482517483 0.0049435028248587575 0.011188811188811189
0 0.5663841807909604 0.5902097902097903 0.007062146892655367 0.013986013986013986
0 0.577683615819209 0.6174825174825175 0.011299435028248588 0.07972027972027972
0 0.5805084745762712 0.583916083916084 0.005649717514124294 0.012587412587412588
0 0.5783898305084746 0.5972027972027972 0.011299435028248588 0.07272727272727272
0 0.5836864406779662 0.5594405594405595 0.0035310734463276836 0.008391608391608392
0 0.590042372881356 0.5629370629370629 0.0049435028248587575 0.012587412587412588
0 0.5847457627118644 0.6545454545454545 0.009887005649717515 0.03076923076923077
0 0.6271186440677966 0.6244755244755245 0.009887005649717515 0.02097902097902098
0 0.6458333333333334 0.5776223776223777 0.006355932203389831 0.013986013986013986
0 0.6659604519774012 0.6006993006993007 0.007062146892655367 0.01818181818181818
0 0.6977401129943502 0.5832167832167832 0.00847457627118644 0.019580419580419582
0 0.6744350282485876 0.6706293706293707 0.012711864406779662 0.02937062937062937
0 0.7235169491525424 0.5685314685314685 0.006355932203389831 0.012587412587412588
0 0.7305790960451978 0.6006993006993007 0.007768361581920904 0.01818181818181818
0 0.7418785310734464 0.6188811188811189 0.01059322033898305 0.02097902097902098
0 0.7503531073446328 0.5979020979020979 0.006355932203389831 0.012587412587412588
0 0.7708333333333334 0.5545454545454546 0.006355932203389831 0.015384615384615385
0 0.794138418079096 0.5993006993006993 0.009180790960451978 0.015384615384615385
0 0.8054378531073446 0.5846153846153846 0.007768361581920904 0.016783216783216783
0 0.8527542372881356 0.620979020979021 0.014830508474576272 0.027972027972027972
0 0.8294491525423728 0.5916083916083916 0.012005649717514125 0.019580419580419582
0 0.8220338983050848 0.5804195804195804 0.009887005649717515 0.016783216783216783
0 0.8365112994350282 0.5867132867132867 0.009180790960451978 0.01818181818181818
0 0.9445621468926554 0.5307692307692308 0.0049435028248587575 0.009790209790209791
0 0.961864406779661 0.551048951048951 0.015536723163841809 0.05874125874125874
0 0.9110169491525424 0.5307692307692308 0.005649717514124294 0.006993006993006993
0 0.8569915254237288 0.5307692307692308 0.0035310734463276836 0.006993006993006993
0 0.8471045197740112 0.551048951048951 0.007768361581920904 0.039160839160839164
0 0.8393361581920904 0.5335664335664335 0.0035310734463276836 0.006993006993006993
0 0.8329802259887006 0.5370629370629371 0.009180790960451978 0.04195804195804196
0 0.8259180790960452 0.5384615384615384 0.009180790960451978 0.039160839160839164
0 0.7711864406779662 0.5202797202797202 0.002824858757062147 0.005594405594405594
0 0.7609463276836158 0.5195804195804196 0.00211864406779661 0.004195804195804196
0 0.7524717514124294 0.5286713286713287 0.007768361581920904 0.025174825174825177
0 0.7383474576271186 0.5202797202797202 0.00211864406779661 0.005594405594405594
0 0.7323446327683616 0.5258741258741259 0.007062146892655367 0.027972027972027972
0 0.7249293785310734 0.5265734265734265 0.007768361581920904 0.02937062937062937
0 0.5296610169491526 0.5391608391608391 0.00423728813559322 0.026573426573426574
0 0.4212570621468927 0.5741258741258741 0.0049435028248587575 0.012587412587412588
