0 0.98875 0.37910028116213684 0.0325 0.04967197750702906
0 0.8903125 0.36644798500468606 0.041875 0.05998125585754452
0 0.264375 0.39971883786316775 0.0675 0.10028116213683223
0 0.363125 0.2970946579194002 0.02375 0.046860356138706656
0 0.465625 0.331302717900656 0.0175 0.030927835051546393
0 0.5165625 0.32427366447985007 0.016875 0.028116213683223992
0 0.5040625 0.302717900656045 0.019375 0.031865042174320526
0 0.541875 0.3064667291471415 0.01375 0.02436738519212746
0 0.553125 0.3022492970946579 0.01625 0.02717900656044986
0 0.610625 0.31302717900656046 0.015 0.028116213683223992
0 0.6546875 0.3055295220243674 0.018125 0.022492970946579195
0 0.6528125 0.338331771321462 0.021875 0.03561387066541706
0 0.6959375 0.344892221180881 0.024375 0.03561387066541706
0 -0.0075 0.5866916588566073 0.11625 0.4554826616682287
