0 0.90546875 0.6407657657657657 0.0953125 0.1554054054054054
0 0.79140625 0.5371621621621622 0.0890625 0.12837837837837837
0 0.74140625 0.4864864864864865 0.0703125 0.10810810810810811
0 0.54140625 0.46621621621621623 0.1546875 0.25225225225225223
0 -0.0140625 0.8265765765765766 0.075 0.18468468468468469
0 0.1109375 0.6554054054054054 0.125 0.17117117117117117
0 0.2734375 0.536036036036036 0.0875 0.12162162162162163
0 0.3109375 0.4797297297297297 0.06875 0.11261261261261261
0 0.4234375 0.24887387387387389 0.06875 0.11936936936936937
0 0.32109375 0.23873873873873874 0.0484375 0.09009009009009009
0 0.690625 0.21171171171171171 0.059375 0.0945945945945946
0 0.49453125 0.21171171171171171 0.0453125 0.06756756756756757
