0 0.00898325847284606 0.3505359877488515 0.02694977541853818 0.05237366003062787
0 0.05920783993466721 0.3640122511485452 0.028174765210289915 0.04931087289433384
0 0.09207839934667211 0.3641653905053599 0.023683135973866884 0.042879019908116385
0 0.14250714577378523 0.38131699846860645 0.023683135973866884 0.04532924961715161
0 0.17588811759902 0.3695252679938744 0.021028991425071458 0.0333843797856049
0 0.20304205798285013 0.37166921898928024 0.01694569211923234 0.030321592649310874
0 0.23458554512045732 0.3908116385911179 0.01796651694569212 0.03124042879019908
0 0.2563291139240506 0.3977029096477795 0.015720702327480605 0.025421133231240428
0 0.2599020008166599 0.38346094946401227 0.02939975500204165 0.04655436447166922
0 0.2878726010616578 0.37228177641653903 0.015108207431604737 0.03215926493108729
0 0.338097182523479 0.3943338437978561 0.012658227848101266 0.02664624808575804
0 0.34687627603103305 0.39341500765696785 0.015108207431604737 0.026033690658499236
0 0.3457533687219273 0.3931087289433384 0.012862392813393221 0.027258805513016845
0 0.3630053082890976 0.3761102603369066 0.017558187015108206 0.031852986217457885
0 0.40608411596570027 0.3770290964777948 0.016333197223356473 0.033690658499234305
0 0.4134340547162107 0.37289433384379783 0.017149857084524295 0.0333843797856049
0 0.44283380971825237 0.3816232771822358 0.021233156390363415 0.039816232771822356
0 0.4433442221314822 0.38238897396630933 0.01857901184156799 0.03705972434915773
0 0.45998366680277664 0.37166921898928024 0.019191506737443853 0.045022970903522204
0 0.47253981216823193 0.37105666156202144 0.022253981216823194 0.03828483920367534
0 0.49622294814209883 0.3557427258805513 0.022253981216823194 0.03889739663093415
0 0.5411392405063291 0.3335375191424196 0.025112290730910574 0.04839203675344564
0 0.5868721927317272 0.3588055130168453 0.017762351980400163 0.029709035222052066
0 0.5802368313597387 0.348698315467075 0.025724785626786442 0.04931087289433384
0 0.6093303389138424 0.35298621745788666 0.02633728052266231 0.043797856049004595
0 0.6677215189873418 0.2865237366003063 0.03082890975908534 0.060949464012251146
0 0.7827684769293589 0.27350689127105665 0.04083299305839118 0.06493108728943338
0 0.8771947733768886 0.26401225114854515 0.04716210698244181 0.08024502297090352
0 0.9520212331563903 0.20949464012251148 0.060432829726418946 0.09433384379785605
