0 0.12 0.3225 0.06 0.10166666666666667
0 0.1925 0.37166666666666665 0.0525 0.08
0 0.28875 0.37083333333333335 0.0475 0.075
0 0.379375 0.3433333333333333 0.04125 0.07333333333333333
0 0.468125 0.38416666666666666 0.04375 0.06833333333333333
0 0.54875 0.38666666666666666 0.04 0.07
0 0.63 0.37166666666666665 0.04 0.07333333333333333
0 0.7075 0.39 0.0425 0.07333333333333333
0 0.79875 0.3875 0.0425 0.075
0 0.420625 0.5583333333333333 0.05125 0.08333333333333333
0 0.496875 0.5583333333333333 0.05125 0.09
0 0.600625 0.565 0.05375 0.09
0 0.710625 0.545 0.04875 0.08
0 0.800625 0.5216666666666666 0.05625 0.08666666666666667
0 0.86125 0.405 0.0075 0.01
0 0.875625 0.405 0.00875 0.013333333333333334
0 0.935 0.39416666666666667 0.01 0.015
0 0.913125 0.405 0.00875 0.013333333333333334
0 0.885 0.43166666666666664 0.0175 0.07666666666666666
