0 0.110625 0.5817708333333333 0.0075 0.011458333333333333
0 0.2990625 0.6192708333333333 0.018125 0.034375
0 0.4678125 0.6317708333333333 0.018125 0.034375
0 0.7059375 0.6192708333333333 0.016875 0.034375
0 0.7071875 0.6213541666666667 0.018125 0.030208333333333334
0 0.731875 0.5901041666666667 0.00875 0.019791666666666666
0 0.7171875 0.5552083333333333 0.009375 0.014583333333333334
0 0.8709375 0.578125 0.011875 0.01875
0 0.936875 0.6333333333333333 0.0175 0.029166666666666667
0 0.9821875 0.5859375 0.008125 0.013541666666666667
0 0.930625 0.534375 0.00625 0.010416666666666666
