0 0.26102418207681366 0.5693359375 0.06685633001422475 0.060546875
0 0.46301564722617355 0.5185546875 0.07539118065433854 0.068359375
0 0.8591749644381224 0.68017578125 0.051209103840682786 0.0361328125
0 0.9907539118065434 0.56982421875 0.015647226173541962 0.0126953125
0 0.9359886201991465 0.5703125 0.017069701280227598 0.01171875
0 0.8513513513513513 0.56494140625 0.01849217638691323 0.0146484375
0 0.868421052631579 0.56640625 0.01849217638691323 0.015625
0 0.8961593172119487 0.54736328125 0.017069701280227598 0.0126953125
0 0.7908961593172119 0.54052734375 0.011379800853485065 0.0107421875
0 0.8278805120910384 0.546875 0.01422475106685633 0.009765625
0 0.8463726884779517 0.5400390625 0.011379800853485065 0.009765625
0 0.7467994310099573 0.5419921875 0.01422475106685633 0.009765625
0 0.7247510668563301 0.54931640625 0.00995732574679943 0.0068359375
0 0.6877667140825036 0.53466796875 0.012802275960170697 0.0107421875
0 0.7083926031294452 0.57568359375 0.02844950213371266 0.0185546875
0 0.5896159317211949 0.57470703125 0.029871977240398292 0.0205078125
0 0.06543385490753911 0.5966796875 0.025604551920341393 0.021484375
0 0.07610241820768136 0.5947265625 0.02418207681365576 0.01953125
0 0.15433854907539118 0.58056640625 0.01849217638691323 0.0146484375
0 0.19701280227596016 0.57763671875 0.01849217638691323 0.0146484375
0 0.31721194879089615 0.55712890625 0.01422475106685633 0.0107421875
0 0.3584637268847795 0.544921875 0.017069701280227598 0.013671875
0 0.895448079658606 0.54736328125 0.01849217638691323 0.0126953125
