0 0.27379209370424595 0.51904296875 0.05856515373352855 0.0517578125
0 0.4407027818448023 0.4951171875 0.06734992679355783 0.046875
0 0.6683748169838946 0.52734375 0.024890190336749635 0.015625
0 0.6361639824304539 0.5439453125 0.01903367496339678 0.013671875
0 0.7064421669106882 0.52197265625 0.027818448023426062 0.0224609375
0 0.760614934114202 0.52880859375 0.021961932650073207 0.0205078125
0 0.7957540263543191 0.525390625 0.03074670571010249 0.017578125
0 0.8133235724743777 0.52734375 0.021961932650073207 0.017578125
0 0.5175695461200586 0.58154296875 0.036603221083455345 0.1025390625
0 0.5461200585651538 0.5390625 0.017569546120058566 0.013671875
0 0.5702781844802343 0.55517578125 0.013177159590043924 0.0107421875
0 0.36603221083455345 0.5341796875 0.032210834553440704 0.025390625
