0 0.45859375 0.6932584269662921 0.0109375 0.015730337078651686
0 0.39296875 0.7426966292134831 0.0203125 0.09662921348314607
0 0.40625 0.7033707865168539 0.009375 0.01348314606741573
0 0.3671875 0.6887640449438203 0.009375 0.015730337078651686
0 0.3546875 0.6955056179775281 0.009375 0.020224719101123594
0 0.384375 0.6955056179775281 0.009375 0.015730337078651686
0 0.32734375 0.697752808988764 0.0078125 0.011235955056179775
0 0.29765625 0.6932584269662921 0.0109375 0.020224719101123594
0 0.30390625 0.6966292134831461 0.0109375 0.017977528089887642
0 0.309375 0.6921348314606741 0.009375 0.017977528089887642
0 0.27890625 0.697752808988764 0.0109375 0.015730337078651686
0 0.27265625 0.6887640449438203 0.0109375 0.015730337078651686
0 0.2609375 0.7426966292134831 0.021875 0.09662921348314607
0 0.26328125 0.7325842696629213 0.0203125 0.09887640449438202
0 0.24921875 0.6853932584269663 0.0109375 0.017977528089887642
0 0.2046875 0.6943820224719102 0.009375 0.01348314606741573
0 0.21328125 0.6898876404494382 0.0109375 0.017977528089887642
0 0.19296875 0.7393258426966293 0.0265625 0.10337078651685393
0 0.18046875 0.698876404494382 0.0109375 0.017977528089887642
0 0.1609375 0.7033707865168539 0.009375 0.017977528089887642
0 0.13359375 0.701123595505618 0.0078125 0.01348314606741573
0 0.1421875 0.7044943820224719 0.009375 0.015730337078651686
0 0.11796875 0.7370786516853932 0.0171875 0.0898876404494382
