0 0.03125 0.7066666666666667 0.025 0.043333333333333335
0 0.104375 0.72 0.02625 0.03666666666666667
0 0.1725 0.7141666666666666 0.0275 0.041666666666666664
0 0.090625 0.6708333333333333 0.01625 0.025
0 0.128125 0.68 0.01625 0.023333333333333334
0 0.084375 0.7208333333333333 0.02125 0.035
0 0.12 0.7266666666666667 0.0275 0.04
0 0.321875 0.6358333333333334 0.03125 0.055
0 0.399375 0.6441666666666667 0.02625 0.03833333333333333
0 0.918125 0.6691666666666667 0.00625 0.011666666666666667
0 0.07125 0.7283333333333334 0.0125 0.02
