0 0.17842323651452283 0.4840764331210191 0.012448132780082987 0.01910828025477707
0 0.19657676348547717 0.48089171974522293 0.013485477178423237 0.01910828025477707
0 0.24273858921161826 0.49203821656050956 0.016597510373443983 0.028662420382165606
0 0.31224066390041494 0.4872611464968153 0.01867219917012448 0.03184713375796178
0 0.35477178423236516 0.47611464968152867 0.01867219917012448 0.03184713375796178
0 0.39782157676348545 0.46496815286624205 0.01970954356846473 0.03821656050955414
0 0.3412863070539419 0.4745222929936306 0.014522821576763486 0.03184713375796178
0 0.4346473029045643 0.46735668789808915 0.02074688796680498 0.042993630573248405
0 0.4683609958506224 0.4625796178343949 0.021784232365145227 0.042993630573248405
0 0.5140041493775933 0.48089171974522293 0.017634854771784232 0.03821656050955414
0 0.5269709543568465 0.45461783439490444 0.026970954356846474 0.04936305732484077
0 0.5720954356846473 0.4554140127388535 0.023858921161825725 0.044585987261146494
0 0.6078838174273858 0.4538216560509554 0.03112033195020747 0.04777070063694268
0 0.6675311203319502 0.4753184713375796 0.032157676348547715 0.052547770700636945
0 0.7520746887966805 0.4721337579617834 0.035269709543568464 0.07484076433121019
0 0.8220954356846473 0.4896496815286624 0.038381742738589214 0.07802547770700637
0 0.8578838174273858 0.49601910828025475 0.04149377593360996 0.06847133757961783
0 0.9756224066390041 0.4251592356687898 0.054979253112033194 0.08917197452229299
0 0.7515560165975104 0.46178343949044587 0.032157676348547715 0.054140127388535034
0 0.38381742738589214 0.4840764331210191 0.014522821576763486 0.028662420382165606
