0 0.35165895061728397 0.5496238425925926 0.027777777777777776 0.053530092592592594
0 0.42582947530864196 0.5367476851851852 0.025270061728395063 0.05439814814814815
0 0.4826388888888889 0.5338541666666666 0.02662037037037037 0.052083333333333336
0 0.5620177469135802 0.5487557870370371 0.02488425925925926 0.051215277777777776
0 0.6389853395061729 0.5669849537037037 0.027584876543209878 0.055266203703703706
0 0.6709104938271605 0.5219907407407407 0.025848765432098766 0.050347222222222224
0 0.675733024691358 0.45674189814814814 0.024691358024691357 0.04832175925925926
0 0.6358024691358025 0.44241898148148145 0.023919753086419752 0.047453703703703706
0 0.5674189814814815 0.4761284722222222 0.02488425925925926 0.04658564814814815
0 0.5048225308641975 0.4519675925925926 0.02353395061728395 0.04861111111111111
0 0.5190972222222222 0.49537037037037035 0.023919753086419752 0.04918981481481482
0 0.46498842592592593 0.4926215277777778 0.024112654320987654 0.04832175925925926
0 0.4123263888888889 0.4714988425925926 0.025270061728395063 0.05179398148148148
0 0.3464506172839506 0.45804398148148145 0.02507716049382716 0.05150462962962963
0 0.3742283950617284 0.5070891203703703 0.028935185185185185 0.051215277777777776
0 0.3722993827160494 0.4210069444444444 0.02507716049382716 0.046296296296296294
0 0.4365354938271605 0.41015625 0.023919753086419752 0.05237268518518518
0 0.48312114197530864 0.4152199074074074 0.02488425925925926 0.04918981481481482
0 0.5481288580246914 0.4173900462962963 0.024112654320987654 0.04369212962962963
0 0.5841049382716049 0.4269386574074074 0.02353395061728395 0.04774305555555555
