0 0.068125 0.22420262664165103 0.11375 0.26454033771106944
0 0.113125 0.47842401500938087 0.13625 0.2551594746716698
0 0.203125 0.4052532833020638 0.14875 0.3302063789868668
0 0.28625 0.3724202626641651 0.1175 0.21951219512195122
0 0.356875 0.2851782363977486 0.10875 0.22889305816135083
0 0.345625 0.07223264540337711 0.10375 0.17073170731707318
0 0.451875 0.274859287054409 0.14875 0.30206378986866794
0 0.655625 0.3433395872420263 0.15125 0.31894934333958724
0 0.779375 0.37429643527204504 0.19125 0.36585365853658536
0 0.89 0.3236397748592871 0.1425 0.24953095684803
