0 0.447265625 0.4703757225433526 0.013671875 0.02167630057803468
0 0.458984375 0.46965317919075145 0.01171875 0.017341040462427744
0 0.484375 0.4602601156069364 0.009765625 0.01878612716763006
0 0.4970703125 0.46459537572254334 0.009765625 0.01878612716763006
0 0.53173828125 0.48265895953757226 0.0107421875 0.017341040462427744
0 0.548828125 0.48554913294797686 0.009765625 0.017341040462427744
0 0.5703125 0.48627167630057805 0.013671875 0.02167630057803468
0 0.61962890625 0.5028901734104047 0.0107421875 0.017341040462427744
0 0.62646484375 0.5014450867052023 0.0126953125 0.02023121387283237
0 0.654296875 0.5202312138728323 0.01171875 0.014450867052023121
0 0.6787109375 0.5267341040462428 0.01171875 0.02167630057803468
0 0.6826171875 0.528179190751445 0.013671875 0.01878612716763006
0 0.7197265625 0.5390173410404624 0.009765625 0.02023121387283237
0 0.79931640625 0.5657514450867052 0.0107421875 0.015895953757225433
0 0.7529296875 0.5411849710982659 0.0078125 0.015895953757225433
0 0.78564453125 0.5802023121387283 0.0166015625 0.0968208092485549
0 0.8466796875 0.5635838150289018 0.009765625 0.014450867052023121
0 0.9091796875 0.6488439306358381 0.013671875 0.02601156069364162
0 0.73583984375 0.6380057803468208 0.0107421875 0.015895953757225433
0 0.73291015625 0.619942196531792 0.0107421875 0.017341040462427744
0 0.5712890625 0.7073699421965318 0.013671875 0.01878612716763006
0 0.5390625 0.7066473988439307 0.01171875 0.023121387283236993
0 0.53955078125 0.7052023121387283 0.0146484375 0.023121387283236993
0 0.56884765625 0.6697976878612717 0.0107421875 0.01878612716763006
0 0.53662109375 0.6755780346820809 0.0107421875 0.01878612716763006
0 0.068359375 0.5997109826589595 0.015625 0.02023121387283237
0 0.2177734375 0.6242774566473989 0.021484375 0.06936416184971098
0 0.18505859375 0.6242774566473989 0.0302734375 0.06936416184971098
0 0.14453125 0.5989884393063584 0.0078125 0.01300578034682081
0 0.248046875 0.46170520231213874 0.009765625 0.015895953757225433
0 0.24072265625 0.43352601156069365 0.0107421875 0.017341040462427744
0 0.13720703125 0.444364161849711 0.0107421875 0.02167630057803468
0 0.185546875 0.4270231213872832 0.01171875 0.01878612716763006
0 0.15771484375 0.43641618497109824 0.0087890625 0.017341040462427744
0 0.33544921875 0.45809248554913296 0.0107421875 0.02023121387283237
0 0.9296875 0.6177745664739884 0.01171875 0.01878612716763006
0 0.37939453125 0.4486994219653179 0.0107421875 0.01878612716763006
0 0.400390625 0.467485549132948 0.009765625 0.015895953757225433
