0 0.8832159624413145 0.5916666666666667 0.01056338028169014 0.020833333333333332
0 0.8603286384976526 0.6041666666666666 0.009389671361502348 0.020833333333333332
0 0.8116197183098591 0.5802083333333333 0.01995305164319249 0.052083333333333336
0 0.6854460093896714 0.6166666666666667 0.011737089201877934 0.029166666666666667
0 0.6660798122065728 0.5854166666666667 0.012910798122065728 0.029166666666666667
0 0.6320422535211268 0.640625 0.01995305164319249 0.08958333333333333
0 0.5980046948356808 0.6135416666666667 0.01995305164319249 0.03958333333333333
0 0.38673708920187794 0.5875 0.008215962441314555 0.016666666666666666
0 0.49295774647887325 0.6125 0.023474178403755867 0.05416666666666667
0 0.5234741784037559 0.6333333333333333 0.01643192488262911 0.03333333333333333
0 0.5322769953051644 0.5895833333333333 0.01056338028169014 0.020833333333333332
0 0.5534037558685446 0.5947916666666667 0.01056338028169014 0.027083333333333334
0 0.562206572769953 0.603125 0.009389671361502348 0.01875
0 0.5833333333333334 0.609375 0.011737089201877934 0.027083333333333334
0 0.5487089201877934 0.6270833333333333 0.029342723004694836 0.04583333333333333
0 0.2857981220657277 0.6 0.008215962441314555 0.016666666666666666
0 0.25997652582159625 0.6041666666666666 0.008215962441314555 0.016666666666666666
0 0.17136150234741784 0.6052083333333333 0.009389671361502348 0.01875
0 0.3403755868544601 0.628125 0.009389671361502348 0.014583333333333334
