0 0.9507142857142857 0.8910614525139665 0.032857142857142856 0.05027932960893855
0 0.5707142857142857 0.946927374301676 0.04428571428571428 0.06890130353817504
0 0.495 0.9450651769087524 0.03571428571428571 0.054003724394785846
0 0.37142857142857144 0.7942271880819367 0.04 0.061452513966480445
0 0.22071428571428572 0.6042830540037244 0.02142857142857143 0.027932960893854747
0 0.07857142857142857 0.27932960893854747 0.014285714285714285 0.0186219739292365
0 0.14214285714285715 0.24767225325884543 0.015714285714285715 0.0186219739292365
0 0.045714285714285714 0.3426443202979516 0.017142857142857144 0.0223463687150838
0 0.09928571428571428 0.3612662942271881 0.015714285714285715 0.0223463687150838
0 0.28214285714285714 0.45716945996275604 0.02142857142857143 0.027932960893854747
0 0.3 0.47392923649906893 0.022857142857142857 0.03165735567970205
0 0.4357142857142857 0.425512104283054 0.022857142857142857 0.027932960893854747
0 0.5357142857142857 0.36312849162011174 0.02 0.0260707635009311
0 0.6014285714285714 0.46834264432029793 0.017142857142857144 0.024208566108007448
0 0.57 0.46461824953445063 0.02 0.03165735567970205
0 0.4521428571428571 0.5977653631284916 0.027142857142857142 0.037243947858473
0 0.39714285714285713 0.5810055865921788 0.022857142857142857 0.0335195530726257
0 0.5528571428571428 0.5605214152700186 0.025714285714285714 0.040968342644320296
0 0.6607142857142857 0.5121042830540037 0.024285714285714285 0.0297951582867784
0 0.5907142857142857 0.6964618249534451 0.024285714285714285 0.0335195530726257
0 0.8342857142857143 0.5381750465549349 0.02 0.0297951582867784
0 0.9071428571428571 0.31098696461824954 0.014285714285714285 0.0223463687150838
0 0.9071428571428571 0.44599627560521415 0.02857142857142857 0.035381750465549346
0 0.9335714285714286 0.4478584729981378 0.024285714285714285 0.035381750465549346
0 0.9178571428571428 0.3845437616387337 0.012857142857142857 0.01675977653631285
0 0.4135714285714286 0.7216014897579144 0.032857142857142856 0.035381750465549346
