0 0.16276595744680852 0.24606299212598426 0.05106382978723404 0.11811023622047244
0 0.22340425531914893 0.21653543307086615 0.04680851063829787 0.11023622047244094
0 0.2574468085106383 0.27755905511811024 0.04680851063829787 0.11811023622047244
0 0.29308510638297874 0.2234251968503937 0.05 0.11220472440944881
0 0.3377659574468085 0.25 0.052127659574468084 0.11811023622047244
0 0.3824468085106383 0.3248031496062992 0.052127659574468084 0.12992125984251968
0 0.41382978723404257 0.1889763779527559 0.04893617021276596 0.1220472440944882
0 0.4664893617021277 0.3297244094488189 0.045744680851063826 0.11220472440944881
0 0.48936170212765956 0.234251968503937 0.04468085106382979 0.11023622047244094
0 0.5345744680851063 0.3405511811023622 0.052127659574468084 0.1141732283464567
0 0.5287234042553192 0.21751968503937008 0.0425531914893617 0.11614173228346457
0 0.597872340425532 0.19586614173228348 0.04468085106382979 0.11220472440944881
0 0.5973404255319149 0.31200787401574803 0.047872340425531915 0.11220472440944881
0 0.6579787234042553 0.27165354330708663 0.05 0.11811023622047244
0 0.6973404255319149 0.2637795275590551 0.04148936170212766 0.1062992125984252
0 0.7372340425531915 0.2687007874015748 0.04680851063829787 0.12007874015748031
0 0.7696808510638298 0.22539370078740156 0.043617021276595745 0.10433070866141732
0 0.8138297872340425 0.2618110236220472 0.04893617021276596 0.1141732283464567
0 0.8585106382978723 0.27755905511811024 0.05106382978723404 0.11023622047244094
