0 0.03302803219539273 0.5809404910528506 0.030530113794060506 0.0449438202247191
0 0.13072439633638636 0.5869746150645027 0.023868998057174576 0.03454015813566375
0 0.15778517901748543 0.6142322097378277 0.0202608936996947 0.03911776945484811
0 0.2160699417152373 0.5751144402829796 0.02858728837080211 0.039950062421972535
0 0.2719955592561754 0.5701206824802331 0.019983347210657785 0.033291718684977115
0 0.2971135165140161 0.6175613816063255 0.019150707743547043 0.036620890553474825
0 0.3559533721898418 0.606949646275489 0.023036358590063834 0.046192259675405745
0 0.35623091867887874 0.6059092800665834 0.019705800721620873 0.028297960882230546
0 0.40077713016930333 0.6468997086974615 0.01665278934221482 0.03204327923429047
0 0.40979739106300306 0.6699958385351644 0.019150707743547043 0.033291718684977115
0 0.4224257563141826 0.684769038701623 0.02109353316680544 0.04369538077403246
0 0.4801554260338607 0.5932168123179359 0.022758812101026923 0.03204327923429047
0 0.5154038301415487 0.630253849354973 0.019983347210657785 0.03620474406991261
0 0.5477379961143491 0.6154806491885143 0.019150707743547043 0.03245942571785269
0 0.5874271440466278 0.6231793591344154 0.021371079655842354 0.03454015813566375
0 0.6085206772134333 0.6235955056179775 0.01804052178739939 0.03620474406991261
0 0.6411323896752706 0.6088223054515189 0.02164862614487927 0.03828547648772368
0 0.7092700527338329 0.5792759051186017 0.023036358590063834 0.03828547648772368
0 0.6634748820427422 0.6111111111111112 0.023036358590063834 0.040366208905534745
0 0.7403552595059673 0.5807324178110695 0.02192617263391618 0.03537245110278818
0 0.7803219539272829 0.6389929255097795 0.020815986677768527 0.03620474406991261
0 0.8261171246183736 0.6144402829796088 0.023591451568137665 0.02871410736579276
0 0.8363863447127394 0.6240116521015397 0.0202608936996947 0.030378693300041615
0 0.9128504024424091 0.5948813982521848 0.023868998057174576 0.03454015813566375
