0 0.013671875 0.4514705882352941 0.009765625 0.01764705882352941
0 0.087890625 0.43161764705882355 0.013671875 0.01911764705882353
0 0.14013671875 0.43014705882352944 0.0126953125 0.022058823529411766
0 0.1484375 0.4345588235294118 0.01171875 0.01911764705882353
0 0.17529296875 0.43161764705882355 0.0107421875 0.016176470588235296
0 0.2685546875 0.47058823529411764 0.0078125 0.011764705882352941
0 0.27978515625 0.4323529411764706 0.0107421875 0.014705882352941176
0 0.34326171875 0.40661764705882353 0.0146484375 0.022058823529411766
0 0.3330078125 0.4051470588235294 0.013671875 0.022058823529411766
0 0.34765625 0.43676470588235294 0.009765625 0.01764705882352941
0 0.35595703125 0.42058823529411765 0.0126953125 0.020588235294117647
0 0.36669921875 0.4198529411764706 0.0107421875 0.01911764705882353
0 0.4140625 0.41102941176470587 0.013671875 0.022058823529411766
0 0.46630859375 0.44926470588235295 0.0087890625 0.016176470588235296
0 0.50048828125 0.39191176470588235 0.0400390625 0.06323529411764706
0 0.53369140625 0.4227941176470588 0.0087890625 0.013235294117647059
0 0.560546875 0.4147058823529412 0.01171875 0.01764705882352941
0 0.58251953125 0.42867647058823527 0.0126953125 0.016176470588235296
0 0.62353515625 0.4051470588235294 0.0146484375 0.025
0 0.6259765625 0.4213235294117647 0.009765625 0.01911764705882353
0 0.6630859375 0.4426470588235294 0.015625 0.020588235294117647
0 0.61181640625 0.4117647058823529 0.0107421875 0.01764705882352941
0 0.66015625 0.4176470588235294 0.01171875 0.020588235294117647
0 0.69921875 0.40808823529411764 0.01171875 0.016176470588235296
0 0.77880859375 0.41323529411764703 0.0087890625 0.011764705882352941
0 0.8251953125 0.4 0.0390625 0.05588235294117647
0 0.84912109375 0.4213235294117647 0.0107421875 0.013235294117647059
0 0.8779296875 0.4007352941176471 0.005859375 0.010294117647058823
0 0.876953125 0.39926470588235297 0.0078125 0.013235294117647059
0 0.89404296875 0.4088235294117647 0.0107421875 0.014705882352941176
0 0.90673828125 0.40661764705882353 0.0087890625 0.013235294117647059
0 0.95947265625 0.40441176470588236 0.0107421875 0.01764705882352941
0 0.99169921875 0.3889705882352941 0.0126953125 0.022058823529411766
0 0.97314453125 0.4139705882352941 0.0107421875 0.022058823529411766
