0 0.5392307692307692 0.6642259414225942 0.015384615384615385 0.02510460251046025
0 0.5138461538461538 0.6537656903765691 0.010769230769230769 0.01882845188284519
0 0.45346153846153847 0.6537656903765691 0.008461538461538461 0.016736401673640166
0 0.3688461538461538 0.6642259414225942 0.006923076923076923 0.014644351464435146
0 0.34615384615384615 0.6501046025104602 0.010769230769230769 0.0198744769874477
0 0.32884615384615384 0.6385983263598326 0.01 0.01778242677824268
0 0.2976923076923077 0.6501046025104602 0.010769230769230769 0.01778242677824268
0 0.27115384615384613 0.6406903765690377 0.011538461538461539 0.021966527196652718
0 0.22807692307692307 0.6354602510460251 0.011538461538461539 0.015690376569037656
0 0.2173076923076923 0.6401673640167364 0.011538461538461539 0.01882845188284519
0 0.17884615384615385 0.6856694560669456 0.014615384615384615 0.030334728033472803
0 0.165 0.7055439330543933 0.014615384615384615 0.021966527196652718
