0 0.25625 0.5955555555555555 0.0225 0.04
0 0.22416666666666665 0.595 0.023333333333333334 0.034444444444444444
0 0.23083333333333333 0.5833333333333334 0.015 0.02666666666666667
0 0.18 0.5905555555555555 0.028333333333333332 0.03666666666666667
0 0.19166666666666668 0.5877777777777777 0.021666666666666667 0.035555555555555556
0 0.13583333333333333 0.5716666666666667 0.018333333333333333 0.03
0 0.11416666666666667 0.59 0.023333333333333334 0.03333333333333333
0 0.10083333333333333 0.5655555555555556 0.021666666666666667 0.03333333333333333
0 0.0825 0.5716666666666667 0.018333333333333333 0.025555555555555557
0 0.059166666666666666 0.58 0.016666666666666666 0.02666666666666667
0 0.03833333333333333 0.58 0.015 0.022222222222222223
