0 0.08568075117370892 0.496875 0.035211267605633804 0.08541666666666667
0 0.18955399061032863 0.5552083333333333 0.022300469483568074 0.04375
0 0.1807511737089202 0.5364583333333334 0.014084507042253521 0.03125
0 0.22241784037558684 0.46458333333333335 0.022300469483568074 0.041666666666666664
0 0.24119718309859156 0.46145833333333336 0.02464788732394366 0.04375
0 0.27992957746478875 0.459375 0.008215962441314555 0.01875
0 0.29694835680751175 0.5083333333333333 0.011737089201877934 0.020833333333333332
0 0.29518779342723006 0.4979166666666667 0.01056338028169014 0.020833333333333332
0 0.32805164319248825 0.45625 0.01056338028169014 0.020833333333333332
0 0.375 0.43854166666666666 0.01056338028169014 0.022916666666666665
0 0.4184272300469484 0.440625 0.012910798122065728 0.022916666666666665
0 0.39906103286384975 0.45 0.009389671361502348 0.016666666666666666
0 0.5586854460093896 0.4239583333333333 0.023474178403755867 0.052083333333333336
0 0.659037558685446 0.44895833333333335 0.022300469483568074 0.04375
0 0.7429577464788732 0.46458333333333335 0.02112676056338028 0.04583333333333333
0 0.03169014084507042 0.5072916666666667 0.014084507042253521 0.03125
