0 0.88125 0.23072916666666668 0.0953125 0.153125
0 0.83984375 0.30364583333333334 0.05625 0.10729166666666666
0 0.7203125 0.37604166666666666 0.103125 0.16875
0 0.50625 0.2671875 0.0796875 0.11354166666666667
0 0.0828125 0.5140625 0.0796875 0.115625
0 0.137109375 0.4734375 0.06796875 0.09270833333333334
0 0.1578125 0.5869791666666667 0.040625 0.078125
0 0.28359375 0.41770833333333335 0.046875 0.075
0 0.185546875 0.31875 0.03515625 0.05416666666666667
0 0.200390625 0.3026041666666667 0.02890625 0.04479166666666667
0 0.372265625 0.39427083333333335 0.04140625 0.053125
0 -0.04140625 0.5489583333333333 0.0625 0.08125
0 0.020703125 0.4270833333333333 0.04765625 0.08333333333333333
0 0.1875 0.41354166666666664 0.0390625 0.06458333333333334
0 0.417578125 0.38385416666666666 0.03984375 0.05520833333333333
