0 0.04722222222222222 0.06583333333333333 0.06944444444444445 0.18166666666666667
0 0.14722222222222223 -0.06666666666666667 0.030555555555555555 0.07333333333333333
0 0.23680555555555555 0.4083333333333333 0.06388888888888888 0.16333333333333333
0 0.221875 0.6983333333333334 0.06875 0.22
0 0.2652777777777778 -0.008333333333333333 0.043055555555555555 0.10333333333333333
0 0.37881944444444443 0.21083333333333334 0.04375 0.155
0 0.5184027777777778 0.47583333333333333 0.04097222222222222 0.12833333333333333
0 0.5805555555555556 0.5 0.034722222222222224 0.12
0 0.49375 0.0325 0.03333333333333333 0.095
0 0.5763888888888888 0.1925 0.03611111111111111 0.10166666666666667
0 0.98125 0.2025 0.03333333333333333 0.07833333333333334
0 1.0048611111111112 0.5141666666666667 0.025 0.06833333333333333
0 0.9423611111111111 0.65 0.044444444444444446 0.11666666666666667
0 0.4065972222222222 0.9308333333333333 0.13819444444444445 0.22166666666666668
0 0.8024305555555555 0.09083333333333334 0.0798611111111111 0.24833333333333332
