0 0.18423423423423424 0.27635135135135136 0.051351351351351354 0.10135135135135136
0 0.32207207207207206 0.2662162162162162 0.047747747747747746 0.0891891891891892
0 0.37432432432432433 0.2891891891891892 0.04954954954954955 0.07297297297297298
0 0.3662162162162162 0.3324324324324324 0.05675675675675676 0.12162162162162163
0 0.4711711711711712 0.3364864864864865 0.04684684684684685 0.0918918918918919
0 0.4743243243243243 0.25 0.051351351351351354 0.08108108108108109
0 0.5644144144144144 0.3236486486486487 0.051351351351351354 0.08783783783783784
0 0.6675675675675675 0.29662162162162165 0.06126126126126126 0.11486486486486487
0 0.7720720720720721 0.30202702702702705 0.05945945945945946 0.12297297297297298
0 0.8153153153153153 0.27702702702702703 0.04144144144144144 0.08378378378378379
0 0.9130630630630631 0.2905405405405405 0.06576576576576576 0.12702702702702703
0 0.9716216216216216 0.27702702702702703 0.04234234234234234 0.05675675675675676
