0 0.9951171875 0.8521229868228404 0.005859375 0.032210834553440704
0 0.89453125 0.8396778916544656 0.00390625 0.007320644216691069
0 0.83642578125 0.8367496339677891 0.0048828125 0.007320644216691069
0 0.81298828125 0.8411420204978038 0.0068359375 0.010248901903367497
0 0.80908203125 0.8799414348462665 0.0146484375 0.032210834553440704
0 0.81298828125 0.8345534407027818 0.0048828125 0.008784773060029283
0 0.77734375 0.8499267935578331 0.009765625 0.016105417276720352
0 0.78759765625 0.8243045387994143 0.0048828125 0.008784773060029283
0 0.75927734375 0.8228404099560761 0.0048828125 0.005856515373352855
0 0.73974609375 0.8265007320644217 0.0048828125 0.007320644216691069
0 0.7314453125 0.8199121522693997 0.005859375 0.008784773060029283
0 0.705078125 0.8206442166910688 0.005859375 0.007320644216691069
0 0.68505859375 0.8111273792093704 0.0048828125 0.008784773060029283
0 0.69677734375 0.8367496339677891 0.0087890625 0.013177159590043924
0 0.6796875 0.8330893118594437 0.009765625 0.014641288433382138
0 0.712890625 0.8140556368960469 0.005859375 0.008784773060029283
0 0.65087890625 0.8448023426061494 0.0126953125 0.02342606149341142
0 0.6298828125 0.8323572474377745 0.01171875 0.021961932650073207
0 0.62060546875 0.8147877013177159 0.0087890625 0.013177159590043924
0 0.63427734375 0.8162518301610542 0.0068359375 0.010248901903367497
0 0.59814453125 0.8455344070278185 0.0107421875 0.01903367496339678
0 0.59423828125 0.8074670571010248 0.0068359375 0.013177159590043924
0 0.57373046875 0.8147877013177159 0.0068359375 0.013177159590043924
0 0.5439453125 0.8096632503660323 0.005859375 0.01171303074670571
0 0.51318359375 0.8374816983894583 0.0126953125 0.02342606149341142
0 0.5126953125 0.8191800878477306 0.01171875 0.016105417276720352
0 0.486328125 0.8345534407027818 0.013671875 0.02635431918008785
0 0.47412109375 0.8345534407027818 0.0107421875 0.020497803806734993
0 0.46875 0.8133235724743777 0.005859375 0.010248901903367497
0 0.44775390625 0.8257686676427526 0.0126953125 0.02342606149341142
0 0.4423828125 0.8147877013177159 0.005859375 0.010248901903367497
0 0.42236328125 0.8155197657393851 0.0068359375 0.01171303074670571
0 0.40283203125 0.8008784773060029 0.0400390625 0.0849194729136164
0 0.37890625 0.8111273792093704 0.005859375 0.01171303074670571
0 0.35546875 0.8199121522693997 0.0078125 0.014641288433382138
0 0.34814453125 0.8125915080527086 0.0068359375 0.01171303074670571
0 0.28857421875 0.7855051244509517 0.0341796875 0.06588579795021962
0 0.26171875 0.8140556368960469 0.0078125 0.01171303074670571
0 0.0078125 0.8089311859443631 0.0078125 0.010248901903367497
0 0.04638671875 0.8147877013177159 0.0068359375 0.010248901903367497
0 0.07373046875 0.808199121522694 0.0068359375 0.008784773060029283
0 0.05712890625 0.835285505124451 0.0146484375 0.0629575402635432
0 0.09716796875 0.8067349926793558 0.0048828125 0.005856515373352855
0 0.119140625 0.8301610541727672 0.0078125 0.0527086383601757
0 0.9404296875 0.8382137628111274 0.00390625 0.007320644216691069
0 0.88330078125 0.835285505124451 0.0048828125 0.007320644216691069
0 0.849609375 0.8308931185944363 0.00390625 0.007320644216691069
0 0.72216796875 0.8177159590043924 0.0048828125 0.007320644216691069
0 0.75439453125 0.821376281112738 0.0048828125 0.008784773060029283
0 0.99072265625 0.8506588579795022 0.0068359375 0.029282576866764276
0 0.9609375 0.8469985358711567 0.005859375 0.03074670571010249
0 0.65673828125 0.8191800878477306 0.0068359375 0.010248901903367497
0 0.64892578125 0.8155197657393851 0.0068359375 0.008784773060029283
