0 0.034375 0.4028103044496487 0.06875 0.12646370023419204
0 0.146875 0.4765807962529274 0.025 0.053864168618266976
0 0.23203125 0.49063231850117095 0.0328125 0.04918032786885246
0 0.2703125 0.49765807962529274 0.01875 0.03044496487119438
0 0.2984375 0.48360655737704916 0.03125 0.0585480093676815
0 0.321875 0.5046838407494145 0.025 0.053864168618266976
0 0.35390625 0.4859484777517564 0.0296875 0.04918032786885246
0 0.38125 0.477751756440281 0.021875 0.0468384074941452
0 0.42578125 0.4309133489461358 0.0296875 0.05620608899297424
0 0.453125 0.48711943793911006 0.021875 0.03747072599531616
0 0.54453125 0.5210772833723654 0.0203125 0.03981264637002342
0 0.56875 0.4812646370023419 0.03125 0.04449648711943794
0 0.609375 0.43911007025761123 0.0375 0.06791569086651054
0 0.6421875 0.5281030444964872 0.01875 0.03044496487119438
0 0.6953125 0.49765807962529274 0.028125 0.04918032786885246
0 0.79921875 0.5608899297423887 0.0234375 0.03981264637002342
0 0.81796875 0.5749414519906323 0.0265625 0.04449648711943794
0 0.96875 0.28688524590163933 0.096875 0.17096018735362997
