0 0.05923076923076923 0.35355648535564854 0.08 0.13598326359832635
0 0.15346153846153845 0.29602510460251047 0.06384615384615384 0.1087866108786611
0 0.27615384615384614 0.36297071129707115 0.052307692307692305 0.0899581589958159
0 0.33692307692307694 0.3551255230125523 0.047692307692307694 0.07426778242677824
0 0.4888461538461538 0.39539748953974896 0.06076923076923077 0.06903765690376569
0 0.44461538461538463 0.3472803347280335 0.05076923076923077 0.06694560669456066
0 0.5503846153846154 0.4042887029288703 0.04230769230769231 0.06171548117154812
0 0.6326923076923077 0.40690376569037656 0.04230769230769231 0.06485355648535565
0 0.7461538461538462 0.3797071129707113 0.046153846153846156 0.08368200836820083
0 0.7973076923076923 0.33734309623430964 0.06076923076923077 0.09937238493723849
0 0.9146153846153846 0.35355648535564854 0.052307692307692305 0.0899581589958159
0 0.30153846153846153 0.3190376569037657 0.05384615384615385 0.07112970711297072
0 1.0365384615384616 0.3530334728033473 0.05923076923076923 0.07635983263598327
0 0.20807692307692308 0.3226987447698745 0.06230769230769231 0.09100418410041841
