0 0.8 0.5360878661087866 0.021538461538461538 0.021966527196652718
0 0.7676923076923077 0.5292887029288703 0.027692307692307693 0.03556485355648536
0 0.6380769230769231 0.549163179916318 0.01769230769230769 0.03138075313807531
0 0.66 0.5726987447698745 0.012307692307692308 0.021966527196652718
0 0.6015384615384616 0.5517782426778243 0.018461538461538463 0.02615062761506276
0 0.5838461538461538 0.520397489539749 0.02 0.030334728033472803
0 0.5126923076923077 0.549163179916318 0.02076923076923077 0.03765690376569038
0 0.48730769230769233 0.549163179916318 0.01769230769230769 0.027196652719665274
0 0.42230769230769233 0.5418410041841004 0.03538461538461538 0.06694560669456066
0 0.4453846153846154 0.5543933054393305 0.02 0.03138075313807531
0 0.39192307692307693 0.5413179916317992 0.019230769230769232 0.032426778242677826
0 0.3676923076923077 0.5418410041841004 0.016923076923076923 0.027196652719665274
0 0.34115384615384614 0.5256276150627615 0.026923076923076925 0.038702928870292884
0 0.3007692307692308 0.5575313807531381 0.015384615384615385 0.027196652719665274
0 0.2573076923076923 0.5371338912133892 0.03769230769230769 0.06589958158995816
0 0.17923076923076922 0.5538702928870293 0.03076923076923077 0.049163179916317995
0 0.10615384615384615 0.5371338912133892 0.04461538461538461 0.06589958158995816
0 0.014615384615384615 0.6056485355648535 0.06153846153846154 0.0899581589958159
