0 0.153125 0.2923611111111111 0.04375 0.10138888888888889
0 0.258984375 0.32083333333333336 0.04453125 0.1
0 0.356640625 0.36041666666666666 0.03671875 0.08472222222222223
0 0.448046875 0.4222222222222222 0.03984375 0.09444444444444444
0 0.483984375 0.33819444444444446 0.04140625 0.09027777777777778
0 0.525390625 0.37430555555555556 0.04140625 0.0875
0 0.625 0.32430555555555557 0.0390625 0.0875
0 0.7 0.2763888888888889 0.0453125 0.1
0 0.78359375 0.27291666666666664 0.04375 0.09027777777777778
0 0.84296875 0.3111111111111111 0.0515625 0.11944444444444445
0 0.73203125 0.2625 0.0328125 0.08333333333333333
0 0.660546875 0.17708333333333334 0.03671875 0.0763888888888889
0 0.619921875 0.19236111111111112 0.03359375 0.0763888888888889
0 0.5765625 0.20208333333333334 0.0328125 0.06805555555555555
0 0.519140625 0.22361111111111112 0.03515625 0.06666666666666667
0 0.44921875 0.17847222222222223 0.0328125 0.0763888888888889
0 0.4265625 0.2881944444444444 0.0390625 0.08472222222222223
0 0.319140625 0.3013888888888889 0.03984375 0.08055555555555556
0 0.365625 0.18333333333333332 0.0359375 0.075
0 0.28125 0.23125 0.0328125 0.07916666666666666
0 0.308203125 0.1527777777777778 0.03359375 0.06944444444444445
0 0.396875 0.12777777777777777 0.0328125 0.07777777777777778
0 0.48515625 0.17152777777777778 0.0265625 0.0625
0 0.523046875 0.15208333333333332 0.02890625 0.059722222222222225
0 0.572265625 0.11319444444444444 0.03359375 0.07361111111111111
0 0.637109375 0.13680555555555557 0.03046875 0.06805555555555555
