0 0.9635135135135136 0.5860148514851485 0.04864864864864865 0.050742574257425746
0 0.9094594594594595 0.5754950495049505 0.043243243243243246 0.04702970297029703
0 0.8837837837837837 0.5488861386138614 0.03513513513513514 0.043316831683168314
0 0.8277027027027027 0.7469059405940595 0.05810810810810811 0.06311881188118812
0 0.8054054054054054 0.6150990099009901 0.043243243243243246 0.05198019801980198
0 0.8297297297297297 0.5724009900990099 0.043243243243243246 0.043316831683168314
0 0.7831081081081082 0.5606435643564357 0.03918918918918919 0.04455445544554455
0 0.7094594594594594 0.557549504950495 0.03783783783783784 0.050742574257425746
0 0.7479729729729729 0.588490099009901 0.03648648648648649 0.043316831683168314
0 0.6871621621621622 0.6150990099009901 0.0445945945945946 0.04702970297029703
0 0.7027027027027027 0.6955445544554455 0.04594594594594595 0.05693069306930693
0 0.6472972972972973 0.5773514851485149 0.03513513513513514 0.043316831683168314
0 0.6155405405405405 0.682549504950495 0.03918918918918919 0.050742574257425746
0 0.595945945945946 0.5550742574257426 0.03783783783783784 0.04826732673267327
0 0.5310810810810811 0.7407178217821783 0.043243243243243246 0.05816831683168317
0 0.4297297297297297 0.744430693069307 0.043243243243243246 0.055693069306930694
0 0.5398648648648648 0.5705445544554455 0.03918918918918919 0.04455445544554455
0 0.49324324324324326 0.5550742574257426 0.03513513513513514 0.038366336633663366
0 0.48243243243243245 0.5798267326732673 0.03783783783783784 0.04084158415841584
0 0.43648648648648647 0.599009900990099 0.03513513513513514 0.04207920792079208
0 0.40405405405405403 0.5785891089108911 0.03513513513513514 0.043316831683168314
0 0.3831081081081081 0.5655940594059405 0.033783783783783786 0.03712871287128713
0 0.3554054054054054 0.5872524752475248 0.03513513513513514 0.043316831683168314
0 0.3141891891891892 0.7023514851485149 0.0472972972972973 0.06311881188118812
0 0.3398648648648649 0.551980198019802 0.03648648648648649 0.04207920792079208
0 0.3033783783783784 0.5847772277227723 0.03648648648648649 0.03589108910891089
0 0.26013513513513514 0.6070544554455446 0.041891891891891894 0.04579207920792079
0 0.2614864864864865 0.5606435643564357 0.03648648648648649 0.039603960396039604
0 0.2087837837837838 0.5761138613861386 0.033783783783783786 0.043316831683168314
0 0.16756756756756758 0.593440594059406 0.04594594594594595 0.050742574257425746
0 0.17635135135135135 0.7097772277227723 0.05 0.06311881188118812
0 0.08108108108108109 0.5835396039603961 0.04594594594594595 0.053217821782178217
0 0.13378378378378378 0.5705445544554455 0.04054054054054054 0.04702970297029703
