0 0.760498046875 0.41215226939970717 0.07958984375 0.1478770131771596
0 0.89306640625 0.22547584187408493 0.052734375 0.07906295754026355
0 0.904052734375 0.4176427525622255 0.06201171875 0.10322108345534407
0 0.7392578125 0.30161054172767204 0.0478515625 0.09077598828696926
0 0.4814453125 0.3005124450951684 0.0693359375 0.1061493411420205
0 0.27880859375 0.3158857979502196 0.048828125 0.07833089311859444
0 0.289306640625 0.30161054172767204 0.05224609375 0.08931185944363104
0 0.44384765625 0.21339677891654465 0.0517578125 0.095900439238653
0 0.526123046875 0.2774524158125915 0.05029296875 0.09370424597364568
0 0.62109375 0.2521961932650073 0.0478515625 0.0739385065885798
0 0.22021484375 0.2609809663250366 0.046875 0.10468521229868229
0 0.256591796875 0.17898975109809664 0.05126953125 0.08272327964860908
