0 -0.0215 0.43928035982008995 0.091 0.14992503748125938
0 0.249 0.4587706146926537 0.138 0.24287856071964017
0 0.1165 0.41304347826086957 0.083 0.12743628185907047
0 0.3235 0.3530734632683658 0.073 0.136431784107946
0 0.376 0.38980509745127434 0.048 0.09295352323838081
0 0.594 0.6176911544227887 0.128 0.2128935532233883
0 0.4935 0.48875562218890556 0.077 0.11694152923538231
0 0.7155 0.42653673163418293 0.037 0.05547226386806597
0 0.7905 0.3815592203898051 0.043 0.06446776611694154
0 0.85 0.46776611694152925 0.046 0.08095952023988005
0 0.8995 0.3793103448275862 0.059 0.08395802098950525
0 0.98 0.5232383808095952 0.074 0.11694152923538231
