0 0.05029296875 0.3814055636896047 0.0673828125 0.13030746705710103
0 0.10888671875 0.41874084919472915 0.0966796875 0.1815519765739385
0 0.19384765625 0.4992679355783309 0.0791015625 0.14641288433382138
0 0.1640625 0.6793557833089312 0.10546875 0.17276720351390923
0 0.45703125 0.6478770131771596 0.130859375 0.18301610541727673
0 0.6083984375 0.8111273792093704 0.130859375 0.17569546120058566
0 0.87353515625 0.732796486090776 0.0869140625 0.15373352855051245
0 0.95556640625 0.7210834553440703 0.0712890625 0.11566617862371889
0 0.72705078125 0.6910688140556369 0.0634765625 0.1054172767203514
0 0.30810546875 0.575402635431918 0.0751953125 0.12298682284040996
0 0.3876953125 0.5768667642752562 0.072265625 0.12884333821376281
0 0.18896484375 0.38872620790629575 0.0673828125 0.1273792093704246
0 0.2470703125 0.43484626647144947 0.05859375 0.09370424597364568
0 0.28369140625 0.43484626647144947 0.0498046875 0.10248901903367497
0 0.37353515625 0.5036603221083455 0.0634765625 0.09663250366032211
0 0.46923828125 0.5036603221083455 0.0595703125 0.10834553440702782
0 0.353515625 0.39092240117130306 0.04296875 0.07027818448023426
0 0.4287109375 0.4582723279648609 0.060546875 0.08784773060029283
0 0.5126953125 0.390190336749634 0.0546875 0.0951683748169839
0 0.548828125 0.48462664714494874 0.05078125 0.0849194729136164
0 0.59326171875 0.5029282576866764 0.0673828125 0.10688140556368961
0 0.61572265625 0.47218155197657397 0.0478515625 0.08345534407027819
0 0.62255859375 0.4253294289897511 0.0478515625 0.08052708638360176
0 0.66259765625 0.4868228404099561 0.0439453125 0.08052708638360176
0 0.703125 1.0248901903367496 0.189453125 0.9136163982430454
0 0.8701171875 0.5915080527086384 0.048828125 0.08199121522693997
0 0.92919921875 0.5871156661786238 0.0615234375 0.09663250366032211
0 0.966796875 0.595900439238653 0.060546875 0.09370424597364568
0 0.70556640625 0.595900439238653 0.0634765625 0.08784773060029283
0 0.765625 0.6010248901903368 0.052734375 0.09809663250366032
0 0.1875 0.3857979502196193 0.0703125 0.11566617862371889
0 0.27734375 0.3089311859443631 0.048828125 0.08199121522693997
0 0.486328125 0.3967789165446559 0.033203125 0.06734992679355783
0 0.60205078125 0.3689604685212299 0.0322265625 0.06442166910688141
