0 0.1875 0.17431561996779388 0.060546875 0.1392914653784219
0 0.060546875 0.0640096618357488 0.025390625 0.05394524959742351
0 0.3134765625 0.25684380032206117 0.041015625 0.07407407407407407
0 0.36962890625 0.11876006441223833 0.0634765625 0.11835748792270531
0 0.60302734375 0.10668276972624799 0.060546875 0.1280193236714976
0 0.485595703125 0.29871175523349436 0.02880859375 0.0499194847020934
0 0.49560546875 0.24677938808373592 0.0234375 0.039452495974235106
0 0.801513671875 0.16706924315619967 0.05712890625 0.12318840579710146
0 0.89306640625 0.29508856682769724 0.0498046875 0.09259259259259259
0 0.718994140625 0.2922705314009662 0.04345703125 0.0821256038647343
0 0.7216796875 0.2962962962962963 0.0498046875 0.08695652173913043
0 0.298095703125 0.0861513687600644 0.02685546875 0.057971014492753624
0 0.38427734375 0.06602254428341385 0.0263671875 0.04669887278582931
0 0.514404296875 0.018115942028985508 0.01904296875 0.036231884057971016
0 0.595703125 0.0036231884057971015 0.0224609375 0.03462157809983897
0 0.316650390625 -0.008856682769726247 0.01806640625 0.0322061191626409
0 0.171875 -0.020128824476650563 0.015625 0.030595813204508857
0 0.10595703125 -0.02254428341384863 0.013671875 0.028985507246376812
0 0.2626953125 0.06682769726247988 0.0400390625 0.15136876006441224
