0 0.112 0.8146853146853147 0.037333333333333336 0.06893106893106893
0 0.20033333333333334 0.7407592407592407 0.034 0.06493506493506493
0 0.08333333333333333 0.7102897102897103 0.036 0.06993006993006994
0 0.16166666666666665 0.6753246753246753 0.03666666666666667 0.07192807192807193
0 0.233 0.6413586413586414 0.03 0.059940059940059943
0 0.276 0.6428571428571429 0.03333333333333333 0.07292707292707293
0 0.31866666666666665 0.5999000999000998 0.030666666666666665 0.060939060939060936
0 0.3536666666666667 0.6718281718281718 0.034 0.06893106893106893
0 0.43766666666666665 0.6683316683316683 0.035333333333333335 0.07592407592407592
0 0.491 0.6438561438561439 0.03266666666666666 0.07092907092907093
0 0.5366666666666666 0.6458541458541458 0.030666666666666665 0.07092907092907093
0 0.614 0.6418581418581418 0.036 0.07692307692307693
0 0.629 0.5874125874125874 0.035333333333333335 0.06393606393606394
0 0.6926666666666667 0.6723276723276723 0.04 0.07592407592407592
0 0.709 0.6073926073926074 0.035333333333333335 0.06593406593406594
0 0.796 0.6268731268731269 0.032 0.06293706293706294
0 0.7663333333333333 0.7237762237762237 0.03133333333333333 0.060939060939060936
0 0.8396666666666667 0.7462537462537463 0.035333333333333335 0.06793206793206794
0 0.864 0.8146853146853147 0.03866666666666667 0.07292707292707293
0 0.8763333333333333 0.6568431568431569 0.03666666666666667 0.07092907092907093
0 0.863 0.5729270729270729 0.034 0.060939060939060936
0 0.7853333333333333 0.5699300699300699 0.030666666666666665 0.056943056943056944
0 0.714 0.545954045954046 0.032 0.058941058941058944
0 0.6363333333333333 0.5114885114885115 0.03266666666666666 0.061938061938061936
0 0.5816666666666667 0.500999000999001 0.028666666666666667 0.056943056943056944
0 0.554 0.5689310689310689 0.028 0.06693306693306693
0 0.4573333333333333 0.505994005994006 0.032 0.06293706293706294
0 0.3983333333333333 0.5774225774225774 0.035333333333333335 0.06593406593406594
0 0.3343333333333333 0.548951048951049 0.028666666666666667 0.054945054945054944
0 0.256 0.557942057942058 0.032 0.06293706293706294
0 0.201 0.5154845154845155 0.028666666666666667 0.059940059940059943
0 0.191 0.5689310689310689 0.034 0.06493506493506493
0 0.12666666666666668 0.5414585414585414 0.03333333333333333 0.06593406593406594
0 0.10633333333333334 0.6208791208791209 0.03133333333333333 0.06293706293706294
0 0.11933333333333333 0.49000999000999 0.029333333333333333 0.056943056943056944
0 0.242 0.45854145854145856 0.028 0.05194805194805195
0 0.2763333333333333 0.48001998001998003 0.028666666666666667 0.06293706293706294
0 0.30633333333333335 0.46653346653346656 0.03 0.057942057942057944
0 0.3516666666666667 0.486013986013986 0.03 0.060939060939060936
0 0.381 0.45904095904095904 0.03133333333333333 0.04895104895104895
0 0.4003333333333333 0.44405594405594406 0.026 0.054945054945054944
0 0.467 0.4095904095904096 0.028666666666666667 0.053946053946053944
0 0.519 0.4005994005994006 0.024666666666666667 0.059940059940059943
0 0.561 0.3826173826173826 0.024666666666666667 0.04995004995004995
0 0.5663333333333334 0.43656343656343655 0.03 0.06593406593406594
0 0.6203333333333333 0.42657342657342656 0.026 0.053946053946053944
0 0.6723333333333333 0.45254745254745254 0.03 0.053946053946053944
0 0.7013333333333334 0.5004995004995005 0.029333333333333333 0.055944055944055944
0 0.6943333333333334 0.4225774225774226 0.024666666666666667 0.05194805194805195
0 0.7473333333333333 0.46503496503496505 0.025333333333333333 0.04895104895104895
0 0.7736666666666666 0.504995004995005 0.03 0.058941058941058944
0 0.843 0.508991008991009 0.028666666666666667 0.060939060939060936
0 0.8976666666666666 0.5024975024975025 0.027333333333333334 0.055944055944055944
0 0.8656666666666667 0.3921078921078921 0.027333333333333334 0.054945054945054944
0 0.7896666666666666 0.4110889110889111 0.027333333333333334 0.054945054945054944
0 0.8066666666666666 0.45054945054945056 0.02266666666666667 0.04795204795204795
0 0.8306666666666667 0.45604395604395603 0.029333333333333333 0.058941058941058944
0 0.7593333333333333 0.4100899100899101 0.028 0.056943056943056944
0 0.7826666666666666 0.33766233766233766 0.028 0.05194805194805195
0 0.7273333333333334 0.3661338661338661 0.029333333333333333 0.052947052947052944
0 0.669 0.37812187812187814 0.027333333333333334 0.052947052947052944
0 0.6076666666666667 0.3581418581418581 0.024666666666666667 0.05094905094905095
0 0.5356666666666666 0.35264735264735264 0.024666666666666667 0.05194805194805195
0 0.5 0.36213786213786214 0.025333333333333333 0.05094905094905095
0 0.4483333333333333 0.33666333666333664 0.022 0.04595404595404595
0 0.436 0.37162837162837165 0.02666666666666667 0.057942057942057944
0 0.37466666666666665 0.3836163836163836 0.029333333333333333 0.053946053946053944
0 0.32966666666666666 0.42357642357642356 0.027333333333333334 0.05194805194805195
0 0.33066666666666666 0.36013986013986016 0.029333333333333333 0.04895104895104895
0 0.2803333333333333 0.3726273726273726 0.03 0.053946053946053944
0 0.24066666666666667 0.3741258741258741 0.02666666666666667 0.05094905094905095
0 0.21233333333333335 0.38461538461538464 0.026 0.053946053946053944
0 0.18033333333333335 0.37012987012987014 0.026 0.05094905094905095
0 0.12333333333333334 0.35514485514485516 0.025333333333333333 0.04295704295704296
0 0.11966666666666667 0.44155844155844154 0.027333333333333334 0.05194805194805195
0 0.106 0.3771228771228771 0.02666666666666667 0.056943056943056944
0 0.04 0.34665334665334663 0.032 0.053946053946053944
0 0.07333333333333333 0.3001998001998002 0.028 0.05094905094905095
0 0.123 0.3501498501498502 0.024666666666666667 0.04895104895104895
0 0.18533333333333332 0.3246753246753247 0.025333333333333333 0.04995004995004995
0 0.213 0.3851148851148851 0.023333333333333334 0.054945054945054944
0 0.23466666666666666 0.3261738261738262 0.02266666666666667 0.04495504495504495
0 0.2786666666666667 0.3016983016983017 0.025333333333333333 0.053946053946053944
0 0.3353333333333333 0.3116883116883117 0.025333333333333333 0.04795204795204795
0 0.3396666666666667 0.2922077922077922 0.027333333333333334 0.05094905094905095
0 0.38766666666666666 0.3246753246753247 0.024666666666666667 0.053946053946053944
0 0.4026666666666667 0.3026973026973027 0.021333333333333333 0.04795204795204795
0 0.44533333333333336 0.23026973026973027 0.02266666666666667 0.04495504495504495
0 0.49866666666666665 0.31518481518481517 0.024 0.04895104895104895
0 0.505 0.2907092907092907 0.022 0.04795204795204795
0 0.5436666666666666 0.2807192807192807 0.023333333333333334 0.04595404595404595
0 0.544 0.2787212787212787 0.021333333333333333 0.04995004995004995
0 0.603 0.3101898101898102 0.027333333333333334 0.04695304695304695
0 0.592 0.2942057942057942 0.024 0.04295704295704296
0 0.6566666666666666 0.3006993006993007 0.02666666666666667 0.05194805194805195
0 0.6986666666666667 0.3011988011988012 0.02 0.04495504495504495
0 0.7443333333333333 0.2932067932067932 0.026 0.05094905094905095
0 0.7936666666666666 0.3006993006993007 0.022 0.04795204795204795
0 0.749 0.24375624375624375 0.027333333333333334 0.04795204795204795
0 0.7146666666666667 0.24075924075924077 0.018666666666666668 0.03796203796203796
0 0.69 0.2597402597402597 0.025333333333333333 0.04795204795204795
0 0.6643333333333333 0.1983016983016983 0.022 0.04695304695304695
0 0.6403333333333333 0.24025974025974026 0.022 0.04495504495504495
0 0.6096666666666667 0.2177822177822178 0.022 0.04195804195804196
0 0.6046666666666667 0.1983016983016983 0.02 0.03496503496503497
0 0.5763333333333334 0.25374625374625376 0.019333333333333334 0.03796203796203796
0 0.5696666666666667 0.23126873126873126 0.020666666666666667 0.03896103896103896
0 0.5853333333333334 0.17082917082917082 0.021333333333333333 0.04195804195804196
0 0.5406666666666666 0.18181818181818182 0.02266666666666667 0.03996003996003996
0 0.5223333333333333 0.16233766233766234 0.018 0.03896103896103896
0 0.49566666666666664 0.17882117882117882 0.022 0.03996003996003996
0 0.505 0.23126873126873126 0.016666666666666666 0.03696303696303696
0 0.49033333333333334 0.26223776223776224 0.020666666666666667 0.03896103896103896
0 0.43333333333333335 0.26023976023976025 0.02266666666666667 0.04695304695304695
0 0.44733333333333336 0.22977022977022976 0.025333333333333333 0.04395604395604396
0 0.467 0.19080919080919082 0.023333333333333334 0.05194805194805195
0 0.4603333333333333 0.13636363636363635 0.022 0.04495504495504495
0 0.37733333333333335 0.2562437562437562 0.024 0.04695304695304695
0 0.38366666666666666 0.22927072927072928 0.020666666666666667 0.04095904095904096
0 0.397 0.17132867132867133 0.022 0.04495504495504495
0 0.32033333333333336 0.22927072927072928 0.024666666666666667 0.04495504495504495
0 0.3396666666666667 0.1893106893106893 0.020666666666666667 0.04095904095904096
0 0.3423333333333333 0.13036963036963037 0.023333333333333334 0.04095904095904096
0 0.2786666666666667 0.17082917082917082 0.024 0.04195804195804196
0 0.2703333333333333 0.24475524475524477 0.024666666666666667 0.04995004995004995
0 0.246 0.23526473526473526 0.025333333333333333 0.04495504495504495
0 0.20366666666666666 0.21578421578421578 0.024666666666666667 0.04395604395604396
0 0.18733333333333332 0.1938061938061938 0.021333333333333333 0.03796203796203796
0 0.211 0.2952047952047952 0.026 0.04295704295704296
0 0.16133333333333333 0.2837162837162837 0.021333333333333333 0.04395604395604396
0 0.14033333333333334 0.30719280719280717 0.022 0.04495504495504495
0 0.13233333333333333 0.21078921078921078 0.024666666666666667 0.04395604395604396
