0 0.029166666666666667 0.7125 0.025 0.035
0 0.0375 0.70375 0.021666666666666667 0.0375
0 0.09083333333333334 0.76375 0.015 0.0275
0 0.1425 0.74 0.021666666666666667 0.04
0 0.17583333333333334 0.725 0.025 0.04
0 0.25333333333333335 0.7175 0.02 0.03
0 0.2925 0.7075 0.025 0.035
0 0.3225 0.81125 0.018333333333333333 0.0275
0 0.32166666666666666 0.735 0.02 0.03
0 0.385 0.72375 0.02 0.0325
0 0.38416666666666666 0.7075 0.011666666666666667 0.025
0 0.41333333333333333 0.7125 0.02 0.035
0 0.445 0.75125 0.02666666666666667 0.0375
0 0.47 0.73125 0.016666666666666666 0.0325
0 0.4891666666666667 0.73375 0.021666666666666667 0.0325
0 0.5241666666666667 0.73 0.018333333333333333 0.03
0 0.5525 0.7275 0.018333333333333333 0.03
0 0.575 0.74 0.013333333333333334 0.02
0 0.5958333333333333 0.71625 0.015 0.0275
0 0.6208333333333333 0.71125 0.015 0.0275
0 0.6375 0.72625 0.015 0.0275
0 0.6766666666666666 0.72125 0.02 0.0275
0 0.6991666666666667 0.715 0.015 0.02
0 0.7241666666666666 0.7175 0.011666666666666667 0.02
0 0.7508333333333334 0.72375 0.011666666666666667 0.0175
0 0.7883333333333333 0.73375 0.01 0.0175
0 0.7725 0.7275 0.011666666666666667 0.02
0 0.7458333333333333 0.70125 0.011666666666666667 0.0175
0 0.765 0.76625 0.03 0.1575
0 0.7708333333333334 0.7125 0.008333333333333333 0.015
0 0.7675 0.735 0.011666666666666667 0.02
0 0.7908333333333334 0.70125 0.011666666666666667 0.0275
0 0.8508333333333333 0.73625 0.015 0.0225
0 0.8166666666666667 0.72625 0.01 0.0175
