0 -0.013 0.46026986506746626 0.088 0.15892053973013492
0 0.0175 0.46926536731634183 0.053 0.10494752623688156
0 0.099 0.46551724137931033 0.042 0.0704647676161919
0 0.144 0.5104947526236882 0.072 0.13043478260869565
0 0.221 0.46701649175412296 0.054 0.09145427286356822
0 0.3395 0.4662668665667166 0.013 0.020989505247376312
0 0.37 0.4662668665667166 0.012 0.020989505247376312
0 0.396 0.48125937031484256 0.01 0.014992503748125937
0 0.4235 0.46776611694152925 0.011 0.017991004497751123
0 0.508 0.4497751124437781 0.008 0.01199400299850075
0 0.516 0.44377811094452774 0.008 0.01199400299850075
0 0.539 0.44677661169415295 0.008 0.01199400299850075
0 0.5585 0.47226386806596704 0.011 0.020989505247376312
0 0.584 0.46026986506746626 0.01 0.014992503748125937
0 0.621 0.4715142428785607 0.016 0.022488755622188907
0 0.681 0.46851574212893554 0.026 0.037481259370314844
0 0.693 0.46326836581709147 0.02 0.03298350824587706
0 0.894 0.48650674662668664 0.026 0.049475262368815595
0 1.0305 0.4745127436281859 0.051 0.07646176911544228
