0 0.0302734375 0.4973958333333333 0.181640625 0.2682291666666667
0 0.2158203125 0.5611979166666666 0.07421875 0.1171875
0 0.23876953125 0.4635416666666667 0.0439453125 0.0625
0 0.404296875 0.5084635416666666 0.08203125 0.12630208333333334
0 0.541015625 0.5169270833333334 0.046875 0.08072916666666667
0 0.61328125 0.4381510416666667 0.037109375 0.05859375
0 0.666015625 0.537109375 0.048828125 0.06901041666666667
0 0.7490234375 0.8294270833333334 0.05078125 0.06770833333333333
0 0.7119140625 0.4427083333333333 0.0390625 0.06770833333333333
0 0.7861328125 0.4134114583333333 0.037109375 0.05859375
0 0.830078125 0.4251302083333333 0.0625 0.09505208333333333
0 1.0029296875 0.4127604166666667 0.07421875 0.12239583333333333
