0 0.1487911522633745 0.27391975308641975 0.04140946502057613 0.07407407407407407
0 0.2025462962962963 0.2993827160493827 0.04140946502057613 0.08179012345679013
0 0.2698045267489712 0.2673611111111111 0.042695473251028807 0.08256172839506173
0 0.38155864197530864 0.43074845679012347 0.04449588477366255 0.08603395061728394
0 0.49511316872427985 0.41512345679012347 0.046296296296296294 0.08256172839506173
0 0.6147119341563786 0.43364197530864196 0.04681069958847737 0.08256172839506173
0 0.8068415637860082 0.2623456790123457 0.053497942386831275 0.0941358024691358
0 0.742798353909465 0.3003472222222222 0.045781893004115226 0.09143518518518519
0 0.6619084362139918 0.2671682098765432 0.045010288065843625 0.08526234567901235
0 0.6547067901234568 0.19116512345679013 0.03369341563786008 0.07060185185185185
0 0.6000514403292181 0.27141203703703703 0.0411522633744856 0.07677469135802469
0 0.5489969135802469 0.2941743827160494 0.041923868312757205 0.08989197530864197
0 0.43415637860082307 0.30497685185185186 0.040123456790123455 0.07137345679012345
0 0.3856738683127572 0.25771604938271603 0.04089506172839506 0.0787037037037037
0 0.3161008230452675 0.26967592592592593 0.03755144032921811 0.07330246913580248
0 0.48842592592592593 0.2569444444444444 0.03960905349794239 0.08333333333333333
0 0.27289094650205764 0.16589506172839505 0.03652263374485597 0.06172839506172839
0 0.36252572016460904 0.16917438271604937 0.03986625514403292 0.06597222222222222
0 0.4340277777777778 0.16261574074074073 0.03780864197530864 0.07060185185185185
0 0.5082304526748971 0.1730324074074074 0.03909465020576132 0.06520061728395062
0 0.5830761316872428 0.17881944444444445 0.03960905349794239 0.06905864197530864
