0 0.27689352360043906 0.19596462133775566 0.041163556531284305 0.10668877833056938
0 0.5172886937431395 0.26865671641791045 0.03732162458836443 0.09508015478164732
0 0.6223929747530187 0.470702045328911 0.05982436882546652 0.11000552791597568
0 0.9282381997804611 0.8275290215588723 0.02552140504939627 0.05638474295190713
0 0.975576289791438 0.574350469872858 0.021953896816684963 0.05749032614704257
0 0.895993413830955 0.5925925925925926 0.021405049396267837 0.05085682697622996
0 0.8597694840834248 0.6824212271973465 0.021953896816684963 0.04919845218352681
0 0.8154500548847421 0.5762852404643449 0.022228320526893525 0.050304035378662244
0 0.8088638858397366 0.6721945826423439 0.024972557628979142 0.04975124378109453
0 0.7386114160263447 0.8200663349917081 0.022228320526893525 0.04477611940298507
0 0.7627607025246982 0.6639027086788281 0.01619099890230516 0.03980099502487562
0 0.7253018660812294 0.6611387506909895 0.018111964873765093 0.04201216141514649
0 0.6945664105378705 0.6412382531785517 0.018111964873765093 0.038695411829740185
0 0.6719264544456641 0.6976229961304589 0.01783754116355653 0.05306799336650083
0 0.5889132821075741 0.6401326699834162 0.017014270032930844 0.038695411829740185
0 0.5181119648737651 0.5646766169154229 0.02854006586169045 0.05804311774461028
0 0.4105378704720088 0.8424543946932007 0.017014270032930844 0.05085682697622996
0 0.3965422612513721 0.8114980652294085 0.014818880351262349 0.03316749585406302
0 0.3357574094401756 0.7288557213930348 0.0216794731064764 0.046987285793255944
0 0.30666849615806807 0.6710889994472085 0.01783754116355653 0.03980099502487562
0 0.28142151481888034 0.7177998894416805 0.022228320526893525 0.04367053620784964
0 0.22873216245883643 0.7211166390270868 0.0216794731064764 0.05140961857379768
0 0.19978046103183314 0.6832504145936982 0.019209659714599342 0.04201216141514649
0 0.15216794731064764 0.728579325594251 0.022777167947310648 0.05306799336650083
0 0.023874862788144897 0.7609176340519624 0.019209659714599342 0.04145936981757877
0 0.05570801317233809 0.6835268103924821 0.017014270032930844 0.037037037037037035
0 0.011388583973655324 0.7111663902708679 0.01783754116355653 0.040353786622443336
0 0.42521953896816683 0.6904367053620785 0.021130625686059275 0.03648424543946932
