0 0.11773700305810397 0.23532796317606444 0.03058103975535168 0.05638665132336018
0 0.18081039755351683 0.26064441887226697 0.02981651376146789 0.05408515535097814
0 0.22668195718654435 0.23532796317606444 0.03134556574923547 0.05868814729574223
0 0.29396024464831805 0.25604142692750287 0.028287461773700305 0.06098964326812428
0 0.3673547400611621 0.2336018411967779 0.02981651376146789 0.05523590333716916
0 0.1448776758409786 0.40563866513233604 0.03746177370030581 0.06559263521288838
0 0.2396788990825688 0.5586881472957422 0.03134556574923547 0.05638665132336018
0 0.26758409785932724 0.40563866513233604 0.035168195718654434 0.05868814729574223
0 0.3658256880733945 0.4608745684695052 0.034403669724770644 0.06098964326812428
0 0.4827981651376147 0.43498273878020716 0.03287461773700306 0.06214039125431531
0 0.628822629969419 0.23417721518987342 0.03134556574923547 0.06789413118527042
0 0.6058868501529052 0.3659378596087457 0.02522935779816514 0.05063291139240506
0 0.5745412844036697 0.4407364787111623 0.034403669724770644 0.07364787111622555
0 0.6571100917431193 0.4810126582278481 0.03134556574923547 0.05523590333716916
0 0.7484709480122325 0.34522439585730724 0.03058103975535168 0.05523590333716916
0 0.7484709480122325 0.5391254315304949 0.03058103975535168 0.05408515535097814
0 0.8222477064220184 0.6139240506329114 0.02981651376146789 0.047180667433831994
0 0.8757645259938838 0.44994246260069043 0.03287461773700306 0.05983889528193326
