0 0.2781914893617021 0.44415357766143104 0.047872340425531915 0.10296684118673648
0 0.3393617021276596 0.46335078534031415 0.036170212765957444 0.07504363001745201
0 0.39361702127659576 0.5034904013961605 0.036170212765957444 0.08202443280977312
0 0.43563829787234043 0.46335078534031415 0.03723404255319149 0.06806282722513089
0 0.4776595744680851 0.5130890052356021 0.03829787234042553 0.06980802792321117
0 0.5207446808510638 0.45898778359511344 0.035106382978723406 0.06980802792321117
0 0.5558510638297872 0.4799301919720768 0.03723404255319149 0.07329842931937172
0 0.5808510638297872 0.4293193717277487 0.031914893617021274 0.06631762652705062
0 0.6260638297872341 0.44502617801047123 0.039361702127659576 0.06282722513089005
0 0.6670212765957447 0.506108202443281 0.04042553191489362 0.06980802792321117
0 0.7164893617021276 0.4581151832460733 0.035106382978723406 0.08551483420593368
0 0.7760638297872341 0.47033158813263526 0.043617021276595745 0.08551483420593368
