0 0.04625 0.7476547842401501 0.015 0.020637898686679174
0 0.025625 0.8320825515947468 0.01125 0.020637898686679174
0 0.0575 0.7626641651031895 0.01 0.020637898686679174
0 0.079375 0.7673545966228893 0.01125 0.01876172607879925
0 0.079375 0.7954971857410882 0.00875 0.0150093808630394
0 0.126875 0.7626641651031895 0.00875 0.016885553470919325
0 0.14 0.7814258911819888 0.0075 0.013133208255159476
0 0.151875 0.774859287054409 0.00875 0.0150093808630394
0 0.205625 0.7701688555347092 0.00875 0.013133208255159476
0 0.2375 0.7936210131332082 0.0075 0.01125703564727955
0 0.246875 0.7861163227016885 0.00875 0.0150093808630394
0 0.28 0.7889305816135085 0.0075 0.013133208255159476
0 0.290625 0.8283302063789869 0.02125 0.08442776735459662
0 0.306875 0.7917448405253283 0.00875 0.0150093808630394
0 0.335 0.797373358348968 0.0075 0.01125703564727955
0 0.52125 0.8255159474671669 0.0225 0.10131332082551595
0 0.6225 0.7908067542213884 0.0075 0.013133208255159476
0 0.640625 0.7954971857410882 0.00625 0.01125703564727955
0 0.6675 0.7908067542213884 0.0075 0.013133208255159476
0 0.683125 0.7926829268292683 0.00875 0.013133208255159476
0 0.706875 0.7879924953095685 0.00875 0.0150093808630394
0 0.72375 0.7879924953095685 0.01 0.0150093808630394
0 0.7525 0.774859287054409 0.0125 0.01876172607879925
0 0.85625 0.7729831144465291 0.01 0.01876172607879925
0 0.87125 0.7711069418386491 0.0125 0.0225140712945591
0 0.95 0.7617260787992496 0.0125 0.0225140712945591
0 0.818125 0.8264540337711069 0.01375 0.039399624765478425
