0 1.019921875 0.22152777777777777 0.04296875 0.07361111111111111
0 0.922265625 0.2625 0.02265625 0.05
0 0.80703125 0.2826388888888889 0.01875 0.0375
0 0.773828125 0.2847222222222222 0.01484375 0.027777777777777776
0 0.6546875 0.18194444444444444 0.04375 0.09444444444444444
0 0.29765625 0.1451388888888889 0.0609375 0.09583333333333334
0 0.566015625 0.2125 0.03515625 0.05277777777777778
0 0.4546875 0.27361111111111114 0.01875 0.044444444444444446
0 0.401171875 0.2652777777777778 0.03046875 0.07222222222222222
0 0.35625 0.24444444444444444 0.046875 0.09166666666666666
0 0.21484375 0.2222222222222222 0.028125 0.05277777777777778
0 0.12265625 0.2590277777777778 0.015625 0.034722222222222224
0 0.1640625 0.24791666666666667 0.0140625 0.02638888888888889
0 0.0640625 0.26944444444444443 0.009375 0.019444444444444445
0 0.0421875 0.26805555555555555 0.0078125 0.016666666666666666
0 0.26171875 0.25 0.0171875 0.03611111111111111
0 0.106640625 0.2659722222222222 0.01171875 0.02638888888888889
0 0.076953125 0.2722222222222222 0.00859375 0.016666666666666666
0 0.094140625 0.2743055555555556 0.00703125 0.015277777777777777
