0 0.02 0.362 0.012 0.017333333333333333
0 0.045 0.384 0.01 0.013333333333333334
0 0.0845 0.364 0.021 0.032
0 0.142 0.3426666666666667 0.02 0.029333333333333333
0 0.1425 0.356 0.019 0.024
0 0.172 0.35733333333333334 0.016 0.021333333333333333
0 0.183 0.36933333333333335 0.014 0.018666666666666668
0 0.2115 0.38866666666666666 0.019 0.025333333333333333
0 0.239 0.348 0.012 0.018666666666666668
0 0.2745 0.344 0.013 0.016
0 0.303 0.36133333333333334 0.01 0.016
0 0.3365 0.36133333333333334 0.013 0.021333333333333333
0 0.359 0.366 0.006 0.006666666666666667
0 0.3715 0.36333333333333334 0.013 0.02
0 0.388 0.3566666666666667 0.01 0.017333333333333333
0 0.4005 0.36533333333333334 0.005 0.005333333333333333
0 0.411 0.36333333333333334 0.008 0.012
0 0.4295 0.35733333333333334 0.015 0.018666666666666668
0 0.438 0.368 0.012 0.016
0 0.472 0.356 0.014 0.018666666666666668
0 0.507 0.32 0.036 0.050666666666666665
0 0.581 0.77 0.052 0.09466666666666666
0 0.5885 0.318 0.047 0.09466666666666666
0 0.659 0.2846666666666667 0.062 0.108
0 0.75 0.3446666666666667 0.016 0.02
0 0.8285 0.34933333333333333 0.013 0.018666666666666668
0 0.9075 0.35333333333333333 0.007 0.010666666666666666
0 0.9265 0.3606666666666667 0.007 0.009333333333333334
0 0.936 0.3606666666666667 0.006 0.009333333333333334
0 0.973 0.322 0.038 0.05466666666666667
