0 0.1975 0.76 0.0575 0.1
0 0.34875 0.7166666666666667 0.055 0.09333333333333334
0 0.473125 0.7133333333333334 0.04625 0.09
0 0.60875 0.695 0.0525 0.09
0 0.70125 0.6316666666666667 0.0575 0.1
0 0.854375 0.6091666666666666 0.06375 0.11166666666666666
0 0.893125 0.3875 0.04625 0.075
0 0.80625 0.4116666666666667 0.045 0.08
0 0.764375 0.39916666666666667 0.04125 0.06833333333333333
0 0.69125 0.3975 0.04 0.07833333333333334
0 0.589375 0.41 0.04625 0.07666666666666666
0 0.57 0.5433333333333333 0.0475 0.07666666666666666
0 0.429375 0.5725 0.05625 0.08833333333333333
0 0.235 0.5625 0.0525 0.095
0 0.50875 0.4175 0.0425 0.075
0 0.439375 0.4008333333333333 0.04375 0.065
0 0.355625 0.41 0.04125 0.07
0 0.28375 0.405 0.0425 0.07666666666666666
0 0.2025 0.42583333333333334 0.0425 0.065
0 0.2375 0.3475 0.0375 0.06166666666666667
0 0.715 0.23166666666666666 0.0375 0.06
0 0.30375 0.3425 0.0375 0.058333333333333334
0 0.38375 0.36 0.04 0.07666666666666666
0 0.3625 0.30583333333333335 0.0375 0.06166666666666667
0 0.460625 0.3275 0.03625 0.06166666666666667
0 0.554375 0.38916666666666666 0.03625 0.065
0 0.56125 0.3383333333333333 0.0425 0.06333333333333334
0 0.6075 0.3541666666666667 0.04 0.065
0 0.463125 0.3925 0.04375 0.07833333333333334
0 0.526875 0.37583333333333335 0.04125 0.06833333333333333
0 0.6475 0.4033333333333333 0.04 0.06666666666666667
0 0.653125 0.32 0.03625 0.07
0 0.6875 0.335 0.0425 0.07
0 0.776875 0.3325 0.04125 0.06833333333333333
