0 0.003472222222222222 0.4375 0.018055555555555554 0.0375
0 0.04722222222222222 0.40625 0.016666666666666666 0.025
0 0.07430555555555556 0.42083333333333334 0.02361111111111111 0.03333333333333333
0 0.1284722222222222 0.39895833333333336 0.018055555555555554 0.03125
0 0.22777777777777777 0.428125 0.016666666666666666 0.027083333333333334
0 0.3145833333333333 0.46979166666666666 0.02361111111111111 0.03958333333333333
0 0.4236111111111111 0.28541666666666665 0.08888888888888889 0.15833333333333333
0 0.4840277777777778 0.29583333333333334 0.06805555555555555 0.125
0 0.6763888888888889 0.25416666666666665 0.12222222222222222 0.20833333333333334
0 0.7986111111111112 0.303125 0.044444444444444446 0.08125
0 0.7256944444444444 0.25625 0.04583333333333333 0.1
0 0.8791666666666667 0.2947916666666667 0.058333333333333334 0.08958333333333333
0 0.9777777777777777 0.051041666666666666 0.16666666666666666 0.28958333333333336
0 0.7736111111111111 0.23645833333333333 0.03333333333333333 0.06458333333333334
0 0.3819444444444444 0.33229166666666665 0.011111111111111112 0.014583333333333334
