0 0.7509765625 0.4238653001464129 0.033203125 0.05710102489019034
0 0.70654296875 0.6551976573938506 0.0302734375 0.05417276720351391
0 0.58154296875 0.650805270863836 0.0322265625 0.0629575402635432
0 0.4619140625 0.6390922401171303 0.033203125 0.06588579795021962
0 0.6953125 0.4699853587115666 0.029296875 0.055636896046852125
0 0.67333984375 0.4780380673499268 0.0244140625 0.04538799414348463
0 0.64990234375 0.4868228404099561 0.0302734375 0.05417276720351391
0 0.6025390625 0.4663250366032211 0.033203125 0.060029282576866766
0 0.57373046875 0.4582723279648609 0.0263671875 0.04685212298682284
0 0.548828125 0.4685212298682284 0.029296875 0.0527086383601757
0 0.5009765625 0.4538799414348463 0.03125 0.055636896046852125
0 0.5166015625 0.46266471449487556 0.0234375 0.04978038067349927
0 0.46533203125 0.46412884333821375 0.0263671875 0.04685212298682284
0 0.443359375 0.45314787701317716 0.029296875 0.05710102489019034
0 0.4052734375 0.4560761346998536 0.025390625 0.048316251830161056
0 0.38720703125 0.4882869692532943 0.0283203125 0.05124450951683748
0 0.35546875 0.4663250366032211 0.02734375 0.05124450951683748
0 0.32763671875 0.46486090775988287 0.0263671875 0.05124450951683748
0 0.29833984375 0.5029282576866764 0.0302734375 0.05417276720351391
0 0.27587890625 0.41874084919472915 0.0322265625 0.05856515373352855
0 0.24072265625 0.486090775988287 0.0322265625 0.0527086383601757
0 0.19873046875 0.6822840409956076 0.0380859375 0.07027818448023426
