0 0.10965391621129326 0.21534800713860797 0.06484517304189436 0.12968471148126115
0 0.19380692167577412 0.27513384889946463 0.05683060109289618 0.10886377156454491
0 0.2604735883424408 0.27989292088042833 0.051730418943533696 0.10172516359309934
0 0.3477231329690346 0.2908982748364069 0.046994535519125684 0.1023200475907198
0 0.42987249544626593 0.2891136228435455 0.04663023679417122 0.09399167162403331
0 0.518943533697632 0.3087447947650208 0.04553734061930783 0.09280190362879238
0 0.6036429872495446 0.2965496728138013 0.04517304189435337 0.08982748364069007
0 0.6652094717668489 0.2694824509220702 0.04517304189435337 0.09875074360499703
0 0.7555555555555555 0.2498512790005949 0.04663023679417122 0.10945865556216537
0 0.8823315118397086 0.24419988102320048 0.05027322404371585 0.10053539559785842
0 0.40200364298724955 0.5187388459250446 0.057194899817850635 0.12373587150505651
0 0.5065573770491804 0.47144556811421773 0.05136612021857923 0.10648423557406306
0 0.6111111111111112 0.47917906008328376 0.05500910746812386 0.10886377156454491
0 0.7123861566484517 0.45776323616894704 0.05573770491803279 0.1255205234979179
