0 0.57734375 0.665943600867679 0.0234375 0.03470715835140998
0 0.65234375 0.6377440347071583 0.0234375 0.03470715835140998
0 0.48359375 0.6464208242950108 0.0265625 0.039045553145336226
0 0.4 0.6550976138828634 0.01875 0.03470715835140998
0 0.51796875 0.6464208242950108 0.0140625 0.021691973969631236
0 0.54296875 0.6008676789587852 0.0109375 0.01735357917570499
0 0.49765625 0.6149674620390455 0.0109375 0.015184381778741865
0 0.67578125 0.5759219088937093 0.0078125 0.010845986984815618
0 0.74140625 0.6019522776572668 0.0140625 0.019522776572668113
0 0.725 0.6030368763557483 0.0125 0.01735357917570499
0 0.8921875 0.5509761388286334 0.00625 0.008676789587852495
0 0.4671875 0.5921908893709328 0.009375 0.03470715835140998
