0 1.0041666666666667 0.4908116385911179 0.010416666666666666 0.016845329249617153
0 0.9697916666666667 0.49387442572741197 0.014583333333333334 0.022970903522205207
0 0.9526041666666667 0.49770290964777947 0.017708333333333333 0.030627871362940276
0 0.9541666666666667 0.4387442572741195 0.008333333333333333 0.013782542113323124
0 0.8973958333333333 0.4670750382848392 0.019791666666666666 0.030627871362940276
0 0.9171875 0.4326186830015314 0.009375 0.016845329249617153
0 0.90625 0.43950995405819293 0.014583333333333334 0.021439509954058193
0 0.8864583333333333 0.442572741194487 0.010416666666666666 0.018376722817764167
0 0.8197916666666667 0.4571209800918836 0.0125 0.019908116385911178
0 0.7630208333333334 0.45941807044410415 0.013541666666666667 0.02450229709035222
0 0.8015625 0.5061255742725881 0.021875 0.03522205206738132
0 0.5114583333333333 0.47549770290964777 0.027083333333333334 0.0444104134762634
0 0.6473958333333333 0.4609494640122512 0.021875 0.039816232771822356
0 0.6885416666666667 0.4609494640122512 0.01875 0.030627871362940276
0 0.6651041666666667 0.503062787136294 0.034375 0.06891271056661562
0 0.6776041666666667 0.5336906584992342 0.040625 0.07197549770290965
0 0.209375 0.44180704441041346 0.03958333333333333 0.06584992343032159
