0 0.706081081081081 0.5498981670061099 0.07702702702702703 0.19144602851323828
0 0.754054054054054 0.560081466395112 0.05405405405405406 0.11812627291242363
0 0.7871621621621622 0.560081466395112 0.03648648648648649 0.06924643584521385
0 0.02972972972972973 0.8513238289205702 0.016216216216216217 0.028513238289205704
0 0.09324324324324325 0.8360488798370672 0.008108108108108109 0.014256619144602852
0 0.0972972972972973 0.8727087576374746 0.013513513513513514 0.03054989816700611
0 0.11013513513513513 0.8553971486761711 0.014864864864864866 0.028513238289205704
0 0.12162162162162163 0.879837067209776 0.013513513513513514 0.020366598778004074
0 0.13513513513513514 0.8655804480651731 0.010810810810810811 0.016293279022403257
0 0.13986486486486485 0.8360488798370672 0.00945945945945946 0.014256619144602852
0 0.16824324324324325 0.860488798370672 0.014864864864864866 0.02240325865580448
0 0.14594594594594595 0.9460285132382892 0.03783783783783784 0.06313645621181263
0 0.20810810810810812 0.9409368635437881 0.02702702702702703 0.05702647657841141
0 0.19594594594594594 0.8543788187372708 0.010810810810810811 0.018329938900203666
0 0.18175675675675676 0.8340122199592668 0.006756756756756757 0.010183299389002037
0 0.22972972972972974 0.8472505091649695 0.010810810810810811 0.016293279022403257
0 0.24797297297297297 0.8625254582484725 0.012162162162162163 0.018329938900203666
0 0.27094594594594595 0.860488798370672 0.00945945945945946 0.014256619144602852
0 0.27364864864864863 0.8574338085539714 0.012162162162162163 0.020366598778004074
0 0.30405405405405406 0.929735234215886 0.02702702702702703 0.05091649694501019
0 0.3047297297297297 0.8879837067209776 0.01756756756756757 0.028513238289205704
0 0.35 0.9419551934826884 0.04054054054054054 0.06313645621181263
0 0.35135135135135137 0.8564154786150713 0.008108108108108109 0.014256619144602852
0 0.3722972972972973 0.8686354378818737 0.012162162162162163 0.018329938900203666
0 0.3918918918918919 0.8472505091649695 0.010810810810810811 0.020366598778004074
0 0.4195945945945946 0.8635437881873728 0.01756756756756757 0.028513238289205704
0 0.45675675675675675 0.8472505091649695 0.013513513513513514 0.024439918533604887
0 0.46756756756756757 0.8645621181262729 0.013513513513513514 0.02240325865580448
0 0.40675675675675677 0.9307535641547862 0.024324324324324326 0.048879837067209775
0 0.40675675675675677 0.9307535641547862 0.024324324324324326 0.04480651731160896
0 0.4608108108108108 0.9083503054989817 0.021621621621621623 0.03665987780040733
0 0.47905405405405405 0.8635437881873728 0.01756756756756757 0.024439918533604887
0 0.46824324324324323 0.8655804480651731 0.012162162162162163 0.020366598778004074
0 0.5006756756756757 0.8686354378818737 0.012162162162162163 0.018329938900203666
0 0.5236486486486487 0.8706720977596741 0.014864864864864866 0.026476578411405296
0 0.5486486486486486 0.9643584521384929 0.02972972972972973 0.054989816700611
0 0.5695945945945946 0.9103869653767821 0.02837837837837838 0.05295315682281059
0 0.5304054054054054 0.8574338085539714 0.012162162162162163 0.016293279022403257
0 0.5452702702702703 0.8594704684317719 0.012162162162162163 0.020366598778004074
0 0.5628378378378378 0.8645621181262729 0.012162162162162163 0.02240325865580448
0 0.5763513513513514 0.8615071283095723 0.00945945945945946 0.016293279022403257
0 0.6081081081081081 0.8492871690427699 0.008108108108108109 0.012219959266802444
0 0.6081081081081081 0.8828920570264766 0.016216216216216217 0.03054989816700611
0 0.41081081081081083 0.8778004073319755 0.010810810810810811 0.020366598778004074
0 0.5087837837837837 0.8482688391038696 0.00945945945945946 0.018329938900203666
0 0.6216216216216216 0.8635437881873728 0.010810810810810811 0.020366598778004074
0 0.6398648648648648 0.8706720977596741 0.012162162162162163 0.02240325865580448
0 0.6459459459459459 0.8879837067209776 0.013513513513513514 0.024439918533604887
0 0.6628378378378378 0.9226069246435845 0.031081081081081083 0.05295315682281059
0 0.6709459459459459 0.8686354378818737 0.012162162162162163 0.02240325865580448
0 0.7222972972972973 0.8503054989816701 0.014864864864864866 0.026476578411405296
0 0.7087837837837838 0.9389002036659878 0.02837837837837838 0.05295315682281059
0 0.745945945945946 0.8574338085539714 0.016216216216216217 0.024439918533604887
0 0.75 0.8890020366598778 0.016216216216216217 0.026476578411405296
0 0.7668918918918919 0.9083503054989817 0.02027027027027027 0.032586558044806514
0 0.768918918918919 0.8778004073319755 0.013513513513513514 0.020366598778004074
0 0.8040540540540541 0.9022403258655805 0.02702702702702703 0.048879837067209775
0 0.8405405405405405 0.9083503054989817 0.021621621621621623 0.04073319755600815
0 0.8722972972972973 0.8757637474541752 0.02027027027027027 0.032586558044806514
0 0.9054054054054054 0.8991853360488798 0.02972972972972973 0.038696537678207736
0 0.9277027027027027 0.8920570264765784 0.022972972972972974 0.04073319755600815
0 0.9871621621621621 0.8910386965376782 0.033783783783783786 0.05091649694501019
0 0.7067567567567568 0.8910386965376782 0.013513513513513514 0.026476578411405296
0 0.7905405405405406 0.8289205702647657 0.005405405405405406 0.008146639511201629
0 0.8263513513513514 0.8258655804480651 0.004054054054054054 0.006109979633401222
0 0.4891891891891892 0.7922606924643585 0.02702702702702703 0.07739307535641547
0 0.3810810810810811 0.7953156822810591 0.024324324324324326 0.0835030549898167
0 0.947972972972973 0.8991853360488798 0.02027027027027027 0.034623217922606926
