0 0.8509114583333334 0.4074074074074074 0.03515625 0.06944444444444445
0 0.7740885416666666 0.4050925925925926 0.032552083333333336 0.06944444444444445
0 0.71484375 0.4074074074074074 0.03125 0.07407407407407407
0 0.640625 0.42939814814814814 0.0234375 0.0625
0 0.5911458333333334 0.4409722222222222 0.026041666666666668 0.0625
0 0.537109375 0.4398148148148148 0.024739583333333332 0.06481481481481481
0 0.4811197916666667 0.4224537037037037 0.024739583333333332 0.0625
0 0.43359375 0.4479166666666667 0.028645833333333332 0.0625
0 0.3704427083333333 0.4444444444444444 0.02734375 0.06481481481481481
0 0.310546875 0.4131944444444444 0.03515625 0.06712962962962964
0 0.2682291666666667 0.4224537037037037 0.033854166666666664 0.07175925925925926
0 0.208984375 0.41435185185185186 0.032552083333333336 0.06944444444444445
0 0.10221354166666667 0.41203703703703703 0.037760416666666664 0.0787037037037037
0 0.16796875 0.38425925925925924 0.033854166666666664 0.06944444444444445
0 0.24153645833333334 0.4039351851851852 0.032552083333333336 0.06712962962962964
0 0.2942708333333333 0.38310185185185186 0.028645833333333332 0.05787037037037037
0 0.361328125 0.39351851851851855 0.024739583333333332 0.046296296296296294
0 0.41015625 0.375 0.026041666666666668 0.06481481481481481
0 0.4505208333333333 0.3761574074074074 0.026041666666666668 0.0625
0 0.49609375 0.38078703703703703 0.020833333333333332 0.05787037037037037
0 0.8079427083333334 0.375 0.029947916666666668 0.06944444444444445
0 0.7389322916666666 0.39467592592592593 0.02734375 0.0625
0 0.685546875 0.3541666666666667 0.02734375 0.06018518518518518
0 0.62109375 0.39814814814814814 0.0234375 0.05555555555555555
0 0.5755208333333334 0.38425925925925924 0.0234375 0.05092592592592592
0 0.5345052083333334 0.39467592592592593 0.01953125 0.04398148148148148
