0 0.23868909512761022 0.5549110595514308 0.034222737819025524 0.048723897911832945
0 0.22201276102088166 0.531322505800464 0.020011600928074247 0.03402938901778809
0 0.326131090487239 0.52861562258314 0.01537122969837587 0.02088167053364269
0 0.4193735498839907 0.5763727764887858 0.012180974477958236 0.022815158546017015
0 0.4830336426914153 0.5873936581593194 0.013631090487238979 0.019334880123743233
0 0.5163863109048724 0.5605181747873164 0.013051044083526682 0.01894818252126837
0 0.576276102088167 0.5924207269914926 0.012180974477958236 0.016241299303944315
0 0.5709106728538283 0.5568445475638051 0.013051044083526682 0.02088167053364269
0 0.6323955916473318 0.5580046403712297 0.010730858468677494 0.017788089713843776
0 0.7279582366589327 0.5413766434648105 0.02088167053364269 0.030935808197989172
0 0.790893271461717 0.6618329466357309 0.033642691415313224 0.057617942768754836
0 0.867169373549884 0.6220030935808198 0.03074245939675174 0.048337200309358085
0 0.777262180974478 0.6281902552204176 0.02842227378190255 0.046790409899458624
0 0.8017691415313225 0.5581979891724671 0.024071925754060326 0.03750966744006187
0 0.458961716937355 0.5547177107501934 0.006670533642691415 0.010440835266821345
0 0.4421403712296984 0.5452436194895591 0.007830626450116009 0.01237432327919567
0 0.48230858468677495 0.5346094354215004 0.008120649651972157 0.011214230471771076
0 0.4989849187935035 0.5332559938128384 0.007830626450116009 0.01237432327919567
0 0.4911542923433875 0.5239752513534416 0.006670533642691415 0.01082753286929621
0 0.5031902552204176 0.5315158546017015 0.004640371229698376 0.008120649651972157
0 0.5162412993039444 0.5276488785769529 0.0063805104408352666 0.010440835266821345
0 0.5288573085846868 0.5208816705336426 0.004930394431554524 0.008507347254447023
0 0.5339327146171694 0.527262180974478 0.0069605568445475635 0.012761020881670533
0 0.5478538283062645 0.5226218097447796 0.0075406032482598605 0.011214230471771076
0 0.554669373549884 0.5280355761794276 0.006090487238979118 0.009667440061871617
0 0.572360788863109 0.5336426914153132 0.006670533642691415 0.008507347254447023
0 0.5907772621809745 0.531322505800464 0.0075406032482598605 0.01082753286929621
0 0.6002030162412993 0.527262180974478 0.005510440835266821 0.007347254447022429
0 0.617169373549884 0.5295823665893271 0.0063805104408352666 0.008120649651972157
0 0.6245649651972158 0.5330626450116009 0.007830626450116009 0.011987625676720804
0 0.6379060324825986 0.5146945088940449 0.004350348027842227 0.006187161639597835
0 0.4673723897911833 0.5208816705336426 0.006090487238979118 0.010054137664346482
0 0.4694025522041763 0.5177880897138438 0.006670533642691415 0.01082753286929621
0 0.45968677494199534 0.5210750193348801 0.005220417633410673 0.008120649651972157
0 0.45171113689095127 0.5208816705336426 0.007250580046403712 0.01160092807424594
0 0.4547563805104408 0.5212683681361175 0.005220417633410673 0.010054137664346482
0 0.5968677494199536 0.35672853828306267 0.00580046403712297 0.008894044856921888
