0 0.86328125 0.25958702064896755 0.056640625 0.10619469026548672
0 0.9970703125 0.3665191740412979 0.017578125 0.03392330383480826
0 0.8056640625 0.3215339233038348 0.03515625 0.06489675516224189
0 0.66064453125 0.31563421828908556 0.0224609375 0.04424778761061947
0 0.568359375 0.2853982300884956 0.03125 0.05457227138643068
0 0.51171875 0.27876106194690264 0.052734375 0.08849557522123894
0 0.41943359375 0.2994100294985251 0.0302734375 0.04424778761061947
0 0.37451171875 0.2868731563421829 0.0361328125 0.05752212389380531
0 0.25439453125 0.3222713864306785 0.0419921875 0.06932153392330384
0 0.298828125 0.3421828908554572 0.021484375 0.038348082595870206
0 0.1318359375 0.2831858407079646 0.0625 0.08849557522123894
0 0.03125 0.3421828908554572 0.01953125 0.035398230088495575
0 0.01611328125 0.3274336283185841 0.0146484375 0.02654867256637168
0 0.3271484375 0.33185840707964603 0.0078125 0.011799410029498525
0 0.34423828125 0.33480825958702065 0.0048828125 0.008849557522123894
0 0.35400390625 0.334070796460177 0.0048828125 0.007374631268436578
0 0.3623046875 0.3325958702064897 0.00390625 0.007374631268436578
