0 0.21187943262411346 0.5437352245862884 0.02304964539007092 0.04018912529550828
0 0.2717198581560284 0.5425531914893617 0.025709219858156027 0.0425531914893617
0 0.38342198581560283 0.5425531914893617 0.03102836879432624 0.04964539007092199
0 0.5124113475177305 0.5709219858156028 0.031914893617021274 0.04728132387706856
0 0.44902482269503546 0.5697399527186762 0.013297872340425532 0.02127659574468085
0 0.3523936170212766 0.5803782505910166 0.01152482269503546 0.018912529550827423
0 0.3683510638297872 0.5508274231678487 0.013297872340425532 0.02127659574468085
0 0.40602836879432624 0.557919621749409 0.014184397163120567 0.02127659574468085
0 0.4321808510638298 0.5673758865248227 0.015070921985815602 0.02127659574468085
0 0.4627659574468085 0.5721040189125296 0.008865248226950355 0.014184397163120567
