0 0.2733333333333333 0.2694235588972431 0.013333333333333334 0.015037593984962405
0 0.6246666666666667 0.28132832080200504 0.014666666666666666 0.03634085213032581
0 0.5186666666666667 0.26629072681704263 0.008 0.006265664160401002
0 0.512 0.2669172932330827 0.005333333333333333 0.005012531328320802
0 0.37 0.2719298245614035 0.009333333333333334 0.010025062656641603
0 0.492 0.30701754385964913 0.013333333333333334 0.015037593984962405
0 0.448 0.27631578947368424 0.021333333333333333 0.023809523809523808
0 0.39266666666666666 0.2781954887218045 0.012 0.012531328320802004
0 0.218 0.23809523809523808 0.08666666666666667 0.10025062656641603
0 0.19333333333333333 0.41102756892230574 0.07733333333333334 0.08270676691729323
0 0.3313333333333333 0.2832080200501253 0.07866666666666666 0.11027568922305764
0 0.4573333333333333 0.5319548872180451 0.104 0.11904761904761904
0 0.44133333333333336 0.3609022556390977 0.06933333333333333 0.09523809523809523
0 0.5806666666666667 0.275062656641604 0.07333333333333333 0.09649122807017543
0 0.6726666666666666 0.43358395989974935 0.076 0.09774436090225563
0 0.7573333333333333 0.3007518796992481 0.08266666666666667 0.09774436090225563
0 0.81 0.5971177944862155 0.08133333333333333 0.10150375939849623
0 0.9233333333333333 0.37218045112781956 0.07333333333333333 0.09523809523809523
0 0.8546666666666667 0.38721804511278196 0.032 0.03759398496240601
0 0.892 0.3865914786967419 0.042666666666666665 0.05388471177944862
