0 0.018567370129870128 0.6323529411764706 0.024553571428571428 0.0545343137254902
0 -0.00872564935064935 0.4898897058823529 0.00974025974025974 0.015931372549019607
0 0.013189935064935064 0.4788602941176471 0.010957792207792208 0.02022058823529412
0 0.04017857142857143 0.4817708333333333 0.012987012987012988 0.020526960784313725
0 0.09446022727272728 0.5363051470588235 0.014813311688311688 0.02849264705882353
0 0.15371347402597402 0.5755208333333334 0.018871753246753248 0.035845588235294115
0 0.18973214285714285 0.5886948529411765 0.016639610389610388 0.03216911764705882
0 0.22362012987012986 0.5940563725490197 0.0174512987012987 0.03370098039215686
0 0.23478084415584416 0.5730698529411765 0.016639610389610388 0.033394607843137254
0 0.26004464285714285 0.6070772058823529 0.014407467532467532 0.02665441176470588
0 0.2778003246753247 0.5994178921568627 0.016639610389610388 0.03216911764705882
0 0.260450487012987 0.7250306372549019 0.026582792207792208 0.05177696078431373
0 0.2852069805194805 0.6593137254901961 0.023741883116883116 0.04718137254901961
0 0.30428165584415584 0.7158394607843137 0.027800324675324676 0.053002450980392156
0 0.3288352272727273 0.6443014705882353 0.024553571428571428 0.04534313725490196
0 0.3299512987012987 0.7026654411764706 0.030438311688311688 0.048100490196078434
0 0.39468344155844154 0.7630208333333334 0.02719155844155844 0.036458333333333336
0 0.33969155844155846 0.8520220588235294 0.03814935064935065 0.07230392156862746
0 0.38260957792207795 0.8647365196078431 0.04362824675324675 0.0664828431372549
0 0.4096996753246753 0.8575367647058824 0.028814935064935064 0.04656862745098039
0 0.47635957792207795 0.7651654411764706 0.029017857142857144 0.04932598039215686
0 0.36038961038961037 0.5611213235294118 0.018262987012987012 0.0352328431372549
0 0.4020900974025974 0.5813419117647058 0.010349025974025974 0.021752450980392156
0 0.4056412337662338 0.5647977941176471 0.019074675324675324 0.030330882352941176
0 0.4258319805194805 0.5441176470588235 0.01359577922077922 0.02696078431372549
0 0.4004667207792208 0.555453431372549 0.014001623376623376 0.026348039215686275
0 0.45718344155844154 0.6288296568627451 0.018262987012987012 0.0352328431372549
0 0.48478084415584416 0.6216299019607843 0.019886363636363636 0.0428921568627451
0 0.5122767857142857 0.6905637254901961 0.022930194805194804 0.04718137254901961
0 0.570515422077922 0.7365196078431373 0.026176948051948052 0.05392156862745098
0 0.5383522727272727 0.5827205882352942 0.017045454545454544 0.034926470588235295
0 0.5575284090909091 0.5548406862745098 0.014001623376623376 0.028186274509803922
0 0.45799512987012986 0.555453431372549 0.013798701298701298 0.025735294117647058
0 0.47930194805194803 0.5733762254901961 0.018262987012987012 0.0389093137254902
0 0.497362012987013 0.5736825980392157 0.015422077922077922 0.02665441176470588
0 0.5875608766233766 0.5392156862745098 0.014407467532467532 0.02389705882352941
0 0.5949675324675324 0.5361519607843137 0.01176948051948052 0.02267156862745098
0 0.6084618506493507 0.5373774509803921 0.013189935064935064 0.02022058823529412
0 0.6358563311688312 0.5479473039215687 0.014813311688311688 0.02665441176470588
0 0.6644683441558441 0.555453431372549 0.014407467532467532 0.022058823529411766
0 0.664163961038961 0.5877757352941176 0.012987012987012988 0.024816176470588234
0 0.703125 0.569546568627451 0.015827922077922076 0.02696078431372549
0 0.7145900974025974 0.5338541666666666 0.01278409090909091 0.021139705882352942
0 0.7464488636363636 0.5641850490196079 0.01075487012987013 0.019301470588235295
0 0.7648133116883117 0.5356924019607843 0.01461038961038961 0.026041666666666668
0 0.7691761363636364 0.5268075980392157 0.01278409090909091 0.019301470588235295
0 0.7897727272727273 0.5608149509803921 0.01461038961038961 0.02420343137254902
0 0.8023538961038961 0.5477941176470589 0.018262987012987012 0.029411764705882353
0 0.8538961038961039 0.5310968137254902 0.012987012987012988 0.02542892156862745
0 0.8794642857142857 0.48360906862745096 0.008522727272727272 0.013786764705882353
0 0.8934659090909091 0.48192401960784315 0.007305194805194805 0.011029411764705883
0 0.8576501623376623 0.5896139705882353 0.016842532467532468 0.030943627450980393
0 0.8653612012987013 0.6052389705882353 0.018060064935064936 0.03707107843137255
0 0.6777597402597403 0.6652879901960784 0.02353896103896104 0.04932598039215686
0 0.763088474025974 0.7859987745098039 0.02739448051948052 0.057904411764705885
0 0.7522321428571429 0.7666973039215687 0.02922077922077922 0.05361519607843137
0 0.9103084415584416 0.6968443627450981 0.037337662337662336 0.06954656862745098
0 0.9021915584415584 0.6614583333333334 0.03206168831168831 0.06311274509803921
0 0.9380073051948052 0.8817401960784313 0.10085227272727272 0.16973039215686275
0 0.151075487012987 0.5078125 0.01278409090909091 0.02420343137254902
0 0.1434659090909091 0.5188419117647058 0.00974025974025974 0.021139705882352942
0 0.1356534090909091 0.5044424019607843 0.015219155844155844 0.018688725490196078
0 0.14691558441558442 0.48943014705882354 0.012581168831168832 0.020526960784313725
0 0.17268668831168832 0.5142463235294118 0.012987012987012988 0.021752450980392156
0 0.18699269480519481 0.5355392156862745 0.014001623376623376 0.02267156862745098
0 0.18993506493506493 0.5347732843137255 0.012175324675324676 0.021752450980392156
0 0.1885146103896104 0.5147058823529411 0.012175324675324676 0.02389705882352941
0 0.22595373376623376 0.5153186274509803 0.01359577922077922 0.027573529411764705
0 0.20271915584415584 0.48131127450980393 0.013392857142857142 0.0196078431372549
0 0.2697849025974026 0.46109068627450983 0.009131493506493506 0.016544117647058824
0 0.2804383116883117 0.5525428921568627 0.014204545454545454 0.030943627450980393
0 0.2747564935064935 0.5330882352941176 0.015422077922077922 0.02267156862745098
0 0.33614042207792205 0.5716911764705882 0.015625 0.028799019607843136
0 0.31229707792207795 0.5652573529411765 0.017045454545454544 0.027573529411764705
0 0.34780844155844154 0.555453431372549 0.018668831168831168 0.032475490196078434
0 0.3606939935064935 0.5347732843137255 0.013189935064935064 0.024816176470588234
0 0.36688311688311687 0.5114889705882353 0.015016233766233766 0.026041666666666668
0 0.4654017857142857 0.5062806372549019 0.011566558441558442 0.021139705882352942
0 0.41893262987012986 0.49371936274509803 0.011160714285714286 0.019301470588235295
0 0.4296875 0.4895833333333333 0.00872564935064935 0.016544117647058824
0 0.43973214285714285 0.4794730392156863 0.008522727272727272 0.016544117647058824
0 0.5118709415584416 0.500765931372549 0.011566558441558442 0.018688725490196078
0 0.5506290584415584 0.4921875 0.010349025974025974 0.019301470588235295
