0 0.04416666666666667 0.3683223992502343 0.05 0.07122774133083412
0 0.10333333333333333 0.507029053420806 0.04833333333333333 0.06373008434864105
0 0.12208333333333334 0.40253045923149017 0.04583333333333333 0.06841611996251172
0 0.21625 0.38940955951265227 0.049166666666666664 0.06841611996251172
0 0.2970833333333333 0.4001874414245548 0.0425 0.056232427366447985
0 0.37 0.4184629803186504 0.04 0.05529522024367385
0 0.43875 0.46344892221180883 0.04083333333333333 0.05716963448922212
0 0.5075 0.4076850984067479 0.03666666666666667 0.05810684161199625
0 0.5791666666666667 0.37582005623242737 0.04 0.05810684161199625
0 0.6908333333333333 0.41799437675726336 0.04666666666666667 0.061855670103092786
0 0.77 0.4044048734770384 0.04666666666666667 0.06841611996251172
0 0.85625 0.4076850984067479 0.04083333333333333 0.05998125585754452
0 0.9541666666666667 0.42642924086223055 0.041666666666666664 0.05998125585754452
0 0.74 0.3983130271790066 0.03166666666666667 0.05248359887535145
0 0.6845833333333333 0.3856607310215558 0.035833333333333335 0.04217432052483599
0 0.6341666666666667 0.39550140581068416 0.04 0.05435801312089972
0 0.3129166666666667 0.3950328022492971 0.029166666666666667 0.04967197750702906
0 0.375 0.3725398313027179 0.04 0.053420805998125584
0 0.45958333333333334 0.41002811621368324 0.03916666666666667 0.053420805998125584
0 0.5391666666666667 0.40112464854732893 0.035 0.05435801312089972
