0 0.8623046875 0.7745241581259151 0.08203125 0.14055636896046853
0 0.85791015625 0.7650073206442167 0.0947265625 0.15666178623718888
0 0.81494140625 0.7408491947291361 0.0693359375 0.16105417276720352
0 0.73486328125 0.6427525622254758 0.0615234375 0.10834553440702782
0 0.65087890625 0.5204978038067349 0.0361328125 0.06588579795021962
0 0.6787109375 0.4670571010248902 0.03515625 0.06442166910688141
0 0.5234375 0.5314787701317716 0.021484375 0.03513909224011713
0 0.09375 0.7386530014641288 0.083984375 0.1595900439238653
0 0.1005859375 0.7313323572474377 0.076171875 0.16544655929721816
0 0.20654296875 0.657393850658858 0.0537109375 0.08199121522693997
0 0.25390625 0.6303074670571011 0.052734375 0.08931185944363104
0 0.240234375 0.5900439238653001 0.044921875 0.06442166910688141
0 0.2900390625 0.6017569546120058 0.046875 0.08199121522693997
0 0.33935546875 0.6325036603221084 0.0419921875 0.08199121522693997
0 0.32080078125 0.4904831625183016 0.0380859375 0.07027818448023426
0 0.36669921875 0.48755490483162517 0.0380859375 0.07027818448023426
0 0.40869140625 0.5102489019033675 0.0185546875 0.0424597364568082
0 0.6279296875 0.4341142020497804 0.0234375 0.0424597364568082
0 0.78759765625 0.5856515373352855 0.0498046875 0.0849194729136164
0 0.68994140625 0.6317715959004392 0.0498046875 0.0951683748169839
