0 0.0578125 0.32708333333333334 0.0203125 0.0375
0 0.042578125 0.45208333333333334 0.03984375 0.09027777777777778
0 0.083203125 0.4 0.03203125 0.058333333333333334
0 0.10546875 0.45 0.046875 0.08888888888888889
0 0.125390625 0.4270833333333333 0.03671875 0.08194444444444444
0 0.145703125 0.4013888888888889 0.03984375 0.07222222222222222
0 0.180078125 0.3638888888888889 0.03671875 0.06388888888888888
0 0.24765625 0.3798611111111111 0.0328125 0.0763888888888889
0 0.246484375 0.4444444444444444 0.03046875 0.06388888888888888
0 0.27265625 0.4340277777777778 0.0453125 0.0875
0 0.317578125 0.4111111111111111 0.02421875 0.06666666666666667
0 0.3828125 0.48125 0.05 0.08194444444444444
0 0.398828125 0.3527777777777778 0.03359375 0.06944444444444445
0 0.445703125 0.41458333333333336 0.03828125 0.07361111111111111
0 0.486328125 0.4270833333333333 0.03515625 0.0763888888888889
0 0.45 0.35694444444444445 0.028125 0.04722222222222222
0 0.49375 0.3548611111111111 0.0125 0.02361111111111111
0 0.530078125 0.42569444444444443 0.03203125 0.06527777777777778
0 0.569921875 0.4388888888888889 0.03046875 0.06666666666666667
0 0.619921875 0.41944444444444445 0.03046875 0.06388888888888888
0 0.57578125 0.3736111111111111 0.0265625 0.04722222222222222
0 0.61328125 0.39861111111111114 0.0234375 0.05277777777777778
0 0.581640625 0.33958333333333335 0.01640625 0.034722222222222224
0 0.605859375 0.3402777777777778 0.01953125 0.03888888888888889
0 0.6703125 0.41875 0.028125 0.06527777777777778
0 0.70859375 0.4166666666666667 0.0265625 0.05277777777777778
0 0.759375 0.40555555555555556 0.0453125 0.07777777777777778
0 0.73359375 0.43819444444444444 0.0328125 0.06527777777777778
0 0.77890625 0.42569444444444443 0.0296875 0.06805555555555555
0 0.78359375 0.42777777777777776 0.021875 0.058333333333333334
0 0.837890625 0.44722222222222224 0.03671875 0.06666666666666667
0 0.854296875 0.42777777777777776 0.02578125 0.05555555555555555
0 0.876171875 0.43472222222222223 0.02265625 0.058333333333333334
0 0.863671875 0.39791666666666664 0.02578125 0.05138888888888889
0 0.91328125 0.4284722222222222 0.03125 0.07083333333333333
0 0.954296875 0.4527777777777778 0.03359375 0.06388888888888888
0 1.004296875 0.48680555555555555 0.02890625 0.05694444444444444
0 0.9578125 0.45694444444444443 0.034375 0.06666666666666667
0 0.96328125 0.40069444444444446 0.028125 0.05416666666666667
0 0.951953125 0.3763888888888889 0.03203125 0.05
0 0.82421875 0.43194444444444446 0.025 0.04722222222222222
