0 0.07366362451108213 0.703125 0.03780964797913951 0.0625
0 0.1258148631029987 0.580078125 0.03259452411994785 0.05859375
0 0.20730117340286833 0.5751953125 0.03389830508474576 0.060546875
0 0.27444589308996087 0.5869140625 0.02998696219035202 0.064453125
0 0.3624511082138201 0.5888671875 0.03389830508474576 0.064453125
0 0.4380704041720991 0.60546875 0.03129074315514994 0.0625
0 0.5078226857887875 0.615234375 0.035202086049543675 0.0625
0 0.5867014341590613 0.595703125 0.03129074315514994 0.06640625
0 0.6564537157757496 0.6005859375 0.03780964797913951 0.064453125
0 0.7307692307692307 0.599609375 0.035202086049543675 0.07421875
0 0.7959582790091264 0.7431640625 0.04041720990873533 0.072265625
0 0.7979139504563233 0.61328125 0.03389830508474576 0.06640625
0 0.8722294654498044 0.5927734375 0.03911342894393742 0.064453125
0 0.1408083441981747 0.5107421875 0.03129074315514994 0.064453125
0 0.1714471968709257 0.466796875 0.03259452411994785 0.0625
0 0.22946544980443284 0.4755859375 0.03129074315514994 0.056640625
0 0.3057366362451108 0.494140625 0.02998696219035202 0.0625
0 0.2796610169491525 0.47265625 0.03259452411994785 0.0546875
0 0.39308996088657105 0.484375 0.035202086049543675 0.0625
0 0.3774445893089961 0.4365234375 0.03259452411994785 0.056640625
0 0.45827900912646674 0.515625 0.027379400260756193 0.0625
0 0.4654498044328553 0.4521484375 0.03129074315514994 0.056640625
0 0.5358539765319427 0.5107421875 0.028683181225554105 0.056640625
0 0.5501955671447197 0.4541015625 0.03129074315514994 0.052734375
0 0.6101694915254238 0.505859375 0.03389830508474576 0.0625
0 0.6069100391134289 0.447265625 0.02998696219035202 0.0625
0 0.6897001303780965 0.533203125 0.028683181225554105 0.0625
0 0.6623207301173403 0.48828125 0.03389830508474576 0.06640625
0 0.696870925684485 0.455078125 0.03259452411994785 0.0625
0 0.7614080834419817 0.52734375 0.03650586701434159 0.0625
0 0.7907431551499348 0.5107421875 0.02998696219035202 0.060546875
0 0.8435462842242504 0.544921875 0.03129074315514994 0.05859375
0 0.8024771838331161 0.4501953125 0.03259452411994785 0.064453125
