0 0.22265625 0.3268229166666667 0.044921875 0.078125
0 0.27783203125 0.322265625 0.0400390625 0.06640625
0 0.37060546875 0.2708333333333333 0.0498046875 0.08333333333333333
0 0.49560546875 0.318359375 0.0458984375 0.08463541666666667
0 0.5888671875 0.2936197916666667 0.048828125 0.08463541666666667
0 0.71240234375 0.3528645833333333 0.0439453125 0.06510416666666667
0 0.78857421875 0.357421875 0.0439453125 0.06901041666666667
0 0.8544921875 0.5638020833333334 0.05859375 0.08854166666666667
0 0.7568359375 0.5690104166666666 0.05859375 0.09635416666666667
0 0.61767578125 0.5559895833333334 0.0556640625 0.08854166666666667
0 0.49755859375 0.6165364583333334 0.0576171875 0.10026041666666667
0 0.3037109375 0.595703125 0.0546875 0.09244791666666667
0 0.2265625 0.609375 0.0546875 0.1015625
0 0.9892578125 0.3736979166666667 0.03125 0.0390625
0 0.93798828125 0.3841145833333333 0.0263671875 0.036458333333333336
0 0.89111328125 0.3899739583333333 0.0263671875 0.04296875
0 0.8251953125 0.353515625 0.025390625 0.037760416666666664
0 0.0498046875 0.408203125 0.01953125 0.02734375
0 0.69384765625 0.3528645833333333 0.0302734375 0.044270833333333336
0 0.86328125 0.3704427083333333 0.0234375 0.040364583333333336
0 0.9677734375 0.3919270833333333 0.01953125 0.026041666666666668
