0 0.451875 0.23771929824561402 0.04625 0.08596491228070176
0 0.65375 0.7 0.0675 0.10877192982456141
0 0.42875 0.6938596491228071 0.0575 0.10350877192982456
0 0.530625 0.7166666666666667 0.06625 0.09298245614035087
0 0.134375 0.46842105263157896 0.12125 0.17192982456140352
0 0.565625 0.4087719298245614 0.04625 0.06666666666666667
0 0.65 0.3894736842105263 0.035 0.06315789473684211
0 0.828125 0.31666666666666665 0.04375 0.07894736842105263
0 0.923125 0.7973684210526316 0.09625 0.156140350877193
0 0.823125 0.7640350877192983 0.07875 0.11403508771929824
0 0.9625 0.3385964912280702 0.0425 0.06315789473684211
0 0.77125 0.3368421052631579 0.0425 0.07017543859649122
0 0.940625 0.25526315789473686 0.04875 0.07543859649122807
0 0.604375 0.27807017543859647 0.03625 0.06140350877192982
0 0.8975 0.31491228070175437 0.0475 0.07894736842105263
0 0.385625 0.4017543859649123 0.02875 0.0456140350877193
0 0.716875 0.2824561403508772 0.04375 0.07017543859649122
0 0.81375 0.27807017543859647 0.045 0.07192982456140351
0 0.5325 0.3236842105263158 0.0375 0.06140350877192982
0 0.24375 0.3298245614035088 0.0325 0.04912280701754386
0 0.175625 0.362280701754386 0.03625 0.06842105263157895
0 0.698125 0.33596491228070174 0.03875 0.05789473684210526
0 0.585 0.2894736842105263 0.035 0.06315789473684211
0 0.6325 0.29385964912280704 0.0275 0.04736842105263158
0 0.69375 0.2868421052631579 0.0275 0.05087719298245614
0 0.9575 0.4192982456140351 0.0675 0.3684210526315789
0 0.68375 0.306140350877193 0.025 0.043859649122807015
0 0.511875 0.28596491228070176 0.03375 0.056140350877192984
0 0.35875 0.29736842105263156 0.03 0.04736842105263158
0 0.308125 0.2894736842105263 0.02625 0.0456140350877193
0 0.214375 0.3105263157894737 0.02875 0.0456140350877193
0 0.285625 0.4307017543859649 0.05625 0.2543859649122807
0 0.205625 0.33157894736842103 0.02375 0.03859649122807018
0 0.175 0.3649122807017544 0.0525 0.07368421052631578
0 0.84375 0.2789473684210526 0.0325 0.05263157894736842
0 0.03 0.7605263157894737 0.2425 0.8543859649122807
0 0.388125 0.2824561403508772 0.02875 0.042105263157894736
