0 0.882636655948553 0.4986648865153538 0.07877813504823152 0.16955941255006676
0 0.6993569131832797 0.42456608811748997 0.07717041800643087 0.1548731642189586
0 0.49356913183279744 0.46461949265687585 0.07234726688102894 0.1628838451268358
0 0.3114951768488746 0.4612817089452603 0.07154340836012862 0.16421895861148197
0 0.10731511254019292 0.4786381842456609 0.06993569131832797 0.16421895861148197
0 0.9015273311897106 0.1875834445927904 0.06511254019292605 0.1268357810413885
0 0.6957395498392283 0.24833110814419226 0.06993569131832797 0.13618157543391188
0 0.5128617363344051 0.1822429906542056 0.06109324758842444 0.1375166889185581
0 0.35811897106109325 0.27369826435246997 0.06028938906752412 0.12817089452603472
0 0.22186495176848875 0.2590120160213618 0.0594855305466238 0.12817089452603472
0 0.0727491961414791 0.20627503337783712 0.06511254019292605 0.15353805073431243
0 0.7572347266881029 0.18958611481975968 0.05466237942122187 0.13351134846461948
0 0.6040996784565916 0.17489986648865152 0.053858520900321546 0.12283044058744993
0 0.41760450160771706 0.1875834445927904 0.06028938906752412 0.12416555407209613
0 0.2632636655948553 0.18958611481975968 0.06028938906752412 0.14152202937249667
