0 0.05859375 0.42672919109026963 0.096875 0.13599062133645956
0 0.22109375 0.31770222743259086 0.071875 0.11254396248534584
0 0.20234375 0.27256740914419697 0.0578125 0.08323563892145369
0 0.2578125 0.29835873388042206 0.059375 0.10199296600234467
0 0.35546875 0.268464243845252 0.0578125 0.10550996483001172
0 0.501171875 0.20398593200468934 0.05859375 0.12192262602579132
0 0.634375 0.32590855803048063 0.059375 0.0984759671746776
0 0.23359375 0.5726846424384525 0.0859375 0.141852286049238
0 0.452734375 0.6500586166471278 0.08046875 0.17702227432590856
0 0.666796875 0.42907385697538103 0.08671875 0.13833528722157093
0 0.949609375 0.6031652989449003 0.11484375 0.1395076201641266
0 0.730078125 0.369284876905041 0.08359375 0.1477139507620164
0 0.77109375 0.3223915592028136 0.071875 0.10550996483001172
0 0.23125 0.045134818288393906 0.0625 0.08792497069167643
