0 0.1285 0.13403614457831325 0.079 0.1566265060240964
0 0.239 0.14457831325301204 0.076 0.12951807228915663
0 0.3295 0.22439759036144577 0.079 0.15060240963855423
0 0.3945 0.17921686746987953 0.095 0.17771084337349397
0 0.4745 0.14457831325301204 0.069 0.14457831325301204
0 0.5165 0.20707831325301204 0.103 0.2033132530120482
0 0.6375 0.13253012048192772 0.089 0.1746987951807229
0 0.709 0.125 0.078 0.14759036144578314
0 0.808 0.20933734939759036 0.092 0.1686746987951807
0 0.897 0.15813253012048192 0.086 0.1566265060240964
