0 0.893235294117647 0.8059332509270705 0.022941176470588236 0.05686032138442522
0 0.8394117647058823 0.8343634116192831 0.02235294117647059 0.06427688504326329
0 0.8020588235294117 0.8522867737948084 0.02176470588235294 0.06056860321384425
0 0.758235294117647 0.8288009888751545 0.02235294117647059 0.0580964153275649
0 0.7158823529411765 0.8281829419035847 0.023529411764705882 0.05686032138442522
0 0.6935294117647058 0.8417799752781211 0.02588235294117647 0.06427688504326329
0 0.6514705882352941 0.8108776266996292 0.02411764705882353 0.06427688504326329
0 0.6126470588235294 0.8393077873918418 0.019411764705882354 0.059332509270704575
0 0.57 0.8337453646477132 0.021176470588235293 0.06056860321384425
0 0.54 0.8547589616810878 0.02 0.0630407911001236
0 0.5011764705882353 0.8800988875154512 0.02235294117647059 0.06427688504326329
0 0.4455882352941177 0.904202719406675 0.022941176470588236 0.06551297898640297
0 0.4161764705882353 0.904202719406675 0.02411764705882353 0.06798516687268233
0 0.38941176470588235 0.8584672435105068 0.027058823529411764 0.07045735475896168
0 0.34441176470588236 0.88442521631644 0.022941176470588236 0.06551297898640297
0 0.315 0.8590852904820766 0.025294117647058825 0.069221260815822
0 0.26705882352941174 0.8726823238566132 0.02588235294117647 0.06674907292954264
0 0.23323529411764707 0.8479604449938195 0.025294117647058825 0.06427688504326329
0 0.18705882352941178 0.8467243510506799 0.02588235294117647 0.059332509270704575
0 0.20852941176470588 0.8003708281829419 0.02411764705882353 0.05562422744128554
0 0.16676470588235295 0.7546353522867738 0.025294117647058825 0.06798516687268233
0 0.1302941176470588 0.7509270704573547 0.025294117647058825 0.06798516687268233
0 0.11382352941176471 0.6699629171817059 0.022941176470588236 0.059332509270704575
0 0.08823529411764706 0.6681087762669963 0.023529411764705882 0.06056860321384425
0 0.10147058823529412 0.6334981458590853 0.022941176470588236 0.05562422744128554
0 0.09676470588235295 0.5976514215080346 0.019411764705882354 0.04326328800988875
0 0.06941176470588235 0.5754017305315204 0.02235294117647059 0.05067985166872682
0 0.0661764705882353 0.46786155747836833 0.020588235294117647 0.05067985166872682
0 0.19176470588235295 0.7441285537700866 0.023529411764705882 0.06180469715698393
0 0.16441176470588234 0.6761433868974042 0.022941176470588236 0.06427688504326329
0 0.1373529411764706 0.6279357231149567 0.025294117647058825 0.05686032138442522
0 0.13264705882352942 0.5970333745364648 0.02176470588235294 0.0519159456118665
0 0.10705882352941176 0.5648949320148331 0.01764705882352941 0.0519159456118665
0 0.10264705882352941 0.4925834363411619 0.02176470588235294 0.05315203955500618
0 0.11058823529411765 0.46909765142150806 0.01764705882352941 0.048207663782447466
0 0.11911764705882352 0.4072929542645241 0.019411764705882354 0.05067985166872682
0 0.14705882352941177 0.45550061804697156 0.018823529411764704 0.04326328800988875
0 0.14882352941176472 0.4758961681087763 0.018823529411764704 0.04697156983930779
0 0.14352941176470588 0.519159456118665 0.021176470588235293 0.049443757725587144
0 0.14323529411764707 0.5457354758961681 0.019411764705882354 0.05067985166872682
0 0.16470588235294117 0.5815822002472187 0.01764705882352941 0.05562422744128554
0 0.18029411764705883 0.6514215080346106 0.02176470588235294 0.05686032138442522
0 0.24764705882352941 0.7812113720642769 0.02235294117647059 0.059332509270704575
0 0.22470588235294117 0.7441285537700866 0.02235294117647059 0.054388133498145856
0 0.2817647058823529 0.7948084054388134 0.02588235294117647 0.06674907292954264
0 0.2773529411764706 0.7255871446229913 0.022941176470588236 0.059332509270704575
0 0.24441176470588236 0.6915945611866502 0.020588235294117647 0.05315203955500618
0 0.22264705882352942 0.6365883807169345 0.022941176470588236 0.05686032138442522
0 0.19294117647058823 0.6180469715698393 0.018823529411764704 0.049443757725587144
0 0.1688235294117647 0.5370828182941904 0.02235294117647059 0.05067985166872682
0 0.30970588235294116 0.7873918417799752 0.02176470588235294 0.06180469715698393
0 0.3497058823529412 0.8182941903584673 0.02411764705882353 0.059332509270704575
0 0.4147058823529412 0.8176761433868974 0.021176470588235293 0.0630407911001236
0 0.4547058823529412 0.8467243510506799 0.021176470588235293 0.06180469715698393
0 0.3473529411764706 0.7719406674907293 0.019411764705882354 0.05315203955500618
0 0.38941176470588235 0.7892459826946848 0.02235294117647059 0.0580964153275649
0 0.37411764705882355 0.7546353522867738 0.02 0.0580964153275649
0 0.32323529411764707 0.7268232385661311 0.020588235294117647 0.05686032138442522
0 0.34941176470588237 0.7101359703337453 0.02 0.0580964153275649
0 0.2964705882352941 0.6755253399258344 0.024705882352941175 0.0630407911001236
0 0.2614705882352941 0.646477132262052 0.02411764705882353 0.06180469715698393
0 0.24294117647058824 0.5828182941903585 0.02235294117647059 0.05315203955500618
0 0.20823529411764705 0.546353522867738 0.02235294117647059 0.054388133498145856
0 0.22029411764705883 0.5284301606922126 0.017058823529411765 0.048207663782447466
0 0.20058823529411765 0.4938195302843016 0.02235294117647059 0.05562422744128554
0 0.18058823529411766 0.46662546353522866 0.02 0.05315203955500618
0 0.15235294117647058 0.41285537700865266 0.01647058823529412 0.04449938195302843
0 0.16205882352941176 0.37391841779975277 0.01588235294117647 0.038318912237330034
0 0.19088235294117648 0.4369592088998764 0.017058823529411765 0.04573547589616811
0 0.20352941176470588 0.36402966625463534 0.015294117647058824 0.038318912237330034
0 0.2011764705882353 0.399876390605686 0.01647058823529412 0.048207663782447466
0 0.2323529411764706 0.37330037082818296 0.01764705882352941 0.04449938195302843
0 0.22794117647058823 0.4103831891223733 0.017058823529411765 0.04449938195302843
0 0.22029411764705883 0.4388133498145859 0.019411764705882354 0.049443757725587144
0 0.23794117647058824 0.4894932014833127 0.018235294117647058 0.0519159456118665
0 0.25941176470588234 0.522867737948084 0.01647058823529412 0.04697156983930779
0 0.25558823529411767 0.5630407911001236 0.017058823529411765 0.05067985166872682
0 0.28823529411764703 0.5964153275648949 0.018823529411764704 0.05315203955500618
0 0.2988235294117647 0.5469715698393078 0.02 0.05067985166872682
0 0.295 0.5166872682323856 0.01588235294117647 0.04449938195302843
0 0.2761764705882353 0.47404202719406674 0.019411764705882354 0.05067985166872682
0 0.27058823529411763 0.4289245982694685 0.01764705882352941 0.04697156983930779
0 0.2591176470588235 0.3930778739184178 0.017058823529411765 0.042027194066749075
0 0.28147058823529414 0.3547589616810878 0.01588235294117647 0.04449938195302843
0 0.3058823529411765 0.4054388133498146 0.01647058823529412 0.04697156983930779
0 0.31411764705882356 0.4505562422744129 0.018823529411764704 0.04573547589616811
0 0.3173529411764706 0.4925834363411619 0.017058823529411765 0.048207663782447466
0 0.33088235294117646 0.5877626699629172 0.018235294117647058 0.05315203955500618
0 0.33794117647058824 0.6489493201483313 0.022941176470588236 0.0519159456118665
0 0.32588235294117646 0.3714462299134734 0.01764705882352941 0.04573547589616811
0 0.35058823529411764 0.4122373300370828 0.018823529411764704 0.048207663782447466
0 0.35705882352941176 0.4604449938195303 0.018823529411764704 0.05067985166872682
0 0.3402941176470588 0.5395550061804697 0.018235294117647058 0.05067985166872682
0 0.3588235294117647 0.519159456118665 0.018823529411764704 0.05686032138442522
0 0.37 0.5754017305315204 0.02 0.05315203955500618
0 0.3664705882352941 0.6297898640296663 0.02 0.0580964153275649
0 0.3952941176470588 0.6860321384425216 0.02235294117647059 0.05686032138442522
0 0.42911764705882355 0.7354758961681088 0.022941176470588236 0.06674907292954264
0 0.4632352941176471 0.7601977750309024 0.020588235294117647 0.06427688504326329
0 0.5094117647058823 0.7317676143386898 0.02235294117647059 0.06180469715698393
0 0.49823529411764705 0.8158220024721878 0.023529411764705882 0.059332509270704575
0 0.5405882352941176 0.754017305315204 0.021176470588235293 0.06427688504326329
0 0.55 0.73053152039555 0.02 0.059332509270704575
0 0.4726470588235294 0.723114956736712 0.02411764705882353 0.06180469715698393
0 0.4838235294117647 0.6996291718170581 0.018235294117647058 0.054388133498145856
0 0.4244117647058824 0.6897404202719407 0.019411764705882354 0.05686032138442522
0 0.4052941176470588 0.6328800988875154 0.02 0.05686032138442522
0 0.5826470588235294 0.7799752781211372 0.02176470588235294 0.059332509270704575
0 0.6035294117647059 0.7805933250927071 0.02 0.05562422744128554
0 0.6276470588235294 0.7564894932014833 0.02 0.05686032138442522
0 0.6738235294117647 0.7861557478368356 0.018235294117647058 0.0519159456118665
0 0.7279411764705882 0.7873918417799752 0.02176470588235294 0.05686032138442522
0 0.7 0.7521631644004945 0.018823529411764704 0.05315203955500618
0 0.6394117647058823 0.7311495673671199 0.02 0.05315203955500618
0 0.668235294117647 0.7181705809641533 0.02 0.05686032138442522
0 0.5823529411764706 0.7441285537700866 0.02235294117647059 0.059332509270704575
0 0.6 0.7218788627935723 0.02 0.05686032138442522
0 0.5238235294117647 0.6909765142150803 0.020588235294117647 0.05686032138442522
0 0.5697058823529412 0.6699629171817059 0.020588235294117647 0.059332509270704575
0 0.5414705882352941 0.6390605686032138 0.02176470588235294 0.059332509270704575
0 0.5047058823529412 0.638442521631644 0.021176470588235293 0.06056860321384425
0 0.46058823529411763 0.6514215080346106 0.01764705882352941 0.059332509270704575
0 0.475 0.6223733003708282 0.017058823529411765 0.05067985166872682
0 0.4379411764705882 0.5902348578491965 0.020588235294117647 0.05562422744128554
0 0.40794117647058825 0.5716934487021014 0.019411764705882354 0.05562422744128554
0 0.3926470588235294 0.522867737948084 0.019411764705882354 0.049443757725587144
0 0.3961764705882353 0.4684796044499382 0.017058823529411765 0.0519159456118665
0 0.3738235294117647 0.44066749072929545 0.018235294117647058 0.048207663782447466
0 0.38088235294117645 0.3856613102595797 0.018235294117647058 0.04449938195302843
0 0.4117647058823529 0.3800988875154512 0.015294117647058824 0.04573547589616811
0 0.4026470588235294 0.430778739184178 0.018235294117647058 0.04573547589616811
0 0.4423529411764706 0.4134734239802225 0.01647058823529412 0.04326328800988875
0 0.4370588235294118 0.45920889987639063 0.018823529411764704 0.05067985166872682
0 0.41911764705882354 0.5290482076637825 0.018235294117647058 0.054388133498145856
0 0.43558823529411766 0.5148331273176762 0.019411764705882354 0.05315203955500618
0 0.46147058823529413 0.5531520395550061 0.020588235294117647 0.0580964153275649
0 0.525 0.584672435105068 0.020588235294117647 0.059332509270704575
0 0.5779411764705882 0.6081582200247219 0.020588235294117647 0.05686032138442522
0 0.5926470588235294 0.5945611866501854 0.01588235294117647 0.0519159456118665
0 0.6105882352941177 0.65389369592089 0.021176470588235293 0.05686032138442522
0 0.6214705882352941 0.6359703337453646 0.017058823529411765 0.05067985166872682
0 0.6585294117647059 0.6742892459826947 0.019411764705882354 0.05315203955500618
0 0.5470588235294118 0.5469715698393078 0.02 0.05315203955500618
0 0.5041176470588236 0.5185414091470952 0.018823529411764704 0.05562422744128554
0 0.4761764705882353 0.5241038318912238 0.017058823529411765 0.049443757725587144
0 0.4747058823529412 0.4635352286773795 0.018823529411764704 0.04697156983930779
0 0.4808823529411765 0.4184177997527812 0.018235294117647058 0.05067985166872682
0 0.4526470588235294 0.377008652657602 0.014705882352941176 0.042027194066749075
0 0.4908823529411765 0.39493201483312734 0.01588235294117647 0.04573547589616811
0 0.45705882352941174 0.326946847960445 0.015294117647058824 0.038318912237330034
0 0.6 0.5543881334981459 0.018823529411764704 0.04573547589616811
0 0.5679411764705883 0.5284301606922126 0.018235294117647058 0.04573547589616811
0 0.5558823529411765 0.4956736711990111 0.01764705882352941 0.054388133498145856
0 0.5829411764705882 0.496291718170581 0.01764705882352941 0.05067985166872682
0 0.52 0.46168108776267 0.01764705882352941 0.05315203955500618
0 0.5529411764705883 0.44128553770086526 0.018823529411764704 0.049443757725587144
0 0.5223529411764706 0.4177997527812114 0.01647058823529412 0.04449938195302843
0 0.5320588235294118 0.380716934487021 0.01588235294117647 0.037082818294190356
0 0.5444117647058824 0.3479604449938195 0.017058823529411765 0.04573547589616811
0 0.5685294117647058 0.3912237330037083 0.018235294117647058 0.05067985166872682
0 0.5929411764705882 0.4641532756489493 0.01647058823529412 0.048207663782447466
0 0.6161764705882353 0.5105067985166872 0.017058823529411765 0.049443757725587144
0 0.6385294117647059 0.6025957972805933 0.019411764705882354 0.05562422744128554
0 0.6744117647058824 0.646477132262052 0.019411764705882354 0.04697156983930779
0 0.6955882352941176 0.700247218788628 0.018235294117647058 0.048207663782447466
0 0.75 0.7533992583436341 0.02235294117647059 0.0580964153275649
0 0.7864705882352941 0.7676143386897404 0.02235294117647059 0.06427688504326329
0 0.7961764705882353 0.7589616810877626 0.019411764705882354 0.059332509270704575
0 0.836764705882353 0.7725587144622992 0.022941176470588236 0.054388133498145856
0 0.87 0.7410383189122374 0.023529411764705882 0.0630407911001236
0 0.8911764705882353 0.7435105067985167 0.021176470588235293 0.05315203955500618
0 0.9117647058823529 0.7027194066749073 0.021176470588235293 0.05562422744128554
0 0.7326470588235294 0.700247218788628 0.02176470588235294 0.06056860321384425
0 0.7638235294117647 0.7119901112484549 0.019411764705882354 0.0519159456118665
0 0.7802941176470588 0.6953028430160693 0.020588235294117647 0.05315203955500618
0 0.8132352941176471 0.715698393077874 0.02176470588235294 0.05686032138442522
0 0.8355882352941176 0.6909765142150803 0.02176470588235294 0.05686032138442522
0 0.7364705882352941 0.6779975278121138 0.02 0.05067985166872682
0 0.7079411764705882 0.6390605686032138 0.019411764705882354 0.0519159456118665
0 0.6835294117647058 0.6118665018541409 0.01764705882352941 0.049443757725587144
0 0.6908823529411765 0.5976514215080346 0.018235294117647058 0.05315203955500618
0 0.7258823529411764 0.6131025957972805 0.02235294117647059 0.059332509270704575
0 0.7561764705882353 0.6600741656365884 0.018235294117647058 0.04697156983930779
0 0.7985294117647059 0.6606922126081582 0.02176470588235294 0.05315203955500618
0 0.8405882352941176 0.6440049443757726 0.02 0.0519159456118665
0 0.8135294117647058 0.6322620519159456 0.02 0.05067985166872682
0 0.7679411764705882 0.6137206427688504 0.018235294117647058 0.05067985166872682
0 0.6497058823529411 0.5902348578491965 0.018235294117647058 0.05315203955500618
0 0.6547058823529411 0.5389369592088998 0.018823529411764704 0.0519159456118665
0 0.6282352941176471 0.48640296662546356 0.01411764705882353 0.04573547589616811
0 0.6032352941176471 0.42398022249690975 0.01588235294117647 0.03955500618046971
0 0.5961764705882353 0.34610630407911 0.01588235294117647 0.049443757725587144
0 0.6164705882352941 0.39864029666254636 0.01647058823529412 0.0407911001236094
0 0.6282352941176471 0.3541409147095179 0.015294117647058824 0.0407911001236094
0 0.6502941176470588 0.41285537700865266 0.014705882352941176 0.04449938195302843
0 0.6405882352941177 0.4604449938195303 0.015294117647058824 0.04573547589616811
0 0.6579411764705883 0.4561186650185414 0.014705882352941176 0.042027194066749075
0 0.6814705882352942 0.5407911001236094 0.017058823529411765 0.048207663782447466
0 0.6638235294117647 0.37824474660074164 0.01588235294117647 0.04697156983930779
0 0.6720588235294118 0.42336217552533995 0.017058823529411765 0.0407911001236094
0 0.6861764705882353 0.46971569839307786 0.014705882352941176 0.042027194066749075
0 0.6982352941176471 0.5135970333745364 0.01647058823529412 0.04573547589616811
0 0.7108823529411765 0.5550061804697157 0.018235294117647058 0.04697156983930779
0 0.7355882352941177 0.565512978986403 0.020588235294117647 0.05562422744128554
0 0.7570588235294118 0.5531520395550061 0.018823529411764704 0.05067985166872682
0 0.7879411764705883 0.5772558714462299 0.019411764705882354 0.0519159456118665
0 0.8329411764705882 0.569221260815822 0.021176470588235293 0.0580964153275649
0 0.8717647058823529 0.6823238566131026 0.021176470588235293 0.054388133498145856
0 0.8864705882352941 0.622991347342398 0.021176470588235293 0.054388133498145856
0 0.8670588235294118 0.6007416563658838 0.018823529411764704 0.049443757725587144
0 0.8502941176470589 0.5648949320148331 0.017058823529411765 0.042027194066749075
0 0.8076470588235294 0.5506798516687268 0.02 0.04573547589616811
0 0.8188235294117647 0.5253399258343634 0.018823529411764704 0.049443757725587144
0 0.7723529411764706 0.5265760197775031 0.018823529411764704 0.04697156983930779
0 0.7370588235294118 0.49752781211372066 0.01764705882352941 0.048207663782447466
0 0.7102941176470589 0.48331273176761436 0.017058823529411765 0.0519159456118665
0 0.701764705882353 0.4320148331273177 0.015294117647058824 0.04326328800988875
0 0.6870588235294117 0.365265760197775 0.01647058823529412 0.04326328800988875
0 0.71 0.4072929542645241 0.01764705882352941 0.0407911001236094
0 0.7323529411764705 0.4147095179233622 0.01647058823529412 0.04573547589616811
0 0.7282352941176471 0.3677379480840544 0.01647058823529412 0.04573547589616811
0 0.7652941176470588 0.4004944375772559 0.01764705882352941 0.04449938195302843
0 0.7591176470588236 0.4289245982694685 0.017058823529411765 0.04449938195302843
0 0.755 0.4684796044499382 0.019411764705882354 0.049443757725587144
0 0.7841176470588235 0.5098887515451175 0.015294117647058824 0.04573547589616811
0 0.7808823529411765 0.47342398022249693 0.014705882352941176 0.042027194066749075
0 0.805 0.4932014833127318 0.019411764705882354 0.0519159456118665
0 0.8305882352941176 0.47342398022249693 0.02 0.0519159456118665
0 0.8447058823529412 0.47342398022249693 0.015294117647058824 0.04449938195302843
0 0.7914705882352941 0.4419035846724351 0.01588235294117647 0.04326328800988875
0 0.8091176470588235 0.4054388133498146 0.017058823529411765 0.04449938195302843
0 0.7823529411764706 0.3726823238566131 0.01647058823529412 0.04326328800988875
0 0.31323529411764706 0.6409147095179234 0.022941176470588236 0.048207663782447466
