0 0.08220338983050847 0.4710591133004926 0.13898305084745763 0.24507389162561577
0 0.3898305084745763 0.5147783251231527 0.13220338983050847 0.2315270935960591
0 0.5576271186440678 0.3762315270935961 0.1 0.1933497536945813
0 0.42542372881355933 0.2838669950738916 0.07966101694915254 0.13916256157635468
0 0.6588983050847458 0.40701970443349755 0.07711864406779662 0.1539408866995074
0 0.7347457627118644 0.4408866995073892 0.09661016949152543 0.1748768472906404
0 0.8728813559322034 0.37438423645320196 0.07966101694915254 0.12807881773399016
0 0.9775423728813559 0.5233990147783252 0.11101694915254237 0.2684729064039409
0 0.809322033898305 0.30295566502463056 0.05084745762711865 0.0812807881773399
0 0.9279661016949152 0.2555418719211823 0.061016949152542375 0.09236453201970443
0 0.7377118644067797 0.2616995073891626 0.044915254237288135 0.07266009852216748
0 0.6279661016949153 0.27401477832512317 0.03898305084745763 0.06527093596059114
