0 0.857421875 0.4171401515151515 0.03870738636363636 0.06723484848484848
0 0.7697088068181818 0.41051136363636365 0.041548295454545456 0.07007575757575757
0 0.6821732954545454 0.42211174242424243 0.036931818181818184 0.05823863636363636
0 0.7096946022727273 0.3984375 0.03941761363636364 0.06297348484848485
0 0.6200284090909091 0.421875 0.036931818181818184 0.06534090909090909
0 0.6447088068181818 0.3934659090909091 0.036576704545454544 0.05965909090909091
0 0.5648082386363636 0.42732007575757575 0.037286931818181816 0.06676136363636363
0 0.4952059659090909 0.4043560606060606 0.030894886363636364 0.06060606060606061
0 0.5381747159090909 0.42211174242424243 0.030894886363636364 0.06013257575757576
0 0.44975142045454547 0.3977272727272727 0.03444602272727273 0.06534090909090909
0 0.4170809659090909 0.4732481060606061 0.03444602272727273 0.059185606060606064
0 0.38636363636363635 0.4325284090909091 0.033380681818181816 0.06202651515151515
0 0.18536931818181818 0.3854166666666667 0.03409090909090909 0.058712121212121215
0 0.24236505681818182 0.41950757575757575 0.03231534090909091 0.05965909090909091
0 0.28870738636363635 0.421875 0.03551136363636364 0.0634469696969697
0 0.32457386363636365 0.4240056818181818 0.030539772727272728 0.057291666666666664
0 0.3419744318181818 0.40198863636363635 0.02911931818181818 0.05303030303030303
0 0.373046875 0.4112215909090909 0.030894886363636364 0.05539772727272727
