0 0.982098251457119 0.01125 0.020815986677768527 0.0325
0 0.9342214820982515 0.0475 0.028309741881765195 0.045
0 0.88759367194005 0.04375 0.02164862614487927 0.045
0 0.821398834304746 0.005 0.020815986677768527 0.03
0 0.7739383846794338 0.011875 0.022481265611990008 0.03375
0 0.7231473771856786 0.024375 0.022481265611990008 0.04375
0 0.6652789342214821 0.03 0.019983347210657785 0.0375
0 0.6407160699417153 0.0075 0.022481265611990008 0.035
0 0.5699417152373022 0.0175 0.025811823480432972 0.04
0 0.5108243130724396 0.016875 0.022481265611990008 0.03625
0 0.5262281432139884 0.034375 0.019983347210657785 0.03625
0 0.5129059117402165 0.058125 0.02164862614487927 0.03875
0 0.5624479600333055 0.055 0.022481265611990008 0.0375
0 0.5782681099084097 0.071875 0.022481265611990008 0.04375
0 0.43713572023313907 0.018125 0.028309741881765195 0.04125
0 0.44671107410491256 0.04375 0.025811823480432972 0.05
0 0.4487926727726894 0.06875 0.02164862614487927 0.045
0 0.9783513738551207 0.09125 0.02331390507910075 0.0425
0 0.985428809325562 0.1375 0.02414654454621149 0.0425
0 0.9804329725228976 0.18625 0.02414654454621149 0.05
0 0.9529558701082431 0.163125 0.02414654454621149 0.04125
0 0.8709408825978351 0.088125 0.02497918401332223 0.05125
0 0.906744379683597 0.11125 0.02331390507910075 0.0425
0 0.9196502914238135 0.13 0.02414654454621149 0.0475
0 0.9034138218151541 0.168125 0.028309741881765195 0.04875
0 0.9263114071606994 0.21375 0.022481265611990008 0.0425
0 0.9288093255620317 0.319375 0.025811823480432972 0.04125
0 0.9762697751873439 0.32875 0.022481265611990008 0.0475
0 0.8734388009991674 0.15 0.02164862614487927 0.045
0 0.8684429641965029 0.223125 0.028309741881765195 0.04625
0 0.880932556203164 0.253125 0.02997502081598668 0.05125
0 0.8580349708576187 0.354375 0.027477102414654453 0.05625
0 0.8825978351373855 0.5275 0.02997502081598668 0.0575
0 0.8372189841798501 0.055 0.020815986677768527 0.045
0 0.8172356369691923 0.128125 0.020815986677768527 0.03875
0 0.8380516236469608 0.178125 0.022481265611990008 0.04125
0 0.8122398001665279 0.1675 0.022481265611990008 0.0525
0 0.8064113238967527 0.23 0.02414654454621149 0.045
0 0.8143213988343048 0.27 0.02497918401332223 0.0475
0 0.8243130724396336 0.3175 0.026644462947543714 0.0525
0 0.8009991673605329 0.3575 0.028309741881765195 0.0425
0 0.7897585345545379 0.2025 0.025811823480432972 0.0475
0 0.798917568692756 0.08125 0.02414654454621149 0.0475
0 0.7693588676103247 0.0725 0.02164862614487927 0.0425
0 0.7139883430474604 0.07875 0.019150707743547043 0.0375
0 0.7418817651956703 0.043125 0.02331390507910075 0.04375
0 0.746044962531224 0.154375 0.02497918401332223 0.04375
0 0.7464612822647794 0.154375 0.02414654454621149 0.05125
0 0.7468776019983348 0.25125 0.02497918401332223 0.055
0 0.7601998334721066 0.28375 0.026644462947543714 0.0525
0 0.7531223980016652 0.3125 0.029142381348875937 0.045
0 0.6835970024979184 0.0475 0.02497918401332223 0.0475
0 0.6311407160699417 0.066875 0.02164862614487927 0.04375
0 0.6598667776852623 0.083125 0.020815986677768527 0.03875
0 0.6902581182348043 0.105 0.02497918401332223 0.0425
0 0.6956702747710242 0.174375 0.02414654454621149 0.04375
0 0.7127393838467944 0.216875 0.02497918401332223 0.04625
0 0.6777685262281432 0.258125 0.02497918401332223 0.04375
0 0.6956702747710242 0.2975 0.025811823480432972 0.0475
0 0.6790174854288094 0.338125 0.027477102414654453 0.04375
0 0.723563696919234 0.37875 0.02997502081598668 0.045
0 0.8880099916736053 0.316875 0.02414654454621149 0.04125
0 0.9296419650291424 0.319375 0.025811823480432972 0.04625
0 0.6278101582014988 0.12375 0.02497918401332223 0.0425
0 0.6340549542048293 0.17875 0.022481265611990008 0.0425
0 0.6631973355537052 0.151875 0.020815986677768527 0.03875
0 0.6248959200666112 0.2225 0.025811823480432972 0.045
0 0.6074104912572856 0.25 0.030807660283097418 0.0525
0 0.6340549542048293 0.313125 0.027477102414654453 0.04375
0 0.6540383014154871 0.395625 0.030807660283097418 0.05625
0 0.5840965861781848 0.10125 0.022481265611990008 0.0475
0 0.5666111573688593 0.12875 0.020815986677768527 0.0425
0 0.5836802664446294 0.155 0.02331390507910075 0.045
0 0.5736885928393006 0.1975 0.02497918401332223 0.0425
0 0.5541215653621981 0.230625 0.027477102414654453 0.04625
0 0.5766028309741882 0.324375 0.02414654454621149 0.04125
0 0.5220649458784347 0.2175 0.019983347210657785 0.0375
0 0.5216486261448793 0.085625 0.022481265611990008 0.04875
0 0.5407993338884263 0.121875 0.025811823480432972 0.04125
0 0.5120732722731057 0.146875 0.018318068276436304 0.03625
0 0.4612822647793505 0.09 0.02331390507910075 0.0475
0 0.48376353039134057 0.135 0.02331390507910075 0.0475
0 0.4612822647793505 0.159375 0.02331390507910075 0.03875
0 0.4746044962531224 0.179375 0.026644462947543714 0.04625
0 0.46835970024979184 0.22375 0.025811823480432972 0.05
0 0.3884263114071607 0.085 0.019150707743547043 0.035
0 0.35387177352206495 0.01375 0.02331390507910075 0.035
0 0.40591174021648624 0.105625 0.030807660283097418 0.05375
0 0.41756869275603664 0.134375 0.02414654454621149 0.04125
0 0.41007493755203994 0.17875 0.020815986677768527 0.045
0 0.4412989175686928 0.2275 0.02331390507910075 0.04
0 0.4184013322231474 0.256875 0.02414654454621149 0.03875
0 0.40924229808492923 0.299375 0.025811823480432972 0.04625
0 0.45170691090757703 0.3225 0.035803497085761866 0.0575
0 0.45420482930890926 0.37125 0.030807660283097418 0.05
0 0.4462947543713572 0.440625 0.026644462947543714 0.04625
0 0.38800999167360534 0.46125 0.02497918401332223 0.0475
0 0.39050791007493757 0.01 0.018318068276436304 0.03
0 0.38884263114071604 0.085 0.018318068276436304 0.0325
0 0.361781848459617 0.10625 0.02414654454621149 0.0475
0 0.339300582847627 0.1 0.02414654454621149 0.04
0 0.32431307243963364 0.020625 0.025811823480432972 0.03875
0 0.35845129059117403 0.149375 0.02414654454621149 0.03875
0 0.34970857618651124 0.2025 0.026644462947543714 0.05
0 0.33638634471273937 0.239375 0.02164862614487927 0.04125
0 0.35803497085761865 0.279375 0.026644462947543714 0.04375
0 0.33263946711074105 0.30875 0.029142381348875937 0.0525
0 0.3597002497918401 0.350625 0.02997502081598668 0.04875
0 0.34970857618651124 0.41 0.028309741881765195 0.0525
0 0.3097418817651957 0.458125 0.03164029975020816 0.05875
0 0.3967527060782681 0.231875 0.025811823480432972 0.04625
0 0.2751873438800999 0.034375 0.019150707743547043 0.03375
0 0.29475437135720234 0.044375 0.02164862614487927 0.03625
0 0.30599500416319736 0.073125 0.02414654454621149 0.04375
0 0.2922564529558701 0.12375 0.019983347210657785 0.0375
0 0.3122398001665279 0.16875 0.018318068276436304 0.0375
0 0.28975853455453787 0.185 0.02331390507910075 0.045
0 0.28143213988343047 0.250625 0.02997502081598668 0.05125
0 0.2926727726894255 0.30125 0.025811823480432972 0.05
0 0.29766860949208995 0.369375 0.029142381348875937 0.05375
0 0.28476269775187346 0.420625 0.026644462947543714 0.04625
0 0.2743547044129892 0.034375 0.019150707743547043 0.03375
0 0.23813488759367193 0.035625 0.02497918401332223 0.04375
0 0.23646960865945046 0.075 0.02497918401332223 0.045
0 0.2443796835970025 0.104375 0.025811823480432972 0.04125
0 0.24646128226477934 0.1325 0.019983347210657785 0.0375
0 0.26436303080766027 0.17375 0.022481265611990008 0.0375
0 0.23105745212323064 0.19125 0.029142381348875937 0.05
0 0.24396336386344714 0.231875 0.026644462947543714 0.04375
0 0.2656119900083264 0.34 0.028309741881765195 0.0425
0 0.22647793505412156 0.299375 0.02331390507910075 0.04625
0 0.24271440466278102 0.498125 0.030807660283097418 0.05625
0 0.33971690258118237 0.591875 0.02997502081598668 0.05875
0 0.2048293089092423 0.065 0.02497918401332223 0.04
0 0.18276436303080765 0.128125 0.022481265611990008 0.03875
0 0.1723563696919234 0.16375 0.02331390507910075 0.0425
0 0.1965029142381349 0.18125 0.02497918401332223 0.045
0 0.17152373022481265 0.214375 0.019983347210657785 0.04125
0 0.15736885928393005 0.2525 0.02497918401332223 0.0425
0 0.1511240632805995 0.284375 0.027477102414654453 0.05375
0 0.15070774354704414 0.31875 0.026644462947543714 0.0425
0 0.186511240632806 0.3675 0.028309741881765195 0.0525
0 0.175270607826811 0.485625 0.027477102414654453 0.05125
0 0.13447127393838468 0.45125 0.0324729392173189 0.05
0 0.16819317235636969 0.014375 0.019983347210657785 0.03375
0 0.15154038301415487 0.079375 0.026644462947543714 0.04375
0 0.15611990008326396 0.113125 0.022481265611990008 0.04875
0 0.10699417152373022 0.02 0.020815986677768527 0.04
0 0.09492089925062448 0.0525 0.019983347210657785 0.04
0 0.09575353871773522 0.115 0.02497918401332223 0.04
0 0.08409658617818484 0.145 0.02497918401332223 0.045
0 0.12031640299750208 0.165625 0.020815986677768527 0.04375
0 0.13946711074104912 0.2 0.02414654454621149 0.0475
0 0.1003330557868443 0.21375 0.017485428809325562 0.03
0 0.1015820149875104 0.254375 0.02497918401332223 0.04625
0 0.08950874271440466 0.291875 0.025811823480432972 0.04125
0 0.11656952539550375 0.398125 0.026644462947543714 0.04375
0 0.21773522064945877 0.3725 0.029142381348875937 0.0525
0 0.06910907577019151 0.0875 0.019983347210657785 0.0375
0 0.07660283097418817 0.013125 0.019983347210657785 0.03375
0 0.04121565362198168 0.03625 0.017485428809325562 0.0375
0 0.01498751040799334 0.06625 0.05328892589508743 0.1425
0 0.022064945878434637 0.08 0.02414654454621149 0.0475
0 0.03205661948376353 0.13375 0.020815986677768527 0.04
0 0.011656952539550375 0.2075 0.02164862614487927 0.0475
0 0.028309741881765195 0.23375 0.038301415487094086 0.0525
0 0.022064945878434637 0.305 0.027477102414654453 0.0425
0 0.04829308909242298 0.388125 0.02331390507910075 0.03875
0 0.12323064113238967 0.363125 0.02331390507910075 0.04375
0 0.07327227310574522 0.32125 0.03164029975020816 0.0475
0 0.07535387177352207 0.42375 0.030807660283097418 0.045
0 0.0578684429641965 0.4975 0.02414654454621149 0.05
0 0.09866777685262282 0.5275 0.030807660283097418 0.055
0 0.4941715237302248 0.295625 0.05745212323064113 0.10875
0 0.6082431307243963 0.465 0.09242298084929226 0.16
0 0.8834304746044963 0.526875 0.02997502081598668 0.05625
