0 0.08425245098039216 0.45731209150326796 0.03799019607843137 0.05024509803921569
0 0.13664215686274508 0.4178921568627451 0.042279411764705885 0.0661764705882353
0 0.1959252450980392 0.44485294117647056 0.04197303921568627 0.061274509803921566
0 0.2265625 0.45179738562091504 0.030943627450980393 0.04656862745098039
0 0.27267156862745096 0.4375 0.029411764705882353 0.04820261437908497
0 0.3425245098039216 0.4520016339869281 0.028186274509803922 0.04534313725490196
0 0.37025122549019607 0.45465686274509803 0.030943627450980393 0.049836601307189546
0 0.4424019607843137 0.4178921568627451 0.031862745098039214 0.06045751633986928
0 0.49065563725490197 0.4438316993464052 0.03216911764705882 0.04861111111111111
0 0.42463235294117646 0.4632352941176471 0.02267156862745098 0.03676470588235294
0 0.5186887254901961 0.46262254901960786 0.018995098039215685 0.03145424836601307
0 0.5335477941176471 0.45016339869281047 0.01991421568627451 0.03022875816993464
0 0.5683210784313726 0.41891339869281047 0.03860294117647059 0.05759803921568627
0 0.5974264705882353 0.4144199346405229 0.04411764705882353 0.07148692810457516
0 0.7126225490196079 0.45322712418300654 0.03615196078431373 0.06658496732026144
0 0.7743566176470589 0.4125816993464052 0.048100490196078434 0.07598039215686274
0 0.8419117647058824 0.43586601307189543 0.028799019607843136 0.0457516339869281
0 0.9036458333333334 0.3790849673202614 0.05422794117647059 0.08251633986928104
0 0.6746323529411765 0.37826797385620914 0.00428921568627451 0.006535947712418301
0 0.6908700980392157 0.3790849673202614 0.00428921568627451 0.006535947712418301
0 0.6792279411764706 0.38766339869281047 0.0030637254901960784 0.004901960784313725
0 0.7048100490196079 0.40012254901960786 0.0027573529411764708 0.003676470588235294
0 0.7247242647058824 0.37969771241830064 0.003982843137254902 0.006127450980392157
0 0.7942708333333334 0.38419117647058826 0.002144607843137255 0.003676470588235294
0 0.8048406862745098 0.3813316993464052 0.0030637254901960784 0.004493464052287581
0 0.8175551470588235 0.3770424836601307 0.003982843137254902 0.005718954248366013
0 0.8302696078431373 0.37459150326797386 0.003676470588235294 0.005718954248366013
0 0.828125 0.3756127450980392 0.003676470588235294 0.006127450980392157
0 0.8244485294117647 0.3946078431372549 0.003676470588235294 0.004901960784313725
0 0.8448223039215687 0.3758169934640523 0.003982843137254902 0.005718954248366013
0 0.8658088235294118 0.3727532679738562 0.003676470588235294 0.0053104575163398695
0 0.9603247549019608 0.37397875816993464 0.0033700980392156864 0.006127450980392157
