0 0.9359375 0.41123595505617977 0.24375 0.46292134831460674
0 0.82734375 0.7089887640449438 0.0171875 0.029213483146067417
0 0.840625 0.6943820224719102 0.0125 0.02247191011235955
0 0.7578125 0.6910112359550562 0.0125 0.020224719101123594
0 0.73203125 0.7112359550561798 0.0265625 0.04269662921348315
0 0.6578125 0.6842696629213483 0.015625 0.020224719101123594
0 0.68203125 0.7269662921348314 0.0234375 0.038202247191011236
0 0.584375 0.6932584269662921 0.01875 0.029213483146067417
0 0.4421875 0.7179775280898877 0.028125 0.051685393258426963
0 0.2015625 0.7325842696629213 0.01875 0.02247191011235955
0 0.32109375 0.7348314606741573 0.0171875 0.03146067415730337
0 0.334375 0.7348314606741573 0.01875 0.02696629213483146
0 0.3609375 0.7539325842696629 0.015625 0.024719101123595506
0 0.39921875 0.7337078651685394 0.0109375 0.020224719101123594
0 0.15625 0.8235955056179776 0.0125 0.020224719101123594
0 0.01953125 0.7269662921348314 0.0203125 0.033707865168539325
0 0.046875 0.7528089887640449 0.015625 0.02247191011235955
0 0.053125 0.7662921348314606 0.0125 0.02247191011235955
0 0.0734375 0.7191011235955056 0.0125 0.017977528089887642
0 0.0875 0.744943820224719 0.0125 0.024719101123595506
0 0.096875 0.7382022471910112 0.0125 0.020224719101123594
0 0.115625 0.7292134831460674 0.0125 0.020224719101123594
0 0.11875 0.7393258426966293 0.009375 0.01348314606741573
0 0.14296875 0.7382022471910112 0.0140625 0.024719101123595506
0 0.1375 0.7191011235955056 0.0125 0.017977528089887642
0 0.17421875 0.7247191011235955 0.0109375 0.015730337078651686
0 0.246875 0.7359550561797753 0.0125 0.020224719101123594
0 0.26953125 0.748314606741573 0.0140625 0.02247191011235955
0 0.28984375 0.7280898876404495 0.0140625 0.02247191011235955
0 0.22734375 0.7314606741573034 0.0109375 0.015730337078651686
0 0.4796875 0.6955056179775281 0.015625 0.020224719101123594
0 0.4953125 0.7067415730337079 0.015625 0.020224719101123594
0 0.5078125 0.7123595505617978 0.0125 0.02247191011235955
0 0.5296875 0.7056179775280899 0.0125 0.017977528089887642
