0 0.9190782422293676 0.5642857142857143 0.05894962486602358 0.08571428571428572
0 0.8863879957127545 0.475 0.055734190782422297 0.07857142857142857
0 0.72508038585209 0.4514285714285714 0.05037513397642015 0.08285714285714285
0 0.6366559485530546 0.4992857142857143 0.04072883172561629 0.06714285714285714
0 0.5514469453376206 0.55 0.03536977491961415 0.05714285714285714
0 0.43515541264737406 0.6307142857142857 0.03215434083601286 0.05
0 0.2759914255091104 0.465 0.05037513397642015 0.08428571428571428
0 0.6634512325830654 0.46214285714285713 0.02572347266881029 0.041428571428571426
0 0.597534833869239 0.46714285714285714 0.03965702036441586 0.05714285714285714
0 0.462486602357985 0.45357142857142857 0.03322615219721329 0.055714285714285716
0 0.5267952840300107 0.4635714285714286 0.02465166130760986 0.03857142857142857
0 0.3654876741693462 0.48214285714285715 0.030010718113612004 0.05
0 0.42497320471597 0.425 0.022508038585209004 0.03857142857142857
0 0.2379421221864952 0.4878571428571429 0.03215434083601286 0.05285714285714286
0 0.18488745980707397 0.44642857142857145 0.031082529474812434 0.041428571428571426
0 0.15380493033226153 0.4442857142857143 0.022508038585209004 0.03428571428571429
0 0.07770632368703108 0.45071428571428573 0.02465166130760986 0.041428571428571426
0 0.05734190782422294 0.44 0.02465166130760986 0.037142857142857144
0 0.0 0.45571428571428574 0.023579849946409433 0.037142857142857144
0 0.29689174705251875 0.435 0.03429796355841372 0.055714285714285716
0 0.11254019292604502 0.445 0.010718113612004287 0.015714285714285715
0 0.1420150053590568 0.4642857142857143 0.01822079314040729 0.025714285714285714
