0 0.8601866883116883 0.3474264705882353 0.05762987012987013 0.12254901960784313
0 0.7990056818181818 0.4931066176470588 0.025771103896103896 0.045649509803921566
0 0.7443181818181818 0.38924632352941174 0.03206168831168831 0.0585171568627451
0 0.7308238636363636 0.36519607843137253 0.0294237012987013 0.05392156862745098
0 0.8362418831168831 0.3549325980392157 0.024350649350649352 0.04381127450980392
0 0.7824675324675324 0.36243872549019607 0.01176948051948052 0.017769607843137254
0 0.8006290584415584 0.37545955882352944 0.007913961038961038 0.014399509803921568
0 0.9092938311688312 0.3678002450980392 0.006493506493506494 0.012561274509803922
0 0.7022118506493507 0.35401348039215685 0.021712662337662336 0.04258578431372549
0 0.6699472402597403 0.3425245098039216 0.01968344155844156 0.0392156862745098
0 0.6412337662337663 0.3521752450980392 0.019886363636363636 0.03216911764705882
0 0.5985186688311688 0.35049019607843135 0.02333603896103896 0.04534313725490196
0 0.5795454545454546 0.4059436274509804 0.021103896103896104 0.04595588235294118
0 0.5268871753246753 0.35922181372549017 0.026582792207792208 0.045649509803921566
0 0.15949675324675325 0.31954656862745096 0.05762987012987013 0.10477941176470588
0 0.29393262987012986 0.30713848039215685 0.05945616883116883 0.10753676470588236
0 0.424512987012987 0.37806372549019607 0.05844155844155844 0.11213235294117647
0 0.3820008116883117 0.35784313725490197 0.048092532467532464 0.09191176470588236
0 0.2438108766233766 0.3854166666666667 0.03794642857142857 0.06985294117647059
0 0.2792207792207792 0.38878676470588236 0.03814935064935065 0.06556372549019608
0 0.4225852272727273 0.37683823529411764 0.05418019480519481 0.11458333333333333
