0 -0.04448689956331878 0.4888174019607843 0.09552401746724891 0.05606617647058824
0 0.4044759825327511 0.4733455882352941 0.09934497816593886 0.0625
0 0.6978711790393013 0.48713235294117646 0.03329694323144105 0.02389705882352941
0 0.42467248908296945 0.4615502450980392 0.06222707423580786 0.036458333333333336
0 0.6520196506550219 0.4647671568627451 0.014737991266375546 0.011029411764705883
0 0.6864082969432315 0.4612438725490196 0.014737991266375546 0.009497549019607842
0 0.7167030567685589 0.4571078431372549 0.009825327510917031 0.0055147058823529415
0 0.6056222707423581 0.46139705882352944 0.0049126637554585155 0.0024509803921568627
0 0.5832423580786026 0.46170343137254904 0.003820960698689956 0.0024509803921568627
0 0.6271834061135371 0.4643075980392157 0.0054585152838427945 0.0033700980392156864
0 0.04066593886462882 0.46951593137254904 0.006004366812227074 0.003982843137254902
0 0.07532751091703056 0.4661458333333333 0.0054585152838427945 0.0033700980392156864
0 0.8725436681222707 0.45113357843137253 0.008187772925764192 0.005208333333333333
0 0.8373362445414847 0.45465686274509803 0.010917030567685589 0.00857843137254902
0 0.8225982532751092 0.45894607843137253 0.009825327510917031 0.006740196078431373
0 0.789028384279476 0.4731924019607843 0.03220524017467249 0.040747549019607844
0 0.8998362445414847 0.45113357843137253 0.015829694323144104 0.008272058823529412
0 0.6312772925764192 0.4615502450980392 0.0049126637554585155 0.0027573529411764708
