0 0.022916666666666665 0.2871674491392801 0.06666666666666667 0.1267605633802817
0 0.008854166666666666 0.34663536776212833 0.06770833333333333 0.1298904538341158
0 0.1671875 0.3935837245696401 0.059375 0.11424100156494522
0 0.21822916666666667 0.323943661971831 0.053125 0.09076682316118936
0 0.2203125 0.2104851330203443 0.04895833333333333 0.08294209702660407
0 0.3697916666666667 0.32785602503912364 0.06041666666666667 0.10172143974960876
0 0.48020833333333335 0.5469483568075117 0.05 0.10172143974960876
0 0.5453125 0.3395931142410016 0.05520833333333333 0.12206572769953052
0 0.596875 0.3669796557120501 0.05 0.0892018779342723
0 0.6713541666666667 0.3513302034428795 0.04479166666666667 0.07981220657276995
0 0.7463541666666667 0.3544600938967136 0.05520833333333333 0.08607198748043818
0 0.7984375 0.365414710485133 0.046875 0.07981220657276995
0 0.9145833333333333 0.32785602503912364 0.058333333333333334 0.10172143974960876
0 0.9770833333333333 0.2746478873239437 0.04375 0.06416275430359937
