0 0.16422947131608548 0.37033898305084745 0.04274465691788527 0.07627118644067797
0 0.2514060742407199 0.4076271186440678 0.03937007874015748 0.07966101694915254
0 0.29133858267716534 0.4016949152542373 0.047244094488188976 0.07796610169491526
0 0.36389201349831274 0.36186440677966103 0.048368953880764905 0.06271186440677966
0 0.3863892013498313 0.4194915254237288 0.03937007874015748 0.07288135593220339
0 0.46794150731158607 0.43898305084745765 0.03374578177727784 0.06440677966101695
0 0.5264341957255343 0.3474576271186441 0.031496062992125984 0.06440677966101695
0 0.5742407199100112 0.42542372881355933 0.03487064116985377 0.06440677966101695
0 0.6434195725534309 0.4728813559322034 0.031496062992125984 0.0576271186440678
0 0.6451068616422947 0.39576271186440676 0.03712035995500562 0.05593220338983051
0 0.7249718785151856 0.3847457627118644 0.03487064116985377 0.06440677966101695
0 0.7075365579302587 0.4271186440677966 0.03374578177727784 0.06440677966101695
0 0.7649043869516311 0.42203389830508475 0.047244094488188976 0.08135593220338982
0 0.828458942632171 0.3906779661016949 0.03937007874015748 0.07627118644067797
0 0.9600674915635545 0.4516949152542373 0.012373453318335208 0.01864406779661017
