0 0.190625 0.5905555555555555 0.0275 0.06333333333333334
0 0.2096875 0.5833333333333334 0.020625 0.044444444444444446
0 0.256875 0.6288888888888889 0.02125 0.03111111111111111
0 0.251875 0.6266666666666667 0.015 0.03333333333333333
0 0.249375 0.5861111111111111 0.0125 0.027777777777777776
0 0.2953125 0.6411111111111111 0.016875 0.03111111111111111
0 0.3178125 0.6683333333333333 0.014375 0.025555555555555557
0 0.3478125 0.595 0.015625 0.03222222222222222
0 0.318125 0.5866666666666667 0.00625 0.013333333333333334
0 0.3853125 0.61 0.014375 0.028888888888888888
0 0.40375 0.6066666666666667 0.00875 0.017777777777777778
0 0.4284375 0.6083333333333333 0.013125 0.023333333333333334
0 0.450625 0.6055555555555555 0.0175 0.03777777777777778
0 0.485625 0.6127777777777778 0.0125 0.025555555555555557
0 0.500625 0.6094444444444445 0.0125 0.025555555555555557
0 0.516875 0.6022222222222222 0.02375 0.05333333333333334
0 0.53625 0.6133333333333333 0.0125 0.024444444444444446
0 0.5715625 0.6177777777777778 0.013125 0.022222222222222223
0 0.6065625 0.6138888888888889 0.016875 0.034444444444444444
0 0.59625 0.6127777777777778 0.0125 0.025555555555555557
0 0.64375 0.6211111111111111 0.0125 0.022222222222222223
0 0.6615625 0.6111111111111112 0.010625 0.02
0 0.6821875 0.6311111111111111 0.011875 0.024444444444444446
0 0.7615625 0.6155555555555555 0.011875 0.024444444444444446
0 0.946875 0.6011111111111112 0.01375 0.028888888888888888
0 0.33375 0.5966666666666667 0.00625 0.011111111111111112
0 0.366875 0.6116666666666667 0.01 0.01888888888888889
0 0.466875 0.6066666666666667 0.00875 0.017777777777777778
0 0.4775 0.6077777777777778 0.0075 0.015555555555555555
0 0.5709375 0.6055555555555555 0.008125 0.015555555555555555
