0 0.6766666666666666 0.19665605095541402 0.10166666666666667 0.24363057324840764
0 0.5258333333333334 0.31130573248407645 0.09666666666666666 0.25636942675159236
0 0.93875 0.3980891719745223 0.0525 0.1337579617834395
0 0.0033333333333333335 0.34076433121019106 0.043333333333333335 0.1464968152866242
0 0.08666666666666667 0.7054140127388535 0.056666666666666664 0.1305732484076433
0 0.09958333333333333 0.2874203821656051 0.04083333333333333 0.11624203821656051
0 0.18541666666666667 0.4171974522292994 0.049166666666666664 0.12738853503184713
0 0.18125 0.6297770700636943 0.05416666666666667 0.12579617834394904
0 0.27708333333333335 0.29538216560509556 0.04583333333333333 0.10668789808917198
0 0.2629166666666667 0.6480891719745223 0.06416666666666666 0.14968152866242038
0 0.35041666666666665 0.679140127388535 0.049166666666666664 0.12898089171974522
