0 0.05615234375 0.5702781844802343 0.0439453125 0.0629575402635432
0 0.23046875 0.6332357247437774 0.052734375 0.06588579795021962
0 0.3603515625 0.719619326500732 0.041015625 0.05710102489019034
0 0.3837890625 0.5849194729136163 0.03125 0.0629575402635432
0 0.5380859375 0.5512445095168375 0.048828125 0.06881405563689605
0 0.8759765625 0.6090775988286969 0.041015625 0.06442166910688141
0 0.91162109375 0.4143484626647145 0.0302734375 0.0527086383601757
0 0.9970703125 0.10175695461200586 0.015625 0.03074670571010249
0 0.92236328125 0.11346998535871157 0.0166015625 0.03074670571010249
0 0.88623046875 0.1061493411420205 0.0166015625 0.03367496339677892
0 0.85009765625 0.08199121522693997 0.0185546875 0.029282576866764276
0 0.5966796875 0.09443631039531479 0.017578125 0.03367496339677892
0 0.38525390625 0.005856515373352855 0.0166015625 0.02635431918008785
0 0.07470703125 0.00951683748169839 0.0166015625 0.021961932650073207
0 0.04345703125 0.004392386530014641 0.0146484375 0.020497803806734993
0 0.21533203125 0.05124450951683748 0.0185546875 0.032210834553440704
