0 0.01159324279562769 0.2870278330019881 0.030473666777078502 0.05815109343936382
0 0.04090758529314342 0.32380715705765406 0.027492547201059953 0.044234592445328035
0 0.11742298774428618 0.28727634194831014 0.03212984431931103 0.05765407554671968
0 0.17091752235839683 0.3265407554671968 0.025836369658827428 0.04572564612326044
0 0.22225902616760518 0.3091451292246521 0.04173567406425969 0.0775347912524851
0 0.35442199403776087 0.2532306163021869 0.051010268300761843 0.11481113320079522
0 0.528155018217953 0.3071570576540755 0.05399138787678039 0.10934393638170974
0 0.45329579330904274 0.31237574552683894 0.028817489234845974 0.05715705765407555
0 0.4837694600861212 0.319831013916501 0.0241801921165949 0.04622266401590457
0 0.651374627360053 0.29249502982107356 0.04272938058959921 0.08200795228628231
0 0.718284200066247 0.24627236580516898 0.03676714143756211 0.07504970178926441
0 0.8280887711162637 0.28578528827037775 0.03776084796290162 0.08151093439363817
0 0.8858893673401789 0.2845427435387674 0.042066909572706195 0.08598409542743539
0 0.7987744286187479 0.2915009940357853 0.03146737330241802 0.059145129224652086
