0 0.01423076923076923 0.47865353037766833 0.02846153846153846 0.3021346469622332
0 0.021538461538461538 0.270935960591133 0.03076923076923077 0.041050903119868636
0 0.09230769230769231 0.23686371100164202 0.03230769230769231 0.03858784893267652
0 0.12115384615384615 0.25738916256157635 0.03769230769230769 0.04187192118226601
0 0.0973076923076923 0.2996715927750411 0.05 0.06896551724137931
0 0.1519230769230769 0.2545155993431856 0.045384615384615384 0.05747126436781609
0 0.18346153846153845 0.2680623973727422 0.031538461538461536 0.04351395730706076
0 0.22538461538461538 0.2861247947454844 0.046153846153846156 0.06486042692939245
0 0.24846153846153846 0.39983579638752054 0.052307692307692305 0.06896551724137931
0 0.31461538461538463 0.2684729064039409 0.04 0.059113300492610835
0 0.4023076923076923 0.340311986863711 0.04461538461538461 0.06157635467980296
0 0.48115384615384615 0.3222495894909688 0.05 0.07142857142857142
0 0.4042307692307692 0.3805418719211823 0.05 0.05829228243021346
0 0.6746153846153846 0.3920361247947455 0.05384615384615385 0.08292282430213464
0 0.6984615384615385 0.37561576354679804 0.05076923076923077 0.08292282430213464
0 0.8346153846153846 0.44170771756978655 0.04461538461538461 0.06732348111658457
0 0.8319230769230769 0.2799671592775041 0.036153846153846154 0.04597701149425287
0 0.9792307692307692 0.16133004926108374 0.015384615384615385 0.022167487684729065
0 0.9080769230769231 0.15024630541871922 0.013076923076923076 0.014778325123152709
0 0.8946153846153846 0.15722495894909688 0.015384615384615385 0.017241379310344827
0 0.6130769230769231 0.1535303776683087 0.013846153846153847 0.013136288998357963
0 0.5803846153846154 0.16009852216748768 0.01 0.013136288998357963
0 0.5646153846153846 0.1510673234811166 0.012307692307692308 0.013136288998357963
0 0.5507692307692308 0.15024630541871922 0.015384615384615385 0.014778325123152709
0 0.5357692307692308 0.15558292282430214 0.013076923076923076 0.015599343185550082
0 0.5046153846153846 0.1592775041050903 0.012307692307692308 0.014778325123152709
0 0.4330769230769231 0.19088669950738915 0.013846153846153847 0.015599343185550082
0 0.021923076923076924 0.16379310344827586 0.01 0.012315270935960592
0 0.013846153846153847 0.1687192118226601 0.010769230769230769 0.012315270935960592
