0 0.16943359375 0.937422934648582 0.017578125 0.02281134401972873
0 0.176025390625 0.9802712700369913 0.02294921875 0.035758323057953144
0 0.217529296875 0.9432799013563502 0.01708984375 0.02342786683107275
0 0.218505859375 0.9207768187422934 0.01611328125 0.02157829839704069
0 0.259033203125 0.9155363748458692 0.01611328125 0.02219482120838471
0 0.275146484375 0.9346485819975339 0.01416015625 0.02219482120838471
0 0.314697265625 0.8763871763255241 0.01611328125 0.02281134401972873
0 0.342041015625 0.9112207151664612 0.01708984375 0.02219482120838471
0 0.362548828125 0.9257090012330457 0.01806640625 0.02527743526510481
0 0.397705078125 0.9737977805178791 0.02294921875 0.031442663378545004
0 0.405517578125 0.8612823674475956 0.01318359375 0.01726263871763255
0 0.33984375 0.8689889025893958 0.0146484375 0.02157829839704069
0 0.35693359375 0.8538840937114673 0.0146484375 0.02466091245376079
0 0.2958984375 0.9734895191122072 0.01953125 0.030826140567200986
0 0.433349609375 0.8360049321824907 0.01318359375 0.018495684340320593
0 0.477294921875 0.8508014796547472 0.01318359375 0.018495684340320593
0 0.541748046875 0.8403205918618989 0.01416015625 0.02096177558569667
0 0.602294921875 0.9525277435265105 0.01708984375 0.02096177558569667
0 0.6171875 0.8868680641183724 0.015625 0.02281134401972873
0 0.55859375 0.7940813810110974 0.0107421875 0.014796547472256474
0 0.56396484375 0.7626387176325524 0.0126953125 0.016029593094944512
0 0.5712890625 0.7614056720098644 0.0107421875 0.01726263871763255
0 0.60400390625 0.7450678175092479 0.01171875 0.016646115906288533
0 0.637939453125 0.7555487053020962 0.01025390625 0.016646115906288533
0 0.642333984375 0.7361282367447596 0.01123046875 0.01726263871763255
0 0.697021484375 0.749075215782984 0.01025390625 0.014796547472256474
0 0.687744140625 0.8569667077681874 0.01611328125 0.01972872996300863
0 0.687744140625 0.9753390875462392 0.01904296875 0.02466091245376079
0 0.723876953125 0.9232429099876696 0.01708984375 0.02281134401972873
0 0.744384765625 0.9331072749691739 0.01806640625 0.02651048088779285
0 0.71923828125 0.8511097410604193 0.0126953125 0.017879161528976572
0 0.74951171875 0.8803945745992602 0.0146484375 0.01726263871763255
0 0.8046875 0.9146115906288532 0.0146484375 0.02157829839704069
0 0.81884765625 0.8865598027127004 0.0146484375 0.01972872996300863
0 0.8310546875 0.8924167694204685 0.0126953125 0.01911220715166461
0 0.855712890625 0.9315659679408138 0.01806640625 0.02342786683107275
0 0.931396484375 0.9519112207151664 0.02490234375 0.02836004932182491
0 0.98828125 0.8563501849568435 0.0166015625 0.02219482120838471
0 0.939453125 0.8825524044389642 0.0185546875 0.020345252774352653
0 0.882568359375 0.8696054254007398 0.01611328125 0.01911220715166461
0 0.807373046875 0.8255240443896424 0.01416015625 0.01972872996300863
0 0.801513671875 0.8051787916152897 0.01123046875 0.014796547472256474
0 0.814697265625 0.7786683107274969 0.01220703125 0.01726263871763255
0 0.839599609375 0.7311960542540074 0.01123046875 0.013563501849568433
0 0.850830078125 0.7253390875462392 0.00927734375 0.012946979038224414
0 0.90966796875 0.7336621454993835 0.013671875 0.02219482120838471
0 0.927734375 0.749075215782984 0.0146484375 0.01726263871763255
0 0.94580078125 0.7459926017262639 0.013671875 0.02096177558569667
0 0.969970703125 0.7475339087546239 0.01416015625 0.016646115906288533
0 0.716552734375 0.7105425400739828 0.01025390625 0.012946979038224414
0 0.733642578125 0.7145499383477188 0.01025390625 0.013563501849568433
0 0.79541015625 0.6815659679408138 0.0078125 0.011713933415536375
0 0.826904296875 0.6488902589395807 0.00927734375 0.010480887792848335
0 0.84033203125 0.6837237977805178 0.009765625 0.013563501849568433
0 0.74462890625 0.6834155363748459 0.009765625 0.010480887792848335
0 0.748291015625 0.6575215782983971 0.00927734375 0.010480887792848335
0 0.7841796875 0.6636868064118372 0.0078125 0.010480887792848335
0 0.722412109375 0.6374845869297164 0.00732421875 0.009864364981504316
0 0.689208984375 0.6297780517879161 0.00732421875 0.011713933415536375
0 0.6494140625 0.6855733662145499 0.009765625 0.013563501849568433
0 0.65283203125 0.6658446362515413 0.0087890625 0.011097410604192354
0 0.6630859375 0.6602959309494452 0.0078125 0.011097410604192354
0 0.67822265625 0.6587546239210851 0.0087890625 0.009247842170160296
0 0.512939453125 0.6781750924784217 0.01025390625 0.014796547472256474
0 0.528564453125 0.6954377311960542 0.00927734375 0.013563501849568433
0 0.537109375 0.6818742293464858 0.0078125 0.014796547472256474
0 0.56787109375 0.6827990135635018 0.009765625 0.012946979038224414
0 0.0087890625 0.7743526510480888 0.0146484375 0.018495684340320593
0 0.021728515625 0.7768187422934648 0.01220703125 0.016029593094944512
0 0.032470703125 0.7620221948212084 0.01025390625 0.01726263871763255
0 0.05078125 0.7669543773119606 0.0107421875 0.014796547472256474
0 0.062744140625 0.7456843403205918 0.01318359375 0.017879161528976572
0 0.077880859375 0.7382860665844636 0.01318359375 0.016646115906288533
0 0.105224609375 0.7348951911220715 0.01416015625 0.018495684340320593
0 0.123046875 0.7284217016029593 0.01171875 0.016646115906288533
0 0.138671875 0.7250308261405672 0.0107421875 0.014796547472256474
0 0.15869140625 0.7308877928483354 0.009765625 0.012946979038224414
0 0.16748046875 0.718557336621455 0.0107421875 0.012946979038224414
0 0.197509765625 0.6942046855733662 0.01025390625 0.014796547472256474
0 0.21337890625 0.7127003699136868 0.0087890625 0.012330456226880395
0 0.27587890625 0.6754007398273736 0.01171875 0.016646115906288533
0 0.206787109375 0.6362515413070283 0.00732421875 0.012330456226880395
0 0.19921875 0.565043156596794 0.0068359375 0.009247842170160296
0 0.253173828125 0.5668927250308261 0.00634765625 0.009247842170160296
0 0.22607421875 0.594944512946979 0.0068359375 0.009864364981504316
0 0.240234375 0.5946362515413071 0.0087890625 0.009247842170160296
0 0.2802734375 0.6183723797780518 0.009765625 0.016029593094944512
0 0.2646484375 0.593094944512947 0.0078125 0.011097410604192354
0 0.158203125 0.6168310727496917 0.0068359375 0.009247842170160296
0 0.173583984375 0.5853884093711468 0.01025390625 0.011713933415536375
0 0.11279296875 0.6615289765721332 0.0078125 0.011097410604192354
0 0.08154296875 0.6427250308261405 0.009765625 0.011713933415536375
0 0.1044921875 0.623921085080148 0.0078125 0.008631319358816275
0 0.04736328125 0.6612207151664612 0.0078125 0.011713933415536375
0 0.017578125 0.6442663378545006 0.009765625 0.012330456226880395
0 0.009521484375 0.5724414303329223 0.00732421875 0.010480887792848335
0 0.020751953125 0.5690505548705302 0.00830078125 0.009864364981504316
0 0.03515625 0.5678175092478421 0.0078125 0.011097410604192354
0 0.0546875 0.5724414303329223 0.005859375 0.009247842170160296
0 0.062744140625 0.5715166461159062 0.00634765625 0.009864364981504316
0 0.078125 0.561035758323058 0.0068359375 0.008631319358816275
0 0.144287109375 0.5585696670776819 0.00634765625 0.008631319358816275
0 0.12890625 0.5786066584463625 0.0126953125 0.0499383477188656
0 0.09326171875 0.5752157829839704 0.0048828125 0.006165228113440197
0 0.118408203125 0.5773736128236745 0.01220703125 0.05240443896424168
0 0.1923828125 0.6081997533908755 0.0078125 0.011713933415536375
0 0.140380859375 0.688039457459926 0.01318359375 0.016029593094944512
0 0.1708984375 0.6960542540073983 0.0126953125 0.014796547472256474
0 0.175048828125 0.5527127003699137 0.00537109375 0.008014796547472256
0 0.184814453125 0.5665844636251541 0.01220703125 0.0468557336621455
0 0.131591796875 0.6097410604192355 0.00732421875 0.011097410604192354
0 0.01708984375 0.7558569667077681 0.0146484375 0.018495684340320593
0 0.002685546875 0.7583230579531443 0.01318359375 0.01972872996300863
0 0.03125 0.7373612823674476 0.0107421875 0.018495684340320593
0 0.041748046875 0.7453760789149199 0.01220703125 0.01726263871763255
0 0.0673828125 0.718249075215783 0.0107421875 0.014796547472256474
0 0.05859375 0.7278051787916153 0.0107421875 0.017879161528976572
0 0.06396484375 0.6957459926017263 0.0107421875 0.014180024660912454
0 0.091796875 0.7142416769420469 0.0126953125 0.016646115906288533
0 0.1123046875 0.717632552404439 0.013671875 0.01726263871763255
0 0.228271484375 0.6729346485819976 0.01025390625 0.014180024660912454
0 0.23681640625 0.6815659679408138 0.0107421875 0.014180024660912454
0 0.24853515625 0.6738594327990136 0.0078125 0.012330456226880395
0 0.204345703125 0.4978421701602959 0.00341796875 0.005548705302096177
0 0.096923828125 0.560727496917386 0.00634765625 0.008014796547472256
0 0.10400390625 0.560727496917386 0.0068359375 0.009247842170160296
0 0.04541015625 0.6408754623921085 0.0087890625 0.012946979038224414
0 0.23828125 0.5773736128236745 0.0078125 0.010480887792848335
0 0.33056640625 0.8699136868064118 0.013671875 0.01726263871763255
0 0.419921875 0.8458692971639951 0.0126953125 0.018495684340320593
0 0.515380859375 0.8227496917385944 0.01416015625 0.020345252774352653
0 0.212158203125 0.6226880394574599 0.00927734375 0.012330456226880395
0 0.072021484375 0.5872379778051788 0.00830078125 0.010480887792848335
0 0.104736328125 0.7157829839704068 0.01123046875 0.013563501849568433
0 0.10791015625 0.6988286066584464 0.01171875 0.016646115906288533
0 0.12060546875 0.7016029593094945 0.01171875 0.014796547472256474
0 0.15869140625 0.7148581997533908 0.0107421875 0.016646115906288533
0 0.180419921875 0.7090012330456227 0.01025390625 0.014796547472256474
0 0.22412109375 0.7130086313193588 0.0107421875 0.014180024660912454
0 0.225830078125 0.7040690505548706 0.01025390625 0.013563501849568433
0 0.025390625 0.6356350184956844 0.009765625 0.013563501849568433
0 0.0654296875 0.6525893958076449 0.0107421875 0.016646115906288533
0 0.098388671875 0.6504315659679408 0.00927734375 0.012330456226880395
0 0.19873046875 0.6011097410604193 0.005859375 0.008631319358816275
0 0.2490234375 0.5958692971639951 0.0078125 0.011713933415536375
0 0.248291015625 0.5810727496917386 0.00830078125 0.009247842170160296
0 0.273681640625 0.5887792848335388 0.00732421875 0.009864364981504316
0 0.926513671875 0.9266337854500617 0.01513671875 0.01726263871763255
0 0.859619140625 0.9167694204685574 0.01708984375 0.02096177558569667
0 0.7978515625 0.9287916152897657 0.0107421875 0.014180024660912454
