0 0.04387755102040816 0.10163339382940109 0.02040816326530612 0.050816696914700546
0 -0.006122448979591836 0.04809437386569873 0.022448979591836733 0.041742286751361164
0 0.1336734693877551 0.0998185117967332 0.0673469387755102 0.1560798548094374
0 0.19846938775510203 0.12704174228675136 0.025510204081632654 0.05807622504537205
0 0.18928571428571428 0.0 0.019387755102040816 0.039927404718693285
0 0.2423469387755102 0.010889292196007259 0.02142857142857143 0.036297640653357534
0 0.288265306122449 -0.0009074410163339383 0.02142857142857143 0.038112522686025406
0 0.31887755102040816 0.03720508166969147 0.02346938775510204 0.05263157894736842
0 0.3173469387755102 0.09074410163339383 0.024489795918367346 0.043557168784029036
0 0.27040816326530615 0.13793103448275862 0.0653061224489796 0.14519056261343014
0 0.376530612244898 0.1442831215970962 0.06326530612244897 0.15063520871143377
0 0.48316326530612247 0.1569872958257713 0.058163265306122446 0.12885662431941924
0 0.5571428571428572 0.1297640653357532 0.05102040816326531 0.13611615245009073
0 0.5964285714285714 0.21687840290381125 0.06224489795918367 0.1542649727767695
0 0.6964285714285714 0.16515426497277677 0.06020408163265306 0.15245009074410162
0 0.8035714285714286 0.09074410163339383 0.0663265306122449 0.15245009074410162
0 0.4362244897959184 0.4500907441016334 0.058163265306122446 0.13793103448275862
0 0.4357142857142857 0.4519056261343013 0.05918367346938776 0.13430127041742287
0 0.503061224489796 0.48366606170598914 0.0653061224489796 0.1542649727767695
0 0.3183673469387755 0.0426497277676951 0.022448979591836733 0.045372050816696916
0 0.44081632653061226 -0.13793103448275862 0.02040816326530612 0.039927404718693285
0 0.5 0.0009074410163339383 0.024489795918367346 0.045372050816696916
0 0.5403061224489796 -0.03357531760435572 0.027551020408163266 0.045372050816696916
0 0.6127551020408163 -0.03901996370235935 0.025510204081632654 0.041742286751361164
0 0.7974489795918367 -0.0544464609800363 0.02959183673469388 0.0544464609800363
0 0.8678571428571429 -0.09074410163339383 0.019387755102040816 0.032667876588021776
0 0.9489795918367347 0.23411978221415608 0.0326530612244898 0.06896551724137931
0 0.9306122448979591 0.006352087114337568 0.026530612244897958 0.034482758620689655
0 0.9091836734693878 0.06170598911070781 0.02040816326530612 0.043557168784029036
0 0.6438775510204081 -0.04900181488203267 0.024489795918367346 0.047186932849364795
