0 0.04576923076923077 0.12289915966386554 0.014615384615384615 0.023109243697478993
0 0.07653846153846154 0.11607142857142858 0.016153846153846154 0.026260504201680673
0 0.12423076923076923 0.15336134453781514 0.02846153846153846 0.03991596638655462
0 0.17923076923076922 0.13760504201680673 0.04 0.052521008403361345
0 0.255 0.14705882352941177 0.04230769230769231 0.0546218487394958
0 0.2623076923076923 0.3282563025210084 0.04461538461538461 0.05567226890756303
0 0.3119230769230769 0.5477941176470589 0.04846153846153846 0.07247899159663866
0 0.43846153846153846 0.0861344537815126 0.02923076923076923 0.04201680672268908
0 0.5376923076923077 0.11817226890756302 0.02923076923076923 0.04936974789915966
0 0.6169230769230769 0.5267857142857143 0.052307692307692305 0.08298319327731092
0 0.821923076923077 0.10766806722689076 0.04692307692307692 0.08508403361344538
0 0.13615384615384615 0.10819327731092437 0.016923076923076923 0.0273109243697479
0 0.6515384615384615 0.16228991596638656 0.02 0.03466386554621849
0 0.6165384615384616 0.15021008403361344 0.011538461538461539 0.018907563025210083
0 0.5957692307692307 0.16964285714285715 0.03 0.07247899159663866
0 0.5338461538461539 0.10504201680672269 0.027692307692307693 0.046218487394957986
0 0.9046153846153846 0.12972689075630253 0.02 0.032563025210084036
0 0.9403846153846154 0.13813025210084034 0.02076923076923077 0.03046218487394958
0 0.9226923076923077 0.13918067226890757 0.022307692307692306 0.03046218487394958
0 0.9707692307692307 0.13707983193277312 0.016923076923076923 0.028361344537815126
0 0.8780769230769231 0.1323529411764706 0.014615384615384615 0.025210084033613446
