0 0.129125 0.39368327402135234 0.04625 0.08896797153024912
0 0.239 0.43282918149466193 0.0385 0.09786476868327403
0 0.38775 0.6923932384341637 0.046 0.10720640569395018
0 0.332 0.4555160142348754 0.0325 0.09608540925266904
0 0.411625 0.43683274021352314 0.03875 0.09697508896797152
0 0.489625 0.44105871886120995 0.03975 0.09653024911032028
0 0.592125 0.4666370106761566 0.03525 0.08540925266903915
0 0.674875 0.4417259786476868 0.04125 0.09341637010676157
0 0.753125 0.43394128113879005 0.04375 0.10364768683274021
0 0.82125 0.4375 0.0425 0.10097864768683273
0 0.328 0.39012455516014233 0.0385 0.08362989323843416
0 0.431125 0.37255338078291816 0.03675 0.0849644128113879
0 0.5415 0.3672153024911032 0.0395 0.09830960854092527
