0 0.7691666666666667 0.6 0.025 0.04
0 0.8141666666666667 0.62125 0.013333333333333334 0.03
0 0.7104166666666667 0.635625 0.014166666666666666 0.02375
0 0.64 0.645 0.013333333333333334 0.025
0 0.5641666666666667 0.585625 0.028333333333333332 0.04125
0 0.57375 0.6 0.024166666666666666 0.0325
0 0.5133333333333333 0.59875 0.018333333333333333 0.0325
0 0.4625 0.47625 0.028333333333333332 0.045
0 0.42375 0.5625 0.035833333333333335 0.0525
0 0.3275 0.584375 0.028333333333333332 0.03625
0 0.37125 0.58 0.0275 0.0425
0 0.9829166666666667 0.689375 0.015833333333333335 0.02625
0 0.93875 0.66375 0.015833333333333335 0.025
0 0.9054166666666666 0.636875 0.0125 0.02125
0 0.9270833333333334 0.64125 0.015833333333333335 0.025
0 0.9695833333333334 0.651875 0.015833333333333335 0.02875
0 0.92375 0.618125 0.010833333333333334 0.02125
0 0.9416666666666667 0.620625 0.013333333333333334 0.02125
0 0.9725 0.613125 0.013333333333333334 0.02375
0 0.9966666666666667 0.608125 0.011666666666666667 0.02375
0 0.9379166666666666 0.591875 0.010833333333333334 0.01875
0 0.95375 0.584375 0.014166666666666666 0.02625
0 0.9829166666666667 0.58625 0.014166666666666666 0.0225
0 0.9691666666666666 0.563125 0.011666666666666667 0.02125
0 0.99 0.55625 0.013333333333333334 0.0225
