0 0.9661764705882353 0.63720703125 0.020588235294117647 0.0185546875
0 0.8036764705882353 0.6435546875 0.04852941176470588 0.033203125
0 0.7102941176470589 0.6220703125 0.041176470588235294 0.03125
0 0.6507352941176471 0.642578125 0.045588235294117645 0.03515625
0 0.6110294117647059 0.64501953125 0.04852941176470588 0.0322265625
0 0.4904411764705882 0.63232421875 0.04852941176470588 0.0322265625
0 0.3985294117647059 0.64697265625 0.047058823529411764 0.0341796875
0 0.3191176470588235 0.62939453125 0.04411764705882353 0.0341796875
0 0.28161764705882353 0.62109375 0.03676470588235294 0.029296875
0 0.06838235294117648 0.64208984375 0.04852941176470588 0.0380859375
0 0.016176470588235296 0.62353515625 0.014705882352941176 0.0126953125
