0 0.81298828125 0.4251644736842105 0.0087890625 0.014802631578947368
0 0.82421875 0.42105263157894735 0.01171875 0.023026315789473683
0 0.734375 0.4317434210526316 0.013671875 0.024671052631578948
0 0.73046875 0.43667763157894735 0.013671875 0.024671052631578948
0 0.78271484375 0.4407894736842105 0.0166015625 0.039473684210526314
0 0.76220703125 0.4498355263157895 0.0283203125 0.05756578947368421
0 0.861328125 0.45723684210526316 0.033203125 0.05921052631578947
0 0.8662109375 0.42598684210526316 0.041015625 0.0756578947368421
0 0.6650390625 0.45148026315789475 0.017578125 0.03782894736842105
0 0.58251953125 0.4440789473684211 0.0244140625 0.04276315789473684
0 0.970703125 0.45394736842105265 0.02734375 0.046052631578947366
0 0.32177734375 0.45805921052631576 0.0400390625 0.09046052631578948
0 0.35791015625 0.40542763157894735 0.0458984375 0.08717105263157894
0 0.35693359375 0.43832236842105265 0.0419921875 0.07401315789473684
