0 0.8393361581920904 0.33626097867001253 0.03036723163841808 0.07026348808030113
0 0.8223870056497176 0.3312421580928482 0.04025423728813559 0.08782936010037641
0 0.786723163841808 0.3299874529485571 0.04096045197740113 0.0903387703889586
0 0.7584745762711864 0.2917189460476788 0.05790960451977401 0.10414052697616061
0 0.7630649717514124 0.2816813048933501 0.048728813559322036 0.11166875784190715
0 0.7874293785310734 0.32810539523212046 0.03672316384180791 0.09159347553324969
0 0.9646892655367232 0.35570890840652447 0.025423728813559324 0.04893350062735257
0 0.972457627118644 0.31053952321204514 0.01977401129943503 0.043914680050188205
0 0.9138418079096046 0.31304893350062735 0.022598870056497175 0.03638644918444166
0 0.8923022598870056 0.31555834378920955 0.023305084745762712 0.04893350062735257
0 0.8647598870056498 0.3086574654956085 0.020480225988700564 0.0451693851944793
0 0.6867937853107344 0.5991217063989962 0.0925141242937853 0.8117942283563363
0 0.6839689265536724 0.24780426599749059 0.05155367231638418 0.11668757841907151
0 0.6331214689265536 0.25094102885821834 0.08121468926553672 0.14052697616060225
0 0.5635593220338984 0.3174404015056462 0.08192090395480225 0.16311166875784192
0 0.503177966101695 0.17440401505646172 0.08686440677966102 0.1806775407779172
0 0.4456214689265537 0.1875784190715182 0.09887005649717515 0.20451693851944794
0 0.3587570621468927 0.18005018820577165 0.12005649717514125 0.24466750313676286
0 0.21610169491525424 0.3099121706398996 0.1426553672316384 0.28858218318695106
