0 0.31425 0.5866466616654163 0.0075 0.01350337584396099
0 0.324 0.5900225056264066 0.01 0.015753938484621154
0 0.29925 0.5855213803450863 0.0095 0.0172543135783946
0 0.16225 0.5836459114778695 0.0095 0.015003750937734433
0 0.985 0.5461365341335334 0.02 0.028507126781695424
0 0.9675 0.5247561890472618 0.013 0.02625656414103526
0 0.952 0.5630157539384846 0.015 0.023255813953488372
0 0.9235 0.6286571642910728 0.028 0.17254313578394598
0 0.8875 0.5536384096024006 0.015 0.025506376594148537
0 0.89875 0.5588897224306076 0.0135 0.024006001500375095
0 0.8625 0.5525131282820706 0.014 0.029257314328582147
0 0.82325 0.5525131282820706 0.0125 0.024756189047261814
0 0.79275 0.5300075018754689 0.0145 0.023255813953488372
0 0.81 0.5412603150787697 0.015 0.0277569392348087
0 1.04225 0.5307576894223556 0.0955 0.16579144786196548
0 0.372 0.5570142535633908 0.062 0.1177794448612153
0 0.363 0.7685671417854464 0.12 0.4628657164291073
0 0.5435 0.40472618154538637 0.135 0.28582145536384096
0 0.70625 0.6654163540885222 0.0725 0.13053263315828958
0 0.04825 0.5701425356339085 0.1125 0.21605401350337583
0 0.24425 0.605026256564141 0.0105 0.018754688672168042
