0 0.96328125 0.6958333333333333 0.00625 0.011111111111111112
0 0.952734375 0.6958333333333333 0.00546875 0.011111111111111112
0 0.937890625 0.6958333333333333 0.00546875 0.011111111111111112
0 0.935546875 0.6965277777777777 0.00546875 0.006944444444444444
0 0.918359375 0.7027777777777777 0.00546875 0.011111111111111112
0 0.909765625 0.6986111111111111 0.00546875 0.011111111111111112
0 0.8890625 0.7013888888888888 0.00625 0.011111111111111112
0 0.86953125 0.7034722222222223 0.00625 0.0125
0 0.85234375 0.7069444444444445 0.0046875 0.011111111111111112
0 0.85 0.7083333333333334 0.0046875 0.008333333333333333
0 0.835546875 0.6965277777777777 0.00546875 0.0125
0 0.80234375 0.7034722222222223 0.00625 0.0125
0 0.8203125 0.7111111111111111 0.0140625 0.025
0 0.76875 0.7055555555555556 0.0125 0.022222222222222223
0 0.75078125 0.7 0.00625 0.011111111111111112
0 0.74921875 0.7 0.00625 0.011111111111111112
0 0.7046875 0.7020833333333333 0.0046875 0.009722222222222222
0 0.701953125 0.7034722222222223 0.00546875 0.009722222222222222
0 0.612890625 0.6979166666666666 0.00546875 0.009722222222222222
0 0.53515625 0.7 0.00625 0.013888888888888888
0 0.50390625 0.7097222222222223 0.00625 0.013888888888888888
0 0.50078125 0.7083333333333334 0.00625 0.013888888888888888
0 0.51015625 0.7055555555555556 0.0078125 0.016666666666666666
0 0.466015625 0.7027777777777777 0.00546875 0.011111111111111112
0 0.47109375 0.7083333333333334 0.0109375 0.019444444444444445
0 0.361328125 0.6951388888888889 0.01015625 0.018055555555555554
0 0.33515625 0.6972222222222222 0.0046875 0.011111111111111112
0 0.3328125 0.7020833333333333 0.0046875 0.009722222222222222
0 0.26875 0.6958333333333333 0.0046875 0.008333333333333333
0 0.273828125 0.6951388888888889 0.00546875 0.009722222222222222
0 0.296484375 0.7402777777777778 0.01328125 0.027777777777777776
0 0.28828125 0.7159722222222222 0.0140625 0.029166666666666667
0 0.2515625 0.73125 0.015625 0.02638888888888889
0 0.194921875 0.6944444444444444 0.00390625 0.008333333333333333
0 0.200390625 0.70625 0.00703125 0.015277777777777777
0 0.183203125 0.6965277777777777 0.01015625 0.018055555555555554
0 0.14609375 0.7201388888888889 0.015625 0.029166666666666667
0 0.09296875 0.7131944444444445 0.021875 0.0375
