0 0.6553846153846153 0.5916666666666667 0.03230769230769231 0.03958333333333333
0 0.5607692307692308 0.5927083333333333 0.024615384615384615 0.041666666666666664
0 0.4869230769230769 0.5833333333333334 0.023076923076923078 0.035416666666666666
0 0.3426923076923077 0.5760416666666667 0.025384615384615384 0.041666666666666664
0 0.2173076923076923 0.5828125 0.025384615384615384 0.03854166666666667
0 0.3088461538461538 0.5802083333333333 0.022307692307692306 0.03333333333333333
0 0.03307692307692308 0.55625 0.013846153846153847 0.016666666666666666
0 0.006923076923076923 0.6302083333333334 0.036923076923076927 0.15833333333333333
0 0.07346153846153847 0.5427083333333333 0.011538461538461539 0.016666666666666666
0 0.10846153846153846 0.5583333333333333 0.013846153846153847 0.022916666666666665
0 0.09846153846153846 0.5703125 0.012307692307692308 0.019791666666666666
0 0.095 0.553125 0.008461538461538461 0.0125
0 0.08692307692307692 0.5494791666666666 0.009230769230769232 0.015625
0 0.1346153846153846 0.5760416666666667 0.012307692307692308 0.01875
0 0.13307692307692306 0.5625 0.015384615384615385 0.022916666666666665
0 0.17807692307692308 0.5614583333333333 0.011538461538461539 0.020833333333333332
0 0.20923076923076922 0.5588541666666667 0.012307692307692308 0.015625
0 0.24653846153846154 0.5635416666666667 0.01 0.014583333333333334
0 0.26153846153846155 0.5692708333333333 0.010769230769230769 0.015625
0 0.3830769230769231 0.5739583333333333 0.010769230769230769 0.014583333333333334
0 0.36615384615384616 0.5546875 0.009230769230769232 0.013541666666666667
0 0.41 0.5765625 0.007692307692307693 0.013541666666666667
0 0.4346153846153846 0.5671875 0.009230769230769232 0.013541666666666667
0 0.395 0.5630208333333333 0.006923076923076923 0.011458333333333333
0 0.4603846153846154 0.5494791666666666 0.011538461538461539 0.017708333333333333
0 0.4715384615384615 0.5744791666666667 0.010769230769230769 0.017708333333333333
0 0.4723076923076923 0.5760416666666667 0.010769230769230769 0.016666666666666666
0 0.5226923076923077 0.5614583333333333 0.013076923076923076 0.020833333333333332
0 0.578076923076923 0.5734375 0.011538461538461539 0.019791666666666666
0 0.5992307692307692 0.5682291666666667 0.012307692307692308 0.017708333333333333
0 0.6165384615384616 0.5776041666666667 0.013076923076923076 0.017708333333333333
0 0.6330769230769231 0.5739583333333333 0.012307692307692308 0.01875
0 0.7176923076923077 0.5651041666666666 0.010769230769230769 0.015625
0 0.6634615384615384 0.5703125 0.013076923076923076 0.017708333333333333
