0 0.16080729166666666 0.40966796875 0.061197916666666664 0.0654296875
0 0.3522135416666667 0.53271484375 0.048177083333333336 0.0458984375
0 0.251953125 0.3916015625 0.037760416666666664 0.03515625
0 0.81640625 0.4091796875 0.06770833333333333 0.064453125
0 0.6282552083333334 0.45068359375 0.053385416666666664 0.0556640625
0 0.5677083333333334 0.44921875 0.044270833333333336 0.04296875
0 0.4641927083333333 0.40087890625 0.032552083333333336 0.0263671875
0 0.607421875 0.3994140625 0.040364583333333336 0.0390625
0 0.5325520833333334 0.40625 0.044270833333333336 0.037109375
0 0.568359375 0.38818359375 0.032552083333333336 0.0341796875
