0 0.04313929313929314 0.23071216617210683 0.06964656964656965 0.129080118694362
0 0.2635135135135135 0.25667655786350146 0.04885654885654886 0.0830860534124629
0 0.35498960498960497 0.2433234421364985 0.04885654885654886 0.0771513353115727
0 0.3529106029106029 0.2811572700296736 0.07172557172557173 0.1261127596439169
0 0.19646569646569648 0.21513353115727002 0.1600831600831601 0.29376854599406527
0 0.514033264033264 0.2062314540059347 0.11538461538461539 0.20771513353115728
0 0.5717255717255717 0.19287833827893175 0.09147609147609148 0.17507418397626112
0 0.656964656964657 0.2878338278931751 0.07276507276507277 0.13649851632047477
0 0.7110187110187111 0.28560830860534125 0.04781704781704782 0.09643916913946587
0 0.7557172557172557 0.33456973293768544 0.062370062370062374 0.09940652818991098
0 0.7998960498960499 0.31008902077151335 0.09043659043659044 0.14540059347181009
0 0.9688149688149689 0.3137982195845697 0.04573804573804574 0.06973293768545995
0 0.8721413721413721 0.25148367952522255 0.07484407484407485 0.09940652818991098
