0 0.898 0.25466666666666665 0.23777777777777778 0.36533333333333334
0 0.1111111111111111 0.227 0.2862222222222222 0.46066666666666667
0 0.23155555555555554 0.424 0.07466666666666667 0.13333333333333333
0 0.33044444444444443 0.4226666666666667 0.058222222222222224 0.112
0 0.5917777777777777 0.37266666666666665 0.10711111111111112 0.21333333333333335
0 0.7766666666666666 0.38766666666666666 0.06088888888888889 0.09133333333333334
0 0.6835555555555556 0.4076666666666667 0.04622222222222222 0.086
0 0.4862222222222222 0.42633333333333334 0.048 0.06866666666666667
0 0.4633333333333333 0.433 0.02711111111111111 0.046
0 0.37644444444444447 0.41833333333333333 0.037333333333333336 0.06866666666666667
