0 0.15077035950110051 0.590087890625 0.008070432868672046 0.00537109375
0 0.17901687454145268 0.592529296875 0.007336757153338224 0.00537109375
0 0.21753484959647837 0.59814453125 0.009537784299339692 0.0078125
0 0.3220836390315481 0.576904296875 0.00880410858400587 0.00537109375
0 0.3272193690388848 0.57861328125 0.00586940572267058 0.0048828125
0 0.326485693323551 0.58154296875 0.007336757153338224 0.005859375
0 0.3756419662509171 0.574951171875 0.007336757153338224 0.00537109375
0 0.47358767424798237 0.58154296875 0.016874541452677916 0.0302734375
0 0.495964783565664 0.57275390625 0.004402054292002935 0.00390625
0 0.5018341892883346 0.5732421875 0.007336757153338224 0.00390625
0 0.5264123257520176 0.564697265625 0.005135730007336757 0.00439453125
0 0.5319148936170213 0.572265625 0.00586940572267058 0.00390625
0 0.5814380044020543 0.564453125 0.003668378576669112 0.0029296875
0 0.6148202494497432 0.557861328125 0.004402054292002935 0.00341796875
0 0.6078503301540719 0.56396484375 0.005135730007336757 0.00390625
0 0.6834189288334556 0.557373046875 0.005135730007336757 0.00341796875
0 0.29236977256052826 0.68017578125 0.016874541452677916 0.0126953125
0 0.5212765957446809 0.67333984375 0.016874541452677916 0.013671875
0 0.6914893617021277 0.674072265625 0.013939838591342627 0.00927734375
0 0.7112986060161408 0.66943359375 0.016874541452677916 0.0126953125
0 0.8928833455612619 0.626708984375 0.010271460014673514 0.00732421875
0 0.925898752751284 0.63232421875 0.010271460014673514 0.009765625
0 0.9075568598679383 0.609375 0.010271460014673514 0.0068359375
0 0.9020542920029347 0.61474609375 0.011005135730007337 0.0078125
0 0.9086573734409391 0.61474609375 0.011005135730007337 0.0087890625
0 0.9636830520909758 0.609375 0.011005135730007337 0.0068359375
0 1.0007336757153338 0.624267578125 0.00880410858400587 0.00732421875
0 0.9024211298606016 0.6474609375 0.013206162876008804 0.0087890625
0 0.9581804842259721 0.6845703125 0.020542920029347028 0.0146484375
0 1.0051357300073367 0.689208984375 0.013206162876008804 0.00927734375
0 0.7960381511371973 0.702880859375 0.019075568598679385 0.01416015625
0 0.23697725605282466 0.96728515625 0.041085840058694055 0.03515625
0 0.37710931768158473 0.85888671875 0.03815113719735877 0.029296875
0 0.43910491562729276 0.820556640625 0.03154805575935436 0.02490234375
0 0.4148936170212766 0.79443359375 0.019809244314013204 0.013671875
0 0.46808510638297873 0.792724609375 0.02347762289068232 0.02001953125
0 0.45671313279530446 0.79345703125 0.02714600146735143 0.021484375
0 0.6093176815847395 0.7626953125 0.025678650036683785 0.01953125
0 0.5836390315480557 0.778564453125 0.02714600146735143 0.02001953125
0 0.5627292736610419 0.828369140625 0.027879677182685254 0.02294921875
0 0.719002201027146 0.758544921875 0.02641232575201761 0.01904296875
0 0.7079970652971387 0.785888671875 0.024944974321349962 0.01904296875
0 0.7787967718268526 0.781982421875 0.025678650036683785 0.02001953125
0 0.7410124724871606 0.798828125 0.027879677182685254 0.0234375
0 0.6742479823917829 0.800048828125 0.02641232575201761 0.01904296875
0 0.7219369038884813 0.81103515625 0.027879677182685254 0.0224609375
0 0.7905355832721936 0.811279296875 0.025678650036683785 0.01904296875
0 0.8378576669112252 0.7734375 0.024944974321349962 0.01953125
0 0.8745414526779164 0.788330078125 0.02641232575201761 0.02001953125
0 0.9449743213499633 0.768798828125 0.027879677182685254 0.01904296875
0 0.9845928099779897 0.801025390625 0.02641232575201761 0.01708984375
0 0.9937637564196625 0.83056640625 0.028613352898019074 0.0234375
0 1.0022010271460016 0.897705078125 0.041085840058694055 0.03271484375
0 0.9277329420396185 0.803466796875 0.03154805575935436 0.02490234375
0 0.5352164343360235 0.564208984375 0.005135730007336757 0.00341796875
