0 0.07604017216642754 0.6633333333333333 0.04878048780487805 0.04888888888888889
0 0.20875179340028693 0.6644444444444444 0.05595408895265423 0.051111111111111114
0 0.3637015781922525 0.635 0.04447632711621234 0.04555555555555556
0 0.3751793400286944 0.6116666666666667 0.047345767575322814 0.04777777777777778
0 0.5817790530846485 0.6194444444444445 0.06169296987087518 0.04777777777777778
0 0.6362984218077475 0.6516666666666666 0.05021520803443329 0.043333333333333335
0 0.7804878048780488 0.6183333333333333 0.04878048780487805 0.05
0 0.8723098995695839 0.6094444444444445 0.043041606886657105 0.03888888888888889
0 0.6190817790530847 0.4722222222222222 0.021520803443328552 0.017777777777777778
0 0.6901004304160688 0.4811111111111111 0.020086083213773313 0.017777777777777778
0 0.7460545193687231 0.5066666666666667 0.02295552367288379 0.022222222222222223
0 0.7281205164992827 0.4955555555555556 0.024390243902439025 0.022222222222222223
0 0.7855093256814921 0.4988888888888889 0.021520803443328552 0.02
0 0.539454806312769 0.44166666666666665 0.02295552367288379 0.01888888888888889
0 0.4727403156384505 0.43 0.018651362984218076 0.017777777777777778
0 0.38450502152080346 0.39555555555555555 0.01721664275466284 0.017777777777777778
0 0.30918220946915353 0.37333333333333335 0.015781922525107604 0.015555555555555555
0 0.366571018651363 0.37333333333333335 0.024390243902439025 0.02
0 0.4347202295552367 0.39611111111111114 0.01721664275466284 0.016666666666666666
0 0.6678622668579627 0.4261111111111111 0.024390243902439025 0.01888888888888889
0 0.006456241032998565 0.16444444444444445 0.010043041606886656 0.008888888888888889
0 0.03443328550932568 0.16555555555555557 0.014347202295552367 0.013333333333333334
0 0.06527977044476327 0.16722222222222222 0.010043041606886656 0.01
0 0.0975609756097561 0.1688888888888889 0.011477761836441894 0.008888888888888889
0 0.203012912482066 0.17 0.01291248206599713 0.011111111111111112
0 0.2747489239598278 0.1738888888888889 0.01291248206599713 0.01
0 0.32711621233859395 0.17722222222222223 0.014347202295552367 0.012222222222222223
0 0.46700143472022954 0.17666666666666667 0.01291248206599713 0.011111111111111112
0 0.5294117647058824 0.2922222222222222 0.014347202295552367 0.013333333333333334
0 0.5667144906743186 0.28555555555555556 0.014347202295552367 0.013333333333333334
0 0.6183644189383071 0.2561111111111111 0.01721664275466284 0.012222222222222223
0 0.5896700143472023 0.2588888888888889 0.014347202295552367 0.013333333333333334
0 0.7037302725968436 0.24166666666666667 0.015781922525107604 0.012222222222222223
0 0.6578192252510761 0.25222222222222224 0.015781922525107604 0.013333333333333334
0 0.742467718794835 0.23055555555555557 0.01291248206599713 0.012222222222222223
0 0.7431850789096126 0.09166666666666666 0.011477761836441894 0.0077777777777777776
0 0.5724533715925395 0.5966666666666667 0.040172166427546625 0.03777777777777778
0 0.7152080344332855 0.6222222222222222 0.03873744619799139 0.03777777777777778
0 0.9031563845050216 0.6122222222222222 0.04447632711621234 0.04666666666666667
0 0.8450502152080345 0.6122222222222222 0.040172166427546625 0.04
0 0.9490674318507891 0.6216666666666667 0.035868005738880916 0.03222222222222222
0 0.9842180774748924 0.5638888888888889 0.03443328550932568 0.03
0 0.9045911047345767 0.5377777777777778 0.024390243902439025 0.024444444444444446
0 0.8601147776183644 0.5344444444444445 0.027259684361549498 0.028888888888888888
0 0.8809182209469153 0.5827777777777777 0.03443328550932568 0.03222222222222222
0 0.7453371592539455 0.4727777777777778 0.021520803443328552 0.01888888888888889
0 0.7195121951219512 0.465 0.021520803443328552 0.021111111111111112
0 0.5975609756097561 0.4461111111111111 0.021520803443328552 0.01888888888888889
0 0.6212338593974175 0.435 0.01721664275466284 0.016666666666666666
0 0.5889526542324247 0.4305555555555556 0.018651362984218076 0.01888888888888889
0 0.6319942611190817 0.4211111111111111 0.018651362984218076 0.02
0 0.5401721664275466 0.41555555555555557 0.021520803443328552 0.022222222222222223
0 0.5624103299856528 0.4211111111111111 0.01721664275466284 0.017777777777777778
0 0.609038737446198 0.39611111111111114 0.021520803443328552 0.016666666666666666
0 0.5631276901004304 0.40166666666666667 0.015781922525107604 0.014444444444444444
0 0.5530846484935438 0.39111111111111113 0.015781922525107604 0.015555555555555555
0 0.5265423242467718 0.39944444444444444 0.020086083213773313 0.023333333333333334
0 0.4964131994261119 0.41055555555555556 0.020086083213773313 0.01888888888888889
0 0.4928263988522238 0.3927777777777778 0.015781922525107604 0.016666666666666666
0 0.5222381635581061 0.3794444444444444 0.01721664275466284 0.01888888888888889
0 0.46915351506456243 0.37777777777777777 0.01721664275466284 0.015555555555555555
0 0.505738880918221 0.35444444444444445 0.021520803443328552 0.017777777777777778
0 0.4763271162123386 0.3511111111111111 0.01721664275466284 0.017777777777777778
0 0.40028694404591103 0.3688888888888889 0.014347202295552367 0.015555555555555555
0 0.43615494978479197 0.38555555555555554 0.01721664275466284 0.015555555555555555
0 0.4734576757532281 0.33166666666666667 0.020086083213773313 0.016666666666666666
0 0.39741750358680056 0.33055555555555555 0.014347202295552367 0.014444444444444444
0 0.36585365853658536 0.35 0.01721664275466284 0.013333333333333334
0 0.2998565279770445 0.3516666666666667 0.020086083213773313 0.01888888888888889
0 0.30631276901004306 0.33555555555555555 0.015781922525107604 0.015555555555555555
0 0.3586800573888092 0.3283333333333333 0.014347202295552367 0.014444444444444444
0 0.35437589670014347 0.31555555555555553 0.014347202295552367 0.011111111111111112
0 0.42252510760401724 0.31666666666666665 0.015781922525107604 0.015555555555555555
0 0.40459110473457677 0.2961111111111111 0.014347202295552367 0.014444444444444444
0 0.3500717360114778 0.2922222222222222 0.01721664275466284 0.015555555555555555
0 0.3794835007173601 0.28444444444444444 0.01291248206599713 0.015555555555555555
0 0.4347202295552367 0.28888888888888886 0.01721664275466284 0.015555555555555555
0 0.45767575322812054 0.2833333333333333 0.01721664275466284 0.013333333333333334
0 0.47417503586800575 0.305 0.015781922525107604 0.014444444444444444
0 0.4921090387374462 0.2772222222222222 0.014347202295552367 0.014444444444444444
0 0.4727403156384505 0.2877777777777778 0.015781922525107604 0.013333333333333334
0 0.3952654232424677 0.28 0.015781922525107604 0.013333333333333334
0 0.5380200860832137 0.2761111111111111 0.01721664275466284 0.016666666666666666
0 0.5494978479196556 0.2611111111111111 0.014347202295552367 0.013333333333333334
0 0.5760401721664276 0.2477777777777778 0.015781922525107604 0.015555555555555555
0 0.6183644189383071 0.23944444444444443 0.01721664275466284 0.016666666666666666
0 0.6944045911047346 0.22944444444444445 0.01721664275466284 0.012222222222222223
0 0.763271162123386 0.21444444444444444 0.014347202295552367 0.011111111111111112
0 0.7733142037302726 0.20833333333333334 0.014347202295552367 0.012222222222222223
0 0.7388809182209469 0.20555555555555555 0.014347202295552367 0.015555555555555555
0 0.6850789096126255 0.19611111111111112 0.01291248206599713 0.01
0 0.6449067431850789 0.19277777777777777 0.01291248206599713 0.012222222222222223
0 0.6212338593974175 0.19055555555555556 0.014347202295552367 0.012222222222222223
0 0.5846484935437589 0.19111111111111112 0.01291248206599713 0.011111111111111112
0 0.5738880918220947 0.17722222222222223 0.014347202295552367 0.012222222222222223
0 0.5588235294117647 0.1827777777777778 0.01291248206599713 0.012222222222222223
0 0.5365853658536586 0.17833333333333334 0.011477761836441894 0.01
0 0.5265423242467718 0.18333333333333332 0.014347202295552367 0.011111111111111112
0 0.5021520803443329 0.17555555555555555 0.011477761836441894 0.011111111111111112
0 0.45767575322812054 0.1738888888888889 0.011477761836441894 0.01
0 0.43256814921090386 0.17555555555555555 0.01291248206599713 0.011111111111111112
0 0.41104734576757535 0.17944444444444443 0.01291248206599713 0.01
0 0.39239598278335724 0.175 0.01291248206599713 0.012222222222222223
0 0.3981348637015782 0.16277777777777777 0.01291248206599713 0.012222222222222223
0 0.3565279770444763 0.1738888888888889 0.010043041606886656 0.01
0 0.3428981348637016 0.1461111111111111 0.011477761836441894 0.01
0 0.2984218077474892 0.1738888888888889 0.014347202295552367 0.014444444444444444
0 0.8350071736011477 0.09055555555555556 0.00860832137733142 0.0077777777777777776
