0 0.00703125 0.7941834451901566 0.0265625 0.053691275167785234
0 0.096875 0.7572706935123042 0.034375 0.06487695749440715
0 0.1015625 0.9116331096196868 0.0375 0.06040268456375839
0 0.20859375 0.767337807606264 0.0359375 0.053691275167785234
0 0.05234375 0.639821029082774 0.0203125 0.035794183445190156
0 0.09140625 0.6208053691275168 0.0265625 0.042505592841163314
0 0.12109375 0.610738255033557 0.0203125 0.040268456375838924
0 0.1078125 0.5671140939597316 0.01875 0.03355704697986577
0 0.14921875 0.6029082774049217 0.0234375 0.03355704697986577
0 0.15390625 0.5704697986577181 0.0171875 0.03131991051454139
0 0.1828125 0.6140939597315436 0.025 0.03803131991051454
0 0.19609375 0.5749440715883669 0.0234375 0.035794183445190156
0 0.18671875 0.5626398210290827 0.0203125 0.03355704697986577
0 0.221875 0.540268456375839 0.021875 0.029082774049217
0 0.2375 0.5648769574944071 0.01875 0.03355704697986577
0 0.25 0.5827740492170023 0.021875 0.03355704697986577
0 0.265625 0.6029082774049217 0.01875 0.03355704697986577
0 0.28828125 0.5906040268456376 0.0203125 0.03131991051454139
0 0.33671875 0.6196868008948546 0.0234375 0.040268456375838924
0 0.35703125 0.62751677852349 0.0203125 0.03355704697986577
0 0.35234375 0.5548098434004475 0.0234375 0.03131991051454139
0 0.23671875 0.41946308724832215 0.0109375 0.015659955257270694
0 0.3953125 0.4116331096196868 0.009375 0.013422818791946308
0 0.41796875 0.5928411633109619 0.0203125 0.03131991051454139
0 0.43359375 0.5536912751677853 0.0171875 0.03355704697986577
0 0.4609375 0.5749440715883669 0.021875 0.035794183445190156
0 0.48515625 0.5794183445190156 0.0203125 0.035794183445190156
0 0.50546875 0.5961968680089486 0.0203125 0.03355704697986577
0 0.5125 0.5727069351230425 0.01875 0.026845637583892617
0 0.5765625 0.5548098434004475 0.021875 0.026845637583892617
0 0.5703125 0.6666666666666666 0.025 0.0447427293064877
0 0.5859375 0.6174496644295302 0.025 0.040268456375838924
0 0.6265625 0.5850111856823266 0.021875 0.029082774049217
0 0.65703125 0.5894854586129754 0.0234375 0.03355704697986577
0 0.6546875 0.5469798657718121 0.01875 0.03355704697986577
0 0.70703125 0.5671140939597316 0.0234375 0.042505592841163314
0 0.72265625 0.5760626398210291 0.0234375 0.03803131991051454
0 0.753125 0.5324384787472036 0.01875 0.035794183445190156
0 0.7625 0.529082774049217 0.01875 0.029082774049217
0 0.79921875 0.5380313199105146 0.0203125 0.029082774049217
0 0.84765625 0.5324384787472036 0.0234375 0.03131991051454139
0 0.81171875 0.5704697986577181 0.0234375 0.035794183445190156
0 0.83515625 0.5917225950782998 0.0234375 0.03803131991051454
0 0.93359375 0.5357941834451901 0.0234375 0.03355704697986577
0 0.94453125 0.5704697986577181 0.0234375 0.040268456375838924
0 0.9375 0.639821029082774 0.021875 0.040268456375838924
0 0.71953125 0.6957494407158836 0.0296875 0.049217002237136466
0 0.60078125 0.42953020134228187 0.0109375 0.017897091722595078
