0 0.11291666666666667 0.2815934065934066 0.04583333333333333 0.0989010989010989
0 0.2554166666666667 0.4326923076923077 0.0425 0.09615384615384616
0 0.24041666666666667 0.3331043956043956 0.030833333333333334 0.07280219780219781
0 0.32375 0.33791208791208793 0.030833333333333334 0.06868131868131869
0 0.33708333333333335 0.4635989010989011 0.03916666666666667 0.08653846153846154
0 0.49833333333333335 0.32967032967032966 0.03 0.06868131868131869
0 0.5145833333333333 0.5467032967032966 0.0375 0.08791208791208792
0 0.5633333333333334 0.3447802197802198 0.03166666666666667 0.06318681318681318
0 0.7025 0.49038461538461536 0.04 0.07967032967032966
0 0.7133333333333334 0.364010989010989 0.03 0.06868131868131869
0 0.7841666666666667 0.47870879120879123 0.035 0.08379120879120878
0 0.7829166666666667 0.3592032967032967 0.0325 0.0673076923076923
0 0.8995833333333333 0.35302197802197804 0.049166666666666664 0.08516483516483517
