0 0.7015625 0.3645833333333333 0.028125 0.07083333333333333
0 0.406640625 0.5569444444444445 0.00703125 0.013888888888888888
0 0.645703125 0.6576388888888889 0.01015625 0.018055555555555554
0 0.401171875 0.4027777777777778 0.00859375 0.013888888888888888
0 0.4671875 0.42777777777777776 0.0078125 0.019444444444444445
0 0.494921875 0.39791666666666664 0.00859375 0.015277777777777777
0 0.56171875 0.3659722222222222 0.0078125 0.015277777777777777
0 0.563671875 0.3388888888888889 0.00703125 0.013888888888888888
0 0.578125 0.3506944444444444 0.0078125 0.0125
0 0.63203125 0.3423611111111111 0.00625 0.0125
0 0.453515625 0.3416666666666667 0.00859375 0.016666666666666666
0 0.4828125 0.325 0.00625 0.011111111111111112
0 0.5046875 0.33958333333333335 0.009375 0.02361111111111111
0 0.520703125 0.36180555555555555 0.03203125 0.0625
0 0.47890625 0.2847222222222222 0.021875 0.09166666666666666
0 0.6984375 0.26875 0.0234375 0.07916666666666666
0 0.742578125 0.22152777777777777 0.01953125 0.09305555555555556
0 0.5234375 0.5486111111111112 0.0203125 0.08055555555555556
