0 0.9921875 0.7073991031390134 0.00625 0.011210762331838564
0 0.95390625 0.7073991031390134 0.0203125 0.033632286995515695
0 0.93203125 0.7073991031390134 0.0140625 0.02466367713004484
0 0.85390625 0.7051569506726457 0.0203125 0.02914798206278027
0 0.84765625 0.7174887892376681 0.0171875 0.03139013452914798
0 0.8296875 0.7219730941704036 0.015625 0.02242152466367713
0 0.8109375 0.7197309417040358 0.0125 0.02242152466367713
0 0.7546875 0.7006726457399103 0.01875 0.02914798206278027
0 0.73828125 0.7017937219730942 0.0171875 0.026905829596412557
0 0.69296875 0.6984304932735426 0.0171875 0.02466367713004484
0 0.61875 0.7062780269058296 0.015625 0.026905829596412557
0 0.56015625 0.7051569506726457 0.0171875 0.02466367713004484
0 0.48046875 0.7051569506726457 0.0140625 0.020179372197309416
0 0.48828125 0.7141255605381166 0.0109375 0.020179372197309416
0 0.34921875 0.7197309417040358 0.0140625 0.02242152466367713
0 0.26171875 0.7051569506726457 0.0140625 0.020179372197309416
0 0.2359375 0.7309417040358744 0.0125 0.017937219730941704
0 0.2140625 0.7466367713004485 0.009375 0.017937219730941704
0 0.178125 0.7320627802690582 0.009375 0.01569506726457399
0 0.18125 0.7432735426008968 0.009375 0.011210762331838564
0 0.159375 0.7331838565022422 0.009375 0.013452914798206279
0 0.1546875 0.7466367713004485 0.009375 0.017937219730941704
0 0.1390625 0.7455156950672646 0.0125 0.01569506726457399
0 0.125 0.7432735426008968 0.0125 0.01569506726457399
0 0.1109375 0.718609865470852 0.015625 0.02466367713004484
0 0.06328125 0.7443946188340808 0.0109375 0.017937219730941704
0 0.04765625 0.7466367713004485 0.0140625 0.013452914798206279
0 0.04609375 0.7466367713004485 0.0109375 0.013452914798206279
0 0.01484375 0.7354260089686099 0.0109375 0.013452914798206279
