0 0.8652631578947368 0.6166328600405679 0.02526315789473684 0.060851926977687626
0 0.8378947368421052 0.5608519269776876 0.02736842105263158 0.058823529411764705
0 0.7710526315789473 0.5628803245436106 0.024210526315789474 0.058823529411764705
0 0.6942105263157895 0.565922920892495 0.028421052631578948 0.07302231237322515
0 0.6015789473684211 0.5821501014198783 0.02631578947368421 0.06896551724137931
0 0.5289473684210526 0.5862068965517241 0.022105263157894735 0.05273833671399594
0 0.4957894736842105 0.550709939148073 0.018947368421052633 0.04665314401622718
0 0.4589473684210526 0.5294117647058824 0.018947368421052633 0.04056795131845842
0 0.42947368421052634 0.5466531440162272 0.021052631578947368 0.05476673427991886
0 0.3994736842105263 0.592292089249493 0.022105263157894735 0.04462474645030426
0 0.36578947368421055 0.6105476673427992 0.022105263157894735 0.05273833671399594
0 0.30473684210526314 0.6095334685598377 0.024210526315789474 0.058823529411764705
0 0.2752631578947368 0.5649087221095335 0.02 0.05070993914807302
0 0.23421052631578948 0.579107505070994 0.02 0.05476673427991886
0 0.1731578947368421 0.5537525354969574 0.024210526315789474 0.05273833671399594
0 0.13052631578947368 0.577079107505071 0.023157894736842106 0.05476673427991886
0 0.057368421052631575 0.5060851926977687 0.022105263157894735 0.05070993914807302
0 0.10526315789473684 0.5162271805273834 0.021052631578947368 0.05070993914807302
0 0.16736842105263158 0.4726166328600406 0.02526315789473684 0.056795131845841784
0 0.20526315789473684 0.473630831643002 0.021052631578947368 0.04665314401622718
0 0.22894736842105262 0.47971602434077076 0.02 0.04665314401622718
0 0.25263157894736843 0.4726166328600406 0.018947368421052633 0.04462474645030426
0 0.27842105263157896 0.4665314401622718 0.022105263157894735 0.0486815415821501
0 0.3063157894736842 0.4340770791075051 0.023157894736842106 0.05273833671399594
0 0.35 0.4249492900608519 0.022105263157894735 0.05070993914807302
0 0.3873684210526316 0.4381338742393509 0.021052631578947368 0.0486815415821501
0 0.4263157894736842 0.422920892494929 0.021052631578947368 0.04665314401622718
0 0.4536842105263158 0.44726166328600403 0.018947368421052633 0.038539553752535496
0 0.47842105263157897 0.4411764705882353 0.017894736842105262 0.04665314401622718
0 0.501578947368421 0.44421906693711966 0.02 0.05273833671399594
0 0.5289473684210526 0.45841784989858014 0.017894736842105262 0.04056795131845842
0 0.5584210526315789 0.43204868154158216 0.017894736842105262 0.04462474645030426
0 0.5805263157894737 0.46551724137931033 0.02 0.04665314401622718
0 0.618421052631579 0.44523326572008115 0.022105263157894735 0.05476673427991886
0 0.6547368421052632 0.48073022312373226 0.021052631578947368 0.05273833671399594
0 0.73 0.46247464503042596 0.022105263157894735 0.05273833671399594
0 0.7689473684210526 0.4482758620689655 0.024210526315789474 0.05273833671399594
0 0.8205263157894737 0.4411764705882353 0.022105263157894735 0.05476673427991886
0 0.8726315789473684 0.4553752535496957 0.02526315789473684 0.05476673427991886
0 0.9273684210526316 0.38640973630831643 0.031578947368421054 0.06693711967545639
0 0.8973684210526316 0.38235294117647056 0.022105263157894735 0.04665314401622718
0 0.8647368421052631 0.4127789046653144 0.024210526315789474 0.05070993914807302
0 0.8094736842105263 0.4077079107505071 0.023157894736842106 0.056795131845841784
0 0.6884210526315789 0.4279918864097363 0.023157894736842106 0.056795131845841784
0 0.7157894736842105 0.39655172413793105 0.021052631578947368 0.05070993914807302
0 0.6621052631578948 0.4117647058823529 0.018947368421052633 0.04462474645030426
0 0.6347368421052632 0.4077079107505071 0.023157894736842106 0.056795131845841784
0 0.6036842105263158 0.4158215010141988 0.022105263157894735 0.0486815415821501
0 0.7473684210526316 0.40060851926977686 0.021052631578947368 0.04259634888438134
0 0.5789473684210527 0.3995943204868154 0.016842105263157894 0.04056795131845842
0 0.5410526315789473 0.40872210953346855 0.018947368421052633 0.04665314401622718
0 0.5052631578947369 0.4148073022312373 0.016842105263157894 0.038539553752535496
0 0.4694736842105263 0.3793103448275862 0.018947368421052633 0.04462474645030426
0 0.4047368421052632 0.3945233265720081 0.02 0.04665314401622718
0 0.4189473684210526 0.385395537525355 0.016842105263157894 0.036511156186612576
0 0.3721052631578947 0.4026369168356998 0.02 0.04665314401622718
0 0.3263157894736842 0.4300202839756592 0.016842105263157894 0.04056795131845842
0 0.2905263157894737 0.4279918864097363 0.014736842105263158 0.032454361054766734
0 0.2694736842105263 0.43509127789046653 0.018947368421052633 0.038539553752535496
0 0.24947368421052632 0.3975659229208925 0.018947368421052633 0.04056795131845842
0 0.19526315789473683 0.43509127789046653 0.022105263157894735 0.04665314401622718
0 0.1368421052631579 0.4553752535496957 0.02526315789473684 0.04665314401622718
0 0.10052631578947369 0.4766734279918864 0.022105263157894735 0.0486815415821501
0 0.08368421052631579 0.43610547667342797 0.022105263157894735 0.0486815415821501
0 0.27421052631578946 0.39655172413793105 0.015789473684210527 0.04259634888438134
0 0.3078947368421053 0.3843813387423935 0.017894736842105262 0.034482758620689655
0 0.33210526315789474 0.38640973630831643 0.017894736842105262 0.038539553752535496
0 0.35368421052631577 0.39148073022312374 0.016842105263157894 0.032454361054766734
0 0.3705263157894737 0.37322515212981744 0.014736842105263158 0.032454361054766734
0 0.40157894736842104 0.34279918864097364 0.017894736842105262 0.036511156186612576
0 0.4394736842105263 0.34787018255578095 0.015789473684210527 0.034482758620689655
0 0.5052631578947369 0.3630831643002028 0.018947368421052633 0.04056795131845842
0 0.5247368421052632 0.38742393509127787 0.017894736842105262 0.04056795131845842
0 0.5273684210526316 0.35598377281947263 0.016842105263157894 0.04259634888438134
0 0.48105263157894734 0.3356997971602434 0.016842105263157894 0.038539553752535496
0 0.5026315789473684 0.32961460446247465 0.015789473684210527 0.034482758620689655
0 0.5642105263157895 0.36815415821501013 0.016842105263157894 0.038539553752535496
0 0.59 0.3488843813387424 0.017894736842105262 0.04056795131845842
0 0.6042105263157894 0.3691683569979716 0.016842105263157894 0.04056795131845842
0 0.6326315789473684 0.3661257606490872 0.016842105263157894 0.04259634888438134
0 0.6668421052631579 0.3671399594320487 0.017894736842105262 0.04056795131845842
0 0.6452631578947369 0.33975659229208927 0.016842105263157894 0.04259634888438134
0 0.7031578947368421 0.3640973630831643 0.018947368421052633 0.04259634888438134
0 0.6926315789473684 0.3438133874239351 0.018947368421052633 0.038539553752535496
0 0.7394736842105263 0.3640973630831643 0.015789473684210527 0.04259634888438134
0 0.7878947368421053 0.3620689655172414 0.022105263157894735 0.05070993914807302
0 0.8352631578947368 0.34178498985801214 0.024210526315789474 0.05070993914807302
0 0.9 0.332657200811359 0.023157894736842106 0.0486815415821501
0 0.8573684210526316 0.31135902636916835 0.017894736842105262 0.038539553752535496
0 0.7910526315789473 0.32150101419878296 0.015789473684210527 0.04259634888438134
0 0.7573684210526316 0.3407707910750507 0.02 0.04056795131845842
0 0.7442105263157894 0.31947261663286003 0.016842105263157894 0.04259634888438134
0 0.8210526315789474 0.3438133874239351 0.021052631578947368 0.04665314401622718
0 0.8426315789473684 0.28904665314401623 0.017894736842105262 0.04259634888438134
0 0.83 0.25760649087221094 0.02 0.04056795131845842
0 0.8010526315789473 0.29411764705882354 0.016842105263157894 0.036511156186612576
0 0.7889473684210526 0.2768762677484787 0.015789473684210527 0.04259634888438134
0 0.7778947368421053 0.2667342799188641 0.014736842105263158 0.034482758620689655
0 0.7478947368421053 0.28093306288032455 0.02 0.04259634888438134
0 0.72 0.2515212981744422 0.016842105263157894 0.036511156186612576
0 0.6936842105263158 0.2565922920892495 0.018947368421052633 0.038539553752535496
0 0.6852631578947368 0.3093306288032454 0.018947368421052633 0.038539553752535496
0 0.6689473684210526 0.2525354969574036 0.015789473684210527 0.038539553752535496
0 0.5773684210526315 0.2971602434077079 0.015789473684210527 0.038539553752535496
0 0.5347368421052632 0.2839756592292089 0.016842105263157894 0.04056795131845842
0 0.5042105263157894 0.3002028397565923 0.010526315789473684 0.028397565922920892
0 0.4652631578947368 0.3184584178498986 0.016842105263157894 0.036511156186612576
0 0.42473684210526313 0.3316430020283976 0.015789473684210527 0.038539553752535496
0 0.4131578947368421 0.32961460446247465 0.01368421052631579 0.034482758620689655
0 0.3773684210526316 0.3286004056795132 0.015789473684210527 0.04056795131845842
0 0.34 0.3225152129817444 0.016842105263157894 0.04056795131845842
0 0.38263157894736843 0.2961460446247465 0.015789473684210527 0.032454361054766734
0 0.3394736842105263 0.2789046653144016 0.011578947368421053 0.02636916835699797
0 0.3426315789473684 0.3509127789046653 0.01368421052631579 0.032454361054766734
0 0.33210526315789474 0.3661257606490872 0.015789473684210527 0.034482758620689655
0 0.3094736842105263 0.359026369168357 0.014736842105263158 0.032454361054766734
0 0.8510526315789474 0.44929006085192696 0.022105263157894735 0.05476673427991886
