0 0.09672762271414823 0.3819796954314721 0.03946102021174206 0.0583756345177665
0 0.17757459095283926 0.4022842639593909 0.0356111645813282 0.06598984771573604
0 0.27382098171318575 0.4397208121827411 0.03176130895091434 0.05456852791878172
0 0.2993262752646776 0.40545685279187815 0.028873917228103944 0.046954314720812185
0 0.34793070259865255 0.4460659898477157 0.03176130895091434 0.06218274111675127
0 0.4528392685274302 0.35723350253807107 0.04138594802694899 0.06979695431472081
0 0.5038498556304138 0.42956852791878175 0.03946102021174206 0.05964467005076142
0 0.5914340712223292 0.4346446700507614 0.04138594802694899 0.07487309644670051
0 0.6106833493743985 0.39784263959390864 0.0356111645813282 0.06472081218274112
0 0.678055822906641 0.4073604060913706 0.0356111645813282 0.06091370558375635
0 0.7492781520692974 0.42449238578680204 0.04138594802694899 0.07233502538071065
0 0.3710298363811357 0.4143401015228426 0.03176130895091434 0.04949238578680203
