0 0.193 0.5219178082191781 0.056 0.10684931506849316
0 0.115 0.2554794520547945 0.054 0.09178082191780822
0 0.2935 0.20205479452054795 0.057 0.10547945205479452
0 0.34 0.3684931506849315 0.064 0.1178082191780822
0 0.496 0.4232876712328767 0.058 0.09315068493150686
0 0.4745 0.2678082191780822 0.059 0.09178082191780822
0 0.619 0.426027397260274 0.072 0.12054794520547946
0 0.617 0.2773972602739726 0.06 0.10547945205479452
0 0.732 0.2952054794520548 0.066 0.11095890410958904
0 0.8055 0.25068493150684934 0.067 0.12054794520547946
