0 0.82875 0.32209737827715357 0.0275 0.04119850187265917
0 0.70125 0.6123595505617978 0.0625 0.10861423220973783
0 0.54875 0.5084269662921348 0.0475 0.08052434456928839
0 0.4425 0.46629213483146065 0.0425 0.0749063670411985
0 0.51625 0.398876404494382 0.02 0.04119850187265917
0 0.44875 0.36891385767790263 0.025 0.033707865168539325
0 0.46125 0.32865168539325845 0.0125 0.028089887640449437
0 0.420625 0.32303370786516855 0.01375 0.024344569288389514
0 0.20875 0.6441947565543071 0.08 0.11235955056179775
0 0.296875 0.5440074906367042 0.06125 0.09550561797752809
0 0.36125 0.4597378277153558 0.0375 0.06179775280898876
0 0.384375 0.39232209737827717 0.02375 0.04681647940074907
0 0.313125 0.3464419475655431 0.01875 0.033707865168539325
0 0.309375 0.4110486891385768 0.02875 0.03932584269662921
0 0.253125 0.3651685393258427 0.02375 0.03745318352059925
0 0.205 0.38857677902621723 0.03 0.04681647940074907
0 0.18625 0.34269662921348315 0.02 0.033707865168539325
0 0.18625 0.29119850187265917 0.0175 0.031835205992509365
0 0.145 0.28651685393258425 0.0175 0.0299625468164794
0 0.126875 0.29307116104868913 0.01875 0.031835205992509365
0 0.0825 0.28558052434456926 0.0175 0.028089887640449437
0 0.20875 0.4559925093632959 0.04 0.06554307116104868
0 0.11625 0.45786516853932585 0.0475 0.06928838951310862
0 0.08375 0.398876404494382 0.0325 0.04119850187265917
0 0.03 0.6460674157303371 0.0675 0.0898876404494382
0 0.00125 0.4204119850187266 0.0275 0.04307116104868914
0 0.150625 0.41760299625468167 0.03375 0.052434456928838954
