0 0.8487755847953217 0.8050986842105263 0.05720029239766082 0.10581140350877193
0 0.9675621345029239 0.7350603070175439 0.052083333333333336 0.07154605263157894
0 0.8615679824561403 0.6384320175438597 0.0356359649122807 0.05975877192982456
0 0.7948647660818714 0.667077850877193 0.03490497076023392 0.060581140350877194
0 0.7318165204678363 0.6903782894736842 0.05317982456140351 0.09895833333333333
0 0.6392543859649122 0.6683114035087719 0.02887426900584795 0.05263157894736842
0 0.5861659356725146 0.8847313596491229 0.08095760233918128 0.14172149122807018
0 0.5930190058479532 0.7005208333333334 0.04276315789473684 0.08360745614035088
0 0.5116959064327485 0.7923519736842105 0.06980994152046784 0.14007675438596492
0 0.4247076023391813 0.7206688596491229 0.03654970760233918 0.06140350877192982
0 0.4166666666666667 0.651452850877193 0.029239766081871343 0.05345394736842105
0 0.3053728070175439 0.6487116228070176 0.03326023391812866 0.04961622807017544
0 0.2589546783625731 0.6907894736842105 0.05226608187134503 0.08168859649122807
0 0.16191520467836257 0.6441885964912281 0.03289473684210526 0.054276315789473686
0 0.07858187134502924 0.8114035087719298 0.09027777777777778 0.1513157894736842
0 0.20065789473684212 0.6015625 0.014985380116959063 0.032072368421052634
0 0.09274488304093567 0.6529605263157895 0.031615497076023395 0.054276315789473686
0 0.04139254385964912 0.6604989035087719 0.030153508771929825 0.05674342105263158
0 0.014071637426900584 0.5877192982456141 0.011695906432748537 0.01918859649122807
0 0.13130482456140352 0.6404879385964912 0.023940058479532164 0.04358552631578947
0 0.15076754385964913 0.6354166666666666 0.03508771929824561 0.052083333333333336
0 0.25703581871345027 0.6536458333333334 0.029788011695906433 0.04577850877192982
0 0.3495065789473684 0.6587171052631579 0.0268640350877193 0.044956140350877194
0 0.4866593567251462 0.6763980263157895 0.03508771929824561 0.05290570175438596
0 0.54203216374269 0.6385690789473685 0.02412280701754386 0.04084429824561404
0 0.5317982456140351 0.6169133771929824 0.010964912280701754 0.0200109649122807
0 0.6006944444444444 0.6273300438596491 0.014619883040935672 0.027138157894736843
0 0.5974049707602339 0.6302083333333334 0.009137426900584795 0.014802631578947368
0 0.6307565789473685 0.6148574561403509 0.01114766081871345 0.019736842105263157
0 0.6530519005847953 0.6267817982456141 0.011878654970760233 0.021107456140350877
0 0.6858552631578947 0.6180098684210527 0.011695906432748537 0.0200109649122807
0 0.6736111111111112 0.6206140350877193 0.011695906432748537 0.02138157894736842
0 0.709703947368421 0.6288377192982456 0.015899122807017545 0.023026315789473683
0 0.716922514619883 0.614172149122807 0.013523391812865496 0.021655701754385966
0 0.746984649122807 0.6214364035087719 0.01114766081871345 0.021929824561403508
0 0.77640716374269 0.6317160087719298 0.013706140350877192 0.024396929824561403
0 0.7639802631578947 0.6714638157894737 0.019554093567251463 0.04084429824561404
0 0.8246527777777778 0.6248629385964912 0.01114766081871345 0.01781798245614035
0 0.7447916666666666 0.6071820175438597 0.006030701754385965 0.01206140350877193
0 0.8023574561403509 0.6363760964912281 0.015899122807017545 0.027138157894736843
0 0.825109649122807 0.6073190789473685 0.006944444444444444 0.011239035087719298
0 0.839546783625731 0.6089638157894737 0.0062134502923976605 0.011239035087719298
0 0.8885233918128655 0.6196546052631579 0.011330409356725146 0.01836622807017544
0 0.8977521929824561 0.6742050438596491 0.025767543859649123 0.04303728070175439
0 0.8989400584795322 0.6073190789473685 0.006578947368421052 0.01069078947368421
0 0.9184027777777778 0.6395285087719298 0.013706140350877192 0.02138157894736842
