0 0.9245833333333333 0.45 0.0225 0.04
0 0.85125 0.53375 0.0375 0.0525
0 0.6666666666666666 0.345625 0.056666666666666664 0.10875
0 0.54875 0.391875 0.029166666666666667 0.05375
0 0.505 0.404375 0.015 0.02625
0 0.46375 0.375 0.014166666666666666 0.0275
0 0.39 0.395 0.021666666666666667 0.045
0 0.42041666666666666 0.3575 0.0175 0.0325
0 0.44083333333333335 0.380625 0.015 0.02375
0 0.38083333333333336 0.375 0.013333333333333334 0.0225
0 0.32958333333333334 0.39875 0.0375 0.06
0 0.13916666666666666 0.41125 0.03833333333333333 0.0625
