0 0.015086206896551725 0.38601532567049807 0.027298850574712645 0.03639846743295019
0 0.09267241379310345 0.382183908045977 0.027298850574712645 0.03639846743295019
0 0.1724137931034483 0.3735632183908046 0.031609195402298854 0.038314176245210725
0 0.1300287356321839 0.3496168582375479 0.033045977011494254 0.040229885057471264
0 0.2435344827586207 0.35344827586206895 0.01867816091954023 0.032567049808429116
0 0.25287356321839083 0.3879310344827586 0.02586206896551724 0.040229885057471264
0 0.30603448275862066 0.3793103448275862 0.02586206896551724 0.0421455938697318
0 0.2880747126436782 0.3773946360153257 0.015804597701149427 0.022988505747126436
0 0.2880747126436782 0.3773946360153257 0.015804597701149427 0.02681992337164751
0 0.34339080459770116 0.37547892720306514 0.020114942528735632 0.03065134099616858
0 0.39080459770114945 0.37452107279693486 0.020114942528735632 0.032567049808429116
0 0.39798850574712646 0.3726053639846743 0.020114942528735632 0.028735632183908046
0 0.4073275862068966 0.3620689655172414 0.015804597701149427 0.02681992337164751
0 0.4367816091954023 0.35919540229885055 0.020114942528735632 0.032567049808429116
0 0.46839080459770116 0.35727969348659006 0.017241379310344827 0.028735632183908046
0 0.45330459770114945 0.3563218390804598 0.015804597701149427 0.02681992337164751
0 0.5 0.3735632183908046 0.017241379310344827 0.03065134099616858
0 0.5416666666666666 0.3611111111111111 0.020114942528735632 0.040229885057471264
0 0.5280172413793104 0.36302681992337166 0.01293103448275862 0.032567049808429116
0 0.5941091954022989 0.3649425287356322 0.021551724137931036 0.03639846743295019
0 0.6142241379310345 0.3505747126436782 0.01293103448275862 0.022988505747126436
0 0.6336206896551724 0.3716475095785441 0.020114942528735632 0.038314176245210725
0 0.6666666666666666 0.34674329501915707 0.017241379310344827 0.03065134099616858
0 0.6558908045977011 0.35727969348659006 0.015804597701149427 0.028735632183908046
0 0.6774425287356322 0.39080459770114945 0.021551724137931036 0.038314176245210725
0 0.7327586206896551 0.3524904214559387 0.02586206896551724 0.0421455938697318
0 0.7974137931034483 0.3726053639846743 0.02586206896551724 0.04789272030651341
0 0.8656609195402298 0.3620689655172414 0.03017241379310345 0.04597701149425287
0 0.9094827586206896 0.39655172413793105 0.017241379310344827 0.02681992337164751
