0 -0.01220703125 0.33647798742138363 0.0517578125 0.09433962264150944
0 0.0546875 0.2838050314465409 0.048828125 0.10534591194968554
0 0.1396484375 0.30424528301886794 0.046875 0.08962264150943396
0 0.18603515625 0.33254716981132076 0.0458984375 0.09276729559748427
0 0.30126953125 0.30974842767295596 0.0595703125 0.11635220125786164
0 0.40185546875 0.3278301886792453 0.0322265625 0.08018867924528301
0 0.50341796875 0.30660377358490565 0.0615234375 0.12264150943396226
0 0.6064453125 0.33962264150943394 0.0390625 0.08490566037735849
0 0.6865234375 0.28223270440251574 0.017578125 0.0330188679245283
0 0.7353515625 0.29559748427672955 0.017578125 0.03459119496855346
0 0.75146484375 0.3113207547169811 0.0185546875 0.040880503144654086
0 0.7890625 0.3136792452830189 0.0625 0.13364779874213836
0 0.91455078125 0.2688679245283019 0.0517578125 0.11949685534591195
0 0.9873046875 0.28459119496855345 0.029296875 0.0440251572327044
0 0.27001953125 0.3199685534591195 0.0400390625 0.0770440251572327
0 0.345703125 0.29245283018867924 0.029296875 0.0660377358490566
0 0.65185546875 0.3191823899371069 0.0146484375 0.02830188679245283
0 0.625 0.28537735849056606 0.015625 0.0330188679245283
0 0.57958984375 0.30345911949685533 0.0146484375 0.031446540880503145
