0 0.90375 0.5063492063492063 0.0175 0.04126984126984127
0 0.8625 0.5103174603174603 0.023333333333333334 0.046031746031746035
0 0.86375 0.5063492063492063 0.019166666666666665 0.044444444444444446
0 0.79875 0.5071428571428571 0.019166666666666665 0.03968253968253968
0 0.8141666666666667 0.4873015873015873 0.02 0.050793650793650794
0 0.38958333333333334 0.5634920634920635 0.0225 0.047619047619047616
0 0.3325 0.5380952380952381 0.02 0.04126984126984127
0 0.29291666666666666 0.5587301587301587 0.025833333333333333 0.06031746031746032
0 0.265 0.5698412698412698 0.018333333333333333 0.044444444444444446
0 0.25375 0.5674603174603174 0.019166666666666665 0.046031746031746035
0 0.2783333333333333 0.5611111111111111 0.023333333333333334 0.046031746031746035
0 0.17166666666666666 0.5682539682539682 0.02 0.047619047619047616
0 0.13333333333333333 0.5984126984126984 0.015 0.04126984126984127
0 0.08666666666666667 0.5825396825396826 0.016666666666666666 0.0380952380952381
0 0.10666666666666667 0.5753968253968254 0.021666666666666667 0.046031746031746035
0 0.04791666666666667 0.5880952380952381 0.019166666666666665 0.049206349206349205
