0 0.85009765625 0.6603221083455344 0.0947265625 0.5856515373352855
0 0.71484375 0.5527086383601757 0.072265625 0.39092240117130306
0 0.0224609375 0.7093704245973645 0.0234375 0.03367496339677892
0 0.0888671875 0.6771595900439239 0.037109375 0.05710102489019034
0 0.15576171875 0.712298682284041 0.0224609375 0.03953147877013177
0 0.18408203125 0.739385065885798 0.0517578125 0.09370424597364568
0 0.26904296875 0.7247437774524158 0.0439453125 0.07613469985358712
0 0.322265625 0.6595900439238653 0.0390625 0.0746705710102489
0 0.3916015625 0.7013177159590044 0.037109375 0.05856515373352855
0 0.46435546875 0.7027818448023426 0.0361328125 0.06149341142020498
0 0.4521484375 0.712298682284041 0.033203125 0.06588579795021962
0 0.5849609375 0.7401171303074671 0.03515625 0.060029282576866766
0 0.623046875 0.7276720351390923 0.044921875 0.06442166910688141
0 0.69970703125 0.7174231332357247 0.0185546875 0.032210834553440704
0 0.712890625 0.719619326500732 0.017578125 0.036603221083455345
0 0.771484375 0.7108345534407028 0.060546875 0.08638360175695461
0 0.82568359375 0.7569546120058566 0.0517578125 0.09663250366032211
0 0.94287109375 0.7298682284040996 0.0322265625 0.06588579795021962
0 0.90380859375 0.7569546120058566 0.0517578125 0.08199121522693997
0 0.5458984375 0.7210834553440703 0.025390625 0.036603221083455345
0 0.6455078125 0.718887262079063 0.01953125 0.03806734992679356
