0 0.44533333333333336 0.49875 0.058666666666666666 0.1225
0 0.7206666666666667 0.3825 0.03866666666666667 0.065
0 0.7986666666666666 0.375 0.034666666666666665 0.07
0 0.8286666666666667 0.38375 0.025333333333333333 0.0525
0 0.9446666666666667 0.27125 0.02266666666666667 0.0475
0 0.974 0.255 0.017333333333333333 0.035
0 0.37 0.23 0.028 0.05
0 0.5213333333333333 0.19625 0.024 0.0475
0 0.5966666666666667 0.225 0.017333333333333333 0.04
0 0.7446666666666667 0.2575 0.014666666666666666 0.03
0 0.8393333333333334 0.265 0.012 0.02
