0 0.27708333333333335 0.45416666666666666 0.04583333333333333 0.06111111111111111
0 0.3802083333333333 0.44166666666666665 0.035416666666666666 0.06388888888888888
0 0.4578125 0.40902777777777777 0.034375 0.05416666666666667
0 0.5583333333333333 0.45069444444444445 0.035416666666666666 0.059722222222222225
0 0.5395833333333333 0.40625 0.03125 0.05138888888888889
0 0.6661458333333333 0.4625 0.015625 0.022222222222222223
0 0.6411458333333333 0.4666666666666667 0.017708333333333333 0.025
0 0.5994791666666667 0.3659722222222222 0.021875 0.0375
0 0.7125 0.35138888888888886 0.0125 0.022222222222222223
0 0.7026041666666667 0.35694444444444445 0.013541666666666667 0.019444444444444445
0 0.9802083333333333 0.39166666666666666 0.020833333333333332 0.027777777777777776
0 1.0177083333333334 0.3625 0.025 0.027777777777777776
0 0.9880208333333333 0.29791666666666666 0.009375 0.0125
0 0.6359375 0.37569444444444444 0.013541666666666667 0.020833333333333332
0 0.6473958333333333 0.30972222222222223 0.007291666666666667 0.011111111111111112
0 0.5734375 0.3770833333333333 0.023958333333333335 0.04027777777777778
0 0.49635416666666665 0.3659722222222222 0.021875 0.0375
0 0.39375 0.3729166666666667 0.020833333333333332 0.02638888888888889
0 0.365625 0.3784722222222222 0.014583333333333334 0.020833333333333332
0 0.2859375 0.3576388888888889 0.019791666666666666 0.03194444444444444
0 0.25677083333333334 0.3659722222222222 0.015625 0.029166666666666667
0 0.23541666666666666 0.3638888888888889 0.0125 0.022222222222222223
0 0.2109375 0.3472222222222222 0.017708333333333333 0.027777777777777776
0 0.18177083333333333 0.35208333333333336 0.021875 0.03194444444444444
0 0.12708333333333333 0.38472222222222224 0.020833333333333332 0.03333333333333333
0 0.1453125 0.36527777777777776 0.021875 0.030555555555555555
0 0.10572916666666667 0.35833333333333334 0.015625 0.058333333333333334
0 0.05260416666666667 0.34652777777777777 0.015625 0.018055555555555554
0 0.3140625 0.3145833333333333 0.007291666666666667 0.009722222222222222
0 0.3390625 0.3125 0.005208333333333333 0.008333333333333333
0 0.28020833333333334 0.30625 0.0125 0.04027777777777778
