0 0.04812206572769953 0.6333333333333333 0.011737089201877934 0.020833333333333332
0 0.09213615023474178 0.640625 0.01056338028169014 0.01875
0 0.3315727699530516 0.5989583333333334 0.01995305164319249 0.03958333333333333
0 0.34330985915492956 0.6260416666666667 0.008215962441314555 0.014583333333333334
0 0.3562206572769953 0.6697916666666667 0.012910798122065728 0.08125
0 0.375 0.6260416666666667 0.01056338028169014 0.01875
0 0.38967136150234744 0.6395833333333333 0.009389671361502348 0.016666666666666666
0 0.39906103286384975 0.6333333333333333 0.009389671361502348 0.016666666666666666
0 0.4325117370892019 0.625 0.008215962441314555 0.016666666666666666
0 0.4724178403755869 0.621875 0.008215962441314555 0.014583333333333334
0 0.4794600938967136 0.6364583333333333 0.008215962441314555 0.01875
0 0.5181924882629108 0.6260416666666667 0.008215962441314555 0.014583333333333334
0 0.5305164319248826 0.646875 0.007042253521126761 0.014583333333333334
0 0.551056338028169 0.6052083333333333 0.017605633802816902 0.035416666666666666
0 0.585093896713615 0.6302083333333334 0.01056338028169014 0.01875
0 0.630868544600939 0.6322916666666667 0.015258215962441314 0.03125
0 0.6637323943661971 0.6302083333333334 0.015258215962441314 0.03125
0 0.6836854460093896 0.6177083333333333 0.017605633802816902 0.035416666666666666
0 0.7007042253521126 0.61875 0.014084507042253521 0.025
0 0.7165492957746479 0.6083333333333333 0.017605633802816902 0.0375
0 0.7282863849765259 0.61875 0.01056338028169014 0.020833333333333332
0 0.7623239436619719 0.6197916666666666 0.015258215962441314 0.027083333333333334
0 0.778169014084507 0.6041666666666666 0.01643192488262911 0.0375
0 0.8568075117370892 0.6166666666666667 0.011737089201877934 0.025
0 0.8967136150234741 0.6114583333333333 0.014084507042253521 0.03125
0 0.9213615023474179 0.56875 0.025821596244131457 0.0375
0 0.9530516431924883 0.5729166666666666 0.025821596244131457 0.05416666666666667
