0 0.19 0.90125 0.0125 0.0275
0 0.286875 0.83 0.01125 0.03
0 0.3075 0.865 0.0125 0.025
0 0.325 0.91 0.0175 0.035
0 0.381875 0.86375 0.01375 0.0375
0 0.394375 0.8425 0.01375 0.03
0 0.470625 0.9675 0.01375 0.03
0 0.376875 0.9775 0.01625 0.04
0 0.53 0.83875 0.0125 0.0325
0 0.44875 0.74375 0.0125 0.0275
0 0.4925 0.76625 0.0125 0.0275
0 0.578125 0.90875 0.01125 0.0275
0 0.595625 0.9675 0.01375 0.03
0 0.780625 0.86625 0.01375 0.0325
0 0.845 0.85 0.0175 0.035
0 0.874375 0.82 0.01625 0.035
0 0.881875 0.8 0.01125 0.025
0 0.92125 0.72125 0.01 0.0225
0 0.949375 0.7175 0.01125 0.025
0 0.809375 0.7275 0.00875 0.02
0 0.5675 0.6925 0.0125 0.025
0 0.5025 0.68625 0.01 0.0225
0 0.6575 0.68 0.0075 0.02
0 0.6925 0.6325 0.0075 0.02
0 0.46375 0.71625 0.01 0.0225
0 0.441875 0.7325 0.00875 0.02
0 0.445 0.69375 0.01 0.0225
0 0.47625 0.67 0.0075 0.02
0 0.469375 0.6225 0.00875 0.02
0 0.441875 0.63375 0.00625 0.0175
0 0.43375 0.63375 0.0075 0.0175
0 0.424375 0.5525 0.00625 0.015
0 0.14375 0.54625 0.0075 0.0125
0 0.175625 0.5625 0.00625 0.015
0 0.166875 0.54375 0.00625 0.0125
0 0.146875 0.53375 0.00625 0.0175
0 0.125625 0.5925 0.00625 0.015
0 0.09 0.5225 0.005 0.015
0 0.106875 0.5575 0.00625 0.015
0 0.34 0.48875 0.005 0.0125
0 0.325 0.505 0.005 0.01
0 0.50625 0.57 0.0075 0.02
0 0.60375 0.66125 0.0075 0.0175
0 0.56875 0.66125 0.01 0.0225
0 0.7725 0.6925 0.03 0.12
0 0.771875 0.61875 0.00625 0.0125
0 0.845 0.5725 0.005 0.01
0 0.856875 0.5525 0.00625 0.01
0 0.815 0.70625 0.01 0.0225
0 0.824375 0.6925 0.00875 0.02
0 0.839375 0.7 0.01125 0.025
0 0.8575 0.71375 0.0075 0.0175
0 0.88375 0.65875 0.01 0.0175
0 0.941875 0.745 0.02625 0.13
0 0.925625 0.66625 0.00875 0.0175
