0 0.4208984375 0.5507352941176471 0.044921875 0.06323529411764706
0 0.24072265625 0.49264705882352944 0.0126953125 0.020588235294117647
0 0.267578125 0.5161764705882353 0.015625 0.023529411764705882
0 0.27783203125 0.5066176470588235 0.0107421875 0.016176470588235296
0 0.3193359375 0.5088235294117647 0.017578125 0.03235294117647059
0 0.30859375 0.5 0.017578125 0.023529411764705882
0 0.30224609375 0.4933823529411765 0.0068359375 0.010294117647058823
0 0.40771484375 0.49264705882352944 0.0322265625 0.052941176470588235
0 0.3818359375 0.48161764705882354 0.021484375 0.039705882352941174
0 0.357421875 0.4875 0.013671875 0.025
0 0.345703125 0.4933823529411765 0.0078125 0.013235294117647059
0 0.494140625 0.5191176470588236 0.01953125 0.03529411764705882
0 0.4619140625 0.5110294117647058 0.017578125 0.027941176470588237
0 0.7021484375 0.5617647058823529 0.044921875 0.07941176470588235
0 0.52587890625 0.4786764705882353 0.0205078125 0.033823529411764704
0 0.591796875 0.5022058823529412 0.01953125 0.033823529411764704
0 0.54345703125 0.4838235294117647 0.0166015625 0.03529411764705882
0 0.55517578125 0.5125 0.0185546875 0.027941176470588237
0 0.60888671875 0.5080882352941176 0.0166015625 0.03676470588235294
0 0.65478515625 0.5198529411764706 0.0263671875 0.04264705882352941
0 0.6396484375 0.4801470588235294 0.025390625 0.04264705882352941
0 0.66552734375 0.4948529411764706 0.0185546875 0.030882352941176472
0 0.70751953125 0.5066176470588235 0.0166015625 0.027941176470588237
0 0.74462890625 0.4904411764705882 0.0244140625 0.04264705882352941
0 0.88720703125 0.5580882352941177 0.0654296875 0.10147058823529412
0 0.82666015625 0.5522058823529412 0.0478515625 0.0838235294117647
0 0.79736328125 0.46838235294117647 0.0205078125 0.039705882352941174
0 0.81103515625 0.4852941176470588 0.0244140625 0.041176470588235294
0 0.87744140625 0.47205882352941175 0.0224609375 0.047058823529411764
0 0.93896484375 0.5051470588235294 0.0205078125 0.039705882352941174
0 0.9833984375 0.5036764705882353 0.025390625 0.04264705882352941
0 1.00244140625 0.5308823529411765 0.0458984375 0.10294117647058823
