0 0.018333333333333333 0.38752556237218816 0.04111111111111111 0.10020449897750511
0 0.058888888888888886 0.5296523517382413 0.04888888888888889 0.10224948875255624
0 0.18611111111111112 0.49284253578732107 0.052222222222222225 0.11860940695296524
0 0.06 0.5265848670756647 0.051111111111111114 0.11247443762781185
0 0.4722222222222222 0.4100204498977505 0.05555555555555555 0.16973415132924335
0 0.6294444444444445 0.4897750511247444 0.043333333333333335 0.1165644171779141
0 0.7538888888888889 0.5173824130879345 0.05444444444444444 0.12269938650306748
0 0.865 0.4437627811860941 0.052222222222222225 0.11860940695296524
0 0.9816666666666667 0.4447852760736196 0.043333333333333335 0.1083844580777096
0 0.5577777777777778 0.3333333333333333 0.04 0.10633946830265849
