0 0.0966796875 0.4945226917057903 0.01953125 0.03755868544600939
0 0.1923828125 0.48200312989045385 0.021484375 0.0406885758998435
0 0.24755859375 0.52660406885759 0.0185546875 0.0297339593114241
0 0.24755859375 0.5242566510172144 0.0146484375 0.02190923317683881
0 0.30078125 0.5140845070422535 0.01953125 0.03599374021909233
0 0.31005859375 0.5086071987480438 0.0146484375 0.028169014084507043
0 0.30810546875 0.4874804381846635 0.0126953125 0.023474178403755867
0 0.3408203125 0.49765258215962443 0.017578125 0.028169014084507043
0 0.3779296875 0.4945226917057903 0.013671875 0.028169014084507043
0 0.42236328125 0.48200312989045385 0.0146484375 0.028169014084507043
0 0.43505859375 0.4937402190923318 0.0146484375 0.023474178403755867
0 0.408203125 0.5054773082942097 0.009765625 0.02190923317683881
0 0.36083984375 0.5007824726134585 0.0126953125 0.02190923317683881
0 0.3876953125 0.4984350547730829 0.013671875 0.023474178403755867
0 0.47900390625 0.5305164319248826 0.0126953125 0.02190923317683881
0 0.4951171875 0.4835680751173709 0.017578125 0.03442879499217527
0 0.56103515625 0.5070422535211268 0.0146484375 0.025039123630672927
0 0.6142578125 0.4984350547730829 0.01171875 0.023474178403755867
0 0.64111328125 0.49295774647887325 0.0166015625 0.03129890453834116
0 0.654296875 0.5 0.015625 0.026604068857589983
0 0.685546875 0.5039123630672926 0.015625 0.02190923317683881
0 0.6962890625 0.5054773082942097 0.013671875 0.025039123630672927
0 0.71923828125 0.49921752738654146 0.0146484375 0.025039123630672927
0 0.75439453125 0.49139280125195617 0.0185546875 0.03442879499217527
0 0.794921875 0.49295774647887325 0.013671875 0.025039123630672927
0 0.96337890625 0.49921752738654146 0.0068359375 0.012519561815336464
