0 0.10539940828402367 0.21898148148148147 0.031804733727810654 0.05277777777777778
0 0.16050295857988164 0.22083333333333333 0.029585798816568046 0.05277777777777778
0 0.22189349112426035 0.2337962962962963 0.034023668639053255 0.058333333333333334
0 0.28106508875739644 0.2361111111111111 0.03994082840236687 0.06296296296296296
0 0.3468934911242604 0.24259259259259258 0.03254437869822485 0.06481481481481481
0 0.4360207100591716 0.25324074074074077 0.04215976331360947 0.06574074074074074
0 0.5288461538461539 0.2657407407407407 0.03994082840236687 0.07592592592592592
0 0.6405325443786982 0.24444444444444444 0.04585798816568047 0.07037037037037037
0 0.7185650887573964 0.23055555555555557 0.040680473372781065 0.06481481481481481
0 0.7666420118343196 0.22083333333333333 0.036242603550295856 0.05277777777777778
0 0.8102810650887574 0.2212962962962963 0.03328402366863906 0.05740740740740741
0 0.8646449704142012 0.1986111111111111 0.029585798816568046 0.05092592592592592
0 0.911612426035503 0.20092592592592592 0.03328402366863906 0.05185185185185185
0 0.5336538461538461 0.18055555555555555 0.045118343195266274 0.07037037037037037
