0 0.7129340277777778 0.43411458333333336 0.057118055555555554 0.11875
0 0.5800347222222222 0.40377604166666664 0.060069444444444446 0.13151041666666666
0 0.4544270833333333 0.45 0.05607638888888889 0.10572916666666667
0 0.3420138888888889 0.44635416666666666 0.050347222222222224 0.1140625
0 0.8971354166666666 0.16015625 0.051215277777777776 0.10208333333333333
0 0.7916666666666666 0.193359375 0.05 0.10338541666666666
0 0.546875 0.19140625 0.05 0.1015625
0 0.44756944444444446 0.25299479166666666 0.049652777777777775 0.09973958333333334
0 0.3467013888888889 0.23203125 0.051041666666666666 0.10625
0 0.24105902777777777 0.206640625 0.04774305555555555 0.10546875
0 0.13559027777777777 0.22552083333333334 0.04895833333333333 0.0984375
0 0.6684027777777778 0.21302083333333333 0.04375 0.0953125
