0 0.9384615384615385 0.21338912133891214 0.026153846153846153 0.04811715481171548
0 0.8096153846153846 0.2625523012552301 0.026923076923076925 0.04184100418410042
0 0.7684615384615384 0.3106694560669456 0.06307692307692307 0.08786610878661087
0 0.6542307692307693 0.3002092050209205 0.05307692307692308 0.08786610878661087
0 0.5238461538461539 0.3624476987447699 0.06 0.09937238493723849
0 0.24115384615384616 0.3185146443514644 0.05615384615384615 0.08472803347280335
0 0.41192307692307695 0.25052301255230125 0.040769230769230766 0.0700836820083682
0 0.47307692307692306 0.2955020920502092 0.04 0.06171548117154812
0 0.6284615384615385 0.19665271966527198 0.033846153846153845 0.06276150627615062
0 0.6603846153846153 0.18985355648535565 0.019230769230769232 0.030334728033472803
0 0.35807692307692307 0.2442468619246862 0.03923076923076923 0.06171548117154812
0 0.29730769230769233 0.20502092050209206 0.03769230769230769 0.07112970711297072
0 0.21961538461538463 0.2452928870292887 0.022307692307692306 0.034518828451882845
0 0.23846153846153847 0.2280334728033473 0.021538461538461538 0.03556485355648536
