0 0.9830769230769231 0.5404157043879908 0.036923076923076927 0.08545034642032333
0 0.9203846153846154 0.4590069284064665 0.040769230769230766 0.07967667436489607
0 0.9603846153846154 0.44341801385681295 0.031538461538461536 0.06004618937644342
0 0.9788461538461538 0.37759815242494227 0.023846153846153847 0.04387990762124711
0 0.8576923076923076 0.6235565819861432 0.06153846153846154 0.10623556581986143
0 0.7076923076923077 0.6460739030023095 0.10153846153846154 0.1535796766743649
0 0.7773076923076923 0.5490762124711316 0.05153846153846154 0.07736720554272518
0 0.8103846153846154 0.504041570438799 0.04230769230769231 0.06812933025404157
0 0.7976923076923077 0.43648960739030024 0.033846153846153845 0.05542725173210162
0 0.8419230769230769 0.42032332563510394 0.031538461538461536 0.04387990762124711
0 0.9188461538461539 0.4578521939953811 0.04230769230769231 0.07967667436489607
0 0.8961538461538462 0.39260969976905313 0.021538461538461538 0.03464203233256351
0 0.7615384615384615 0.39780600461893767 0.024615384615384615 0.03810623556581986
0 0.8580769230769231 0.6183602771362586 0.07153846153846154 0.10277136258660508
0 0.6823076923076923 0.4266743648960739 0.043076923076923075 0.06812933025404157
0 0.7134615384615385 0.4220554272517321 0.025384615384615384 0.04503464203233257
0 0.6442307692307693 0.4353348729792148 0.025384615384615384 0.050808314087759814
0 0.5692307692307692 0.5704387990762124 0.043076923076923075 0.08083140877598152
0 0.6196153846153846 0.5098152424942263 0.040769230769230766 0.06351039260969978
0 0.5823076923076923 0.4399538106235566 0.02923076923076923 0.053117782909930716
0 0.5484615384615384 0.45842956120092376 0.03538461538461538 0.057736720554272515
0 0.5019230769230769 0.470554272517321 0.03307692307692308 0.05889145496535797
0 0.5046153846153846 0.4151270207852194 0.03076923076923077 0.05196304849884527
0 0.5465384615384615 0.4122401847575058 0.025384615384615384 0.04849884526558892
0 0.5134615384615384 0.38799076212471134 0.022307692307692306 0.03926096997690531
0 0.536923076923077 0.37644341801385683 0.018461538461538463 0.04157043879907621
0 0.5992307692307692 0.3816397228637413 0.026153846153846153 0.04734411085450346
0 0.6130769230769231 0.39838337182448036 0.02 0.03695150115473441
0 0.7757692307692308 0.4035796766743649 0.01769230769230769 0.03117782909930716
0 0.7134615384615385 0.3856812933025404 0.023846153846153847 0.04157043879907621
0 0.7415384615384616 0.3787528868360277 0.023076923076923078 0.03695150115473441
0 0.7942307692307692 0.37240184757505773 0.01769230769230769 0.026558891454965358
0 0.8234615384615385 0.37990762124711314 0.019230769230769232 0.03233256351039261
0 0.8319230769230769 0.39549653579676675 0.023846153846153847 0.04503464203233257
0 0.87 0.4151270207852194 0.02 0.03117782909930716
0 0.9992307692307693 0.38799076212471134 0.015384615384615385 0.025404157043879907
0 0.4530769230769231 0.3920323325635104 0.02923076923076923 0.054272517321016164
0 0.45153846153846156 0.37355658198614317 0.02 0.03810623556581986
0 0.6526923076923077 0.35854503464203236 0.016153846153846154 0.03117782909930716
0 0.3984615384615385 0.7355658198614319 0.10461538461538461 0.19399538106235567
0 0.3861538461538462 0.6148960739030023 0.08307692307692308 0.1351039260969977
0 0.4703846153846154 0.6200923787528868 0.05307692307692308 0.09468822170900693
0 0.3996153846153846 0.5479214780600462 0.06230769230769231 0.10969976905311778
0 0.14076923076923076 0.8314087759815243 0.15846153846153846 0.2909930715935335
0 0.4065384615384615 0.4428406466512702 0.04692307692307692 0.07736720554272518
0 0.34884615384615386 0.4226327944572748 0.036153846153846154 0.06004618937644342
0 0.23076923076923078 0.7199769053117783 0.09692307692307692 0.1836027713625866
0 0.026153846153846153 1.1010392609699768 0.2923076923076923 1.0196304849884525
0 0.25076923076923074 0.5490762124711316 0.04 0.07736720554272518
0 0.06423076923076923 0.4792147806004619 0.06230769230769231 0.11778290993071594
0 0.11807692307692308 0.5340646651270208 0.03923076923076923 0.07505773672055427
0 0.10192307692307692 0.365473441108545 0.03769230769230769 0.05889145496535797
0 0.08653846153846154 0.3833718244803695 0.02846153846153846 0.053117782909930716
0 0.135 0.4312933025404157 0.03 0.05196304849884527
0 0.20192307692307693 0.4561200923787529 0.045384615384615384 0.09468822170900693
0 0.22192307692307692 0.41570438799076215 0.03461538461538462 0.06928406466512702
0 0.2553846153846154 0.4151270207852194 0.03076923076923077 0.05658198614318707
0 0.31461538461538463 0.5438799076212472 0.04153846153846154 0.07159353348729793
0 0.30653846153846154 0.3827944572748268 0.026923076923076925 0.04503464203233257
0 0.2746153846153846 0.384526558891455 0.02 0.04387990762124711
0 0.23846153846153847 0.35450346420323325 0.027692307692307693 0.06004618937644342
0 0.3573076923076923 0.37990762124711314 0.025384615384615384 0.04387990762124711
0 0.3576923076923077 0.3804849884526559 0.027692307692307693 0.042725173210161664
0 0.41 0.40473441108545033 0.026153846153846153 0.049653579676674366
0 0.12730769230769232 0.3995381062355658 0.031538461538461536 0.050808314087759814
