0 0.558 0.472 0.02266666666666667 0.02
0 0.712 0.4905 0.04 0.031
0 0.7713333333333333 0.5 0.028 0.024
0 0.8126666666666666 0.4925 0.04933333333333333 0.049
0 0.39466666666666667 0.48 0.04 0.034
0 0.38 0.4985 0.042666666666666665 0.035
0 0.498 0.4805 0.04666666666666667 0.045
0 0.4806666666666667 0.5105 0.044 0.035
0 0.32133333333333336 0.574 0.04533333333333334 0.04
0 0.29 0.588 0.06 0.054
0 0.18333333333333332 0.615 0.08133333333333333 0.054
0 0.20133333333333334 0.6465 0.09333333333333334 0.069
0 0.1 0.6645 0.088 0.085
0 -0.09866666666666667 0.733 0.08 0.072
0 0.812 0.5575 0.050666666666666665 0.043
0 0.8453333333333334 0.5635 0.07466666666666667 0.057
0 0.9093333333333333 0.605 0.06133333333333333 0.06
0 0.9626666666666667 0.694 0.072 0.08
