0 0.11376953125 0.8033854166666666 0.0048828125 0.005208333333333333
0 0.04638671875 0.8040364583333334 0.0107421875 0.014322916666666666
0 0.07275390625 0.7942708333333334 0.0302734375 0.041666666666666664
0 0.2373046875 0.8001302083333334 0.005859375 0.009114583333333334
0 0.283203125 0.7877604166666666 0.005859375 0.0078125
0 0.29296875 0.779296875 0.005859375 0.006510416666666667
0 0.29931640625 0.7805989583333334 0.0048828125 0.006510416666666667
0 0.3095703125 0.7779947916666666 0.005859375 0.006510416666666667
0 0.32958984375 0.78125 0.0029296875 0.005208333333333333
0 0.328125 0.8079427083333334 0.005859375 0.009114583333333334
0 0.30078125 0.8001302083333334 0.005859375 0.009114583333333334
0 0.37060546875 0.8001302083333334 0.0087890625 0.014322916666666666
0 0.42529296875 0.7955729166666666 0.0068359375 0.010416666666666666
0 0.453125 0.7981770833333334 0.0078125 0.013020833333333334
0 0.46826171875 0.7942708333333334 0.0068359375 0.010416666666666666
0 0.5029296875 0.8072916666666666 0.00390625 0.005208333333333333
0 0.552734375 0.798828125 0.01171875 0.01953125
0 0.57666015625 0.7942708333333334 0.0126953125 0.018229166666666668
0 0.58544921875 0.7981770833333334 0.0068359375 0.010416666666666666
0 0.7060546875 0.7610677083333334 0.025390625 0.03515625
0 0.7216796875 0.7897135416666666 0.01171875 0.016927083333333332
0 0.88818359375 0.759765625 0.0185546875 0.02734375
