0 0.293212890625 0.6795722713864307 0.00537109375 0.008112094395280236
0 0.300537109375 0.6887905604719764 0.00439453125 0.007374631268436578
0 0.305908203125 0.681047197640118 0.00439453125 0.008112094395280236
0 0.313232421875 0.6821533923303835 0.00439453125 0.008849557522123894
0 0.345947265625 0.6803097345132744 0.00634765625 0.009587020648967551
0 0.3486328125 0.6814159292035398 0.00390625 0.007374631268436578
0 0.35400390625 0.6862094395280236 0.0029296875 0.003687315634218289
0 0.365234375 0.6769911504424779 0.00390625 0.007374631268436578
0 0.373779296875 0.6792035398230089 0.00439453125 0.007374631268436578
0 0.382568359375 0.6806784660766961 0.00634765625 0.011799410029498525
0 0.391357421875 0.6814159292035398 0.00439453125 0.007374631268436578
0 0.405029296875 0.6858407079646017 0.00439453125 0.007374631268436578
0 0.432861328125 0.6814159292035398 0.00439453125 0.0058997050147492625
0 0.4716796875 0.6714601769911505 0.0048828125 0.008112094395280236
0 0.5048828125 0.6817846607669616 0.00390625 0.00663716814159292
0 0.510986328125 0.6780973451327433 0.00439453125 0.008112094395280236
0 0.5126953125 0.6803097345132744 0.00390625 0.00663716814159292
0 0.521484375 0.6777286135693216 0.0048828125 0.0058997050147492625
0 0.5283203125 0.676622418879056 0.00390625 0.00663716814159292
0 0.537109375 0.6814159292035398 0.0029296875 0.0058997050147492625
0 0.5390625 0.6836283185840708 0.0048828125 0.007374631268436578
0 0.55517578125 0.6821533923303835 0.00390625 0.007374631268436578
0 0.581298828125 0.6799410029498525 0.00439453125 0.0058997050147492625
0 0.59716796875 0.6836283185840708 0.00390625 0.0058997050147492625
0 0.58837890625 0.674410029498525 0.00390625 0.00663716814159292
0 0.626708984375 0.6851032448377581 0.00537109375 0.007374631268436578
0 0.633544921875 0.6847345132743363 0.00634765625 0.009587020648967551
0 0.650146484375 0.6862094395280236 0.00439453125 0.005162241887905605
0 0.654296875 0.681047197640118 0.0029296875 0.005162241887905605
0 0.65869140625 0.6795722713864307 0.00390625 0.008112094395280236
0 0.671142578125 0.681047197640118 0.00341796875 0.005162241887905605
0 0.6787109375 0.6817846607669616 0.001953125 0.003687315634218289
0 0.68359375 0.6917404129793511 0.005859375 0.02359882005899705
0 0.685546875 0.6821533923303835 0.0029296875 0.004424778761061947
0 0.690673828125 0.6803097345132744 0.00244140625 0.003687315634218289
0 0.69775390625 0.6913716814159292 0.005859375 0.012536873156342183
0 0.74169921875 0.6814159292035398 0.0048828125 0.007374631268436578
0 0.0126953125 0.7164454277286135 0.025390625 0.04793510324483776
0 0.21923828125 0.7588495575221239 0.0341796875 0.05752212389380531
0 0.465576171875 0.7300884955752213 0.02099609375 0.03687315634218289
0 0.239501953125 0.6928466076696165 0.01123046875 0.018436578171091445
0 0.314453125 0.6991150442477876 0.0146484375 0.02654867256637168
0 0.333740234375 0.6928466076696165 0.01318359375 0.025811209439528023
0 0.37841796875 0.693952802359882 0.0107421875 0.02064896755162242
0 0.414794921875 0.6935840707964602 0.01123046875 0.021386430678466076
0 0.4462890625 0.6843657817109144 0.0126953125 0.02064896755162242
0 0.4931640625 0.6821533923303835 0.01171875 0.02359882005899705
0 0.548095703125 0.6876843657817109 0.01513671875 0.02728613569321534
0 0.569580078125 0.6847345132743363 0.01123046875 0.021386430678466076
0 0.5654296875 0.681047197640118 0.009765625 0.018436578171091445
0 0.57666015625 0.6954277286135693 0.0087890625 0.014749262536873156
0 0.594970703125 0.6976401179941003 0.00830078125 0.016224188790560472
0 0.61181640625 0.6755162241887905 0.01171875 0.02359882005899705
0 0.615478515625 0.7050147492625368 0.00927734375 0.014749262536873156
0 0.64501953125 0.7079646017699115 0.017578125 0.032448377581120944
0 0.667236328125 0.6972713864306784 0.01708984375 0.028761061946902654
0 0.68115234375 0.7315634218289085 0.0361328125 0.05457227138643068
0 0.722412109375 0.7452064896755162 0.02685546875 0.046460176991150445
0 0.70458984375 0.6858407079646017 0.015625 0.029498525073746312
0 0.71630859375 0.6921091445427728 0.013671875 0.028761061946902654
0 0.728515625 0.6910029498525073 0.0126953125 0.02359882005899705
0 0.7470703125 0.6935840707964602 0.0126953125 0.025811209439528023
0 0.7587890625 0.6902654867256637 0.009765625 0.019174041297935103
0 0.778564453125 0.6991150442477876 0.01025390625 0.017699115044247787
0 0.793212890625 0.6906342182890856 0.01025390625 0.018436578171091445
0 0.8076171875 0.6965339233038348 0.0087890625 0.015486725663716814
0 0.83203125 0.6950589970501475 0.013671875 0.022861356932153392
0 0.833984375 0.6862094395280236 0.0107421875 0.01991150442477876
0 0.841064453125 0.7075958702064897 0.01123046875 0.018436578171091445
0 0.858154296875 0.6950589970501475 0.01123046875 0.018436578171091445
0 0.8701171875 0.6924778761061947 0.009765625 0.019174041297935103
0 0.880859375 0.6950589970501475 0.017578125 0.03171091445427729
0 0.912841796875 0.7142330383480826 0.01416015625 0.024336283185840708
0 0.92578125 0.6980088495575221 0.0078125 0.012536873156342183
0 0.96044921875 0.7009587020648967 0.0224609375 0.025811209439528023
