0 0.7416666666666667 0.6833333333333333 0.07888888888888888 0.11333333333333333
0 0.5055555555555555 0.8466666666666667 0.12666666666666668 0.22666666666666666
0 0.2388888888888889 0.765 0.05333333333333334 0.11333333333333333
0 0.11333333333333333 0.665 0.07777777777777778 0.11666666666666667
0 0.2427777777777778 0.695 0.04777777777777778 0.08333333333333333
0 0.31333333333333335 0.6633333333333333 0.035555555555555556 0.056666666666666664
0 0.42444444444444446 0.675 0.03777777777777778 0.06666666666666667
0 0.5572222222222222 0.6583333333333333 0.023333333333333334 0.043333333333333335
0 0.6494444444444445 0.625 0.023333333333333334 0.03666666666666667
0 0.5805555555555556 0.62 0.014444444444444444 0.023333333333333334
0 0.5933333333333334 0.62 0.013333333333333334 0.02
0 0.3416666666666667 0.6125 0.01888888888888889 0.028333333333333332
0 0.32222222222222224 0.6066666666666667 0.017777777777777778 0.03
0 0.06388888888888888 0.6116666666666667 0.016666666666666666 0.023333333333333334
0 0.9388888888888889 0.7383333333333333 0.028888888888888888 0.05333333333333334
0 0.9788888888888889 0.6766666666666666 0.035555555555555556 0.06
0 0.4811111111111111 0.66 0.022222222222222223 0.043333333333333335
0 0.9355555555555556 0.6283333333333333 0.015555555555555555 0.02666666666666667
0 0.7994444444444444 0.6166666666666667 0.0077777777777777776 0.013333333333333334
0 0.8233333333333334 0.615 0.006666666666666667 0.01
0 0.8105555555555556 0.6191666666666666 0.005555555555555556 0.011666666666666667
0 0.7666666666666667 0.6133333333333333 0.011111111111111112 0.02
