0 0.09191029235082099 0.36412172984516816 0.02683219863836604 0.03737319807794982
0 0.0552663195835002 0.34837159636946075 0.016019223067681217 0.020822210357714897
0 0.1223468161794153 0.32941804591564333 0.014016820184221065 0.021356113187399894
0 0.18241890268321986 0.3400961025093433 0.015618742490989187 0.023491724506139882
0 0.20324389267120543 0.3366257341163908 0.017220664797757308 0.02616123865456487
0 0.25450540648778536 0.33048585157501337 0.012414897877452943 0.022423918846769888
0 0.29635562675210253 0.3259476775226909 0.01682018422106528 0.027229044313934865
0 0.3275931117340809 0.32835024025627335 0.01682018422106528 0.027762947143619862
0 0.3740488586303564 0.28323545114789106 0.031237484981978373 0.048585157501334755
0 0.3334000800961153 0.3804057661505606 0.05326391670004005 0.0795515216230646
0 0.4221065278334001 0.39081687132941806 0.05847016419703644 0.07688200747463962
0 0.43472166599919904 0.32888414308595837 0.015618742490989187 0.022423918846769888
0 0.4633560272326792 0.36732514682327816 0.03283940728874649 0.05872931126534971
0 0.4881858229875851 0.3190069407367859 0.00961153384060873 0.01868659903897491
0 0.4971966359631558 0.31313400961025095 0.00841009211053264 0.013347570742124934
0 0.5232278734481378 0.28750667378537104 0.010012014417300761 0.014415376401494928
0 0.5408490188225871 0.3182060864922584 0.011613936724068883 0.017084890549919914
0 0.631557869443332 0.30779498131340094 0.02803364036844213 0.04644954618259477
0 0.6249499399279135 0.40630005339028297 0.04925911093311974 0.07474639615589963
0 0.7136563876651982 0.3769353977576081 0.04405286343612335 0.06513614522156967
0 0.6934321185422507 0.32221035771489587 0.015618742490989187 0.02616123865456487
0 0.7146575891069283 0.3179391350774159 0.012414897877452943 0.01868659903897491
0 0.7851421706047257 0.32701548318206086 0.01802162595114137 0.03363587827015483
0 0.8640368442130557 0.2800320341697811 0.010812975570684821 0.014415376401494928
0 0.8800560672807369 0.34676988788040575 0.026031237484981977 0.041110517885744796
0 0.9046856227472968 0.3443673251468233 0.02643171806167401 0.04164442071542979
0 0.3183820584701642 0.5165509877202349 0.0881057268722467 0.14575547250400428
0 0.7012414897877453 0.49626268019220504 0.08009611533840609 0.1575013347570742
