0 0.10302734375 0.40524534686971236 0.0341796875 0.06937394247038917
0 0.12841796875 0.428087986463621 0.0263671875 0.050761421319796954
0 0.15087890625 0.40439932318104904 0.0263671875 0.050761421319796954
0 0.18017578125 0.42554991539763115 0.0263671875 0.05245346869712352
0 0.1962890625 0.4509306260575296 0.03125 0.06598984771573604
0 0.24267578125 0.4120135363790186 0.0224609375 0.04568527918781726
0 0.23779296875 0.4560067681895093 0.0283203125 0.06260575296108291
0 0.267578125 0.4763113367174281 0.025390625 0.06598984771573604
0 0.275390625 0.39509306260575294 0.02734375 0.04568527918781726
0 0.29833984375 0.3790186125211506 0.0302734375 0.06091370558375635
0 0.31103515625 0.4746192893401015 0.0263671875 0.06598984771573604
0 0.34765625 0.3739424703891709 0.029296875 0.05752961082910321
0 0.34716796875 0.43908629441624364 0.0283203125 0.0727580372250423
0 0.3818359375 0.4213197969543147 0.029296875 0.05752961082910321
0 0.40576171875 0.38917089678510997 0.0263671875 0.05752961082910321
0 0.43017578125 0.4077834179357022 0.0283203125 0.06091370558375635
0 0.46044921875 0.377326565143824 0.0302734375 0.06429780033840947
0 0.462890625 0.5423011844331641 0.02734375 0.05583756345177665
0 0.4892578125 0.37817258883248733 0.03125 0.06937394247038917
0 0.52490234375 0.4120135363790186 0.0263671875 0.05583756345177665
0 0.544921875 0.4593908629441624 0.03125 0.06260575296108291
0 0.56982421875 0.4077834179357022 0.0224609375 0.06091370558375635
0 0.587890625 0.44754653130287647 0.029296875 0.06260575296108291
0 0.6162109375 0.41455160744500846 0.02734375 0.06091370558375635
0 0.63134765625 0.45685279187817257 0.0263671875 0.0676818950930626
0 0.65673828125 0.4069373942470389 0.0302734375 0.06260575296108291
0 0.6845703125 0.4543147208121827 0.037109375 0.06598984771573604
0 0.70947265625 0.4103214890016921 0.0263671875 0.05583756345177665
0 0.71337890625 0.47377326565143824 0.0244140625 0.06429780033840947
0 0.7587890625 0.44839255499153974 0.029296875 0.0676818950930626
0 0.79736328125 0.4323181049069374 0.0263671875 0.05922165820642978
0 0.8388671875 0.44416243654822335 0.029296875 0.06260575296108291
0 0.873046875 0.42385786802030456 0.033203125 0.06937394247038917
0 0.8466796875 0.6125211505922166 0.03125 0.06429780033840947
0 0.79345703125 0.6218274111675127 0.0302734375 0.06598984771573604
0 0.7001953125 0.583756345177665 0.03125 0.0676818950930626
0 0.63134765625 0.6565143824027073 0.0302734375 0.0676818950930626
0 0.55419921875 0.628595600676819 0.0302734375 0.05922165820642978
0 0.49609375 0.6912013536379019 0.029296875 0.06598984771573604
0 0.4306640625 0.6548223350253807 0.029296875 0.06429780033840947
0 0.3642578125 0.6573604060913706 0.03125 0.0727580372250423
0 0.30859375 0.6192893401015228 0.029296875 0.07106598984771574
0 0.19140625 0.6133671742808798 0.033203125 0.07614213197969544
0 0.14404296875 0.6091370558375635 0.0302734375 0.0676818950930626
