0 0.9902173913043478 0.5956521739130435 0.02391304347826087 0.03188405797101449
0 0.8168478260869565 0.5652173913043478 0.016304347826086956 0.02318840579710145
0 0.7472826086956522 0.5739130434782609 0.011956521739130435 0.017391304347826087
0 0.7141304347826087 0.5927536231884057 0.01956521739130435 0.028985507246376812
0 0.7282608695652174 0.5557971014492754 0.010869565217391304 0.015942028985507246
0 0.6989130434782609 0.5688405797101449 0.013043478260869565 0.01884057971014493
0 0.6777173913043478 0.5543478260869565 0.009782608695652175 0.013043478260869565
0 0.6603260869565217 0.5543478260869565 0.009782608695652175 0.015942028985507246
0 0.6451086956521739 0.5811594202898551 0.014130434782608696 0.017391304347826087
0 0.6228260869565218 0.5702898550724638 0.02608695652173913 0.0391304347826087
0 0.5597826086956522 0.6 0.02608695652173913 0.04057971014492753
0 0.596195652173913 0.563768115942029 0.011956521739130435 0.017391304347826087
0 0.4472826086956522 0.5652173913043478 0.014130434782608696 0.020289855072463767
0 0.46467391304347827 0.5608695652173913 0.011956521739130435 0.017391304347826087
0 0.3983695652173913 0.5572463768115942 0.011956521739130435 0.021739130434782608
0 0.5423913043478261 0.5644927536231884 0.017391304347826087 0.02463768115942029
0 0.5135869565217391 0.5514492753623188 0.007608695652173913 0.010144927536231883
0 0.5309782608695652 0.5521739130434783 0.007608695652173913 0.011594202898550725
0 0.5554347826086956 0.5572463768115942 0.008695652173913044 0.013043478260869565
0 0.5728260869565217 0.563768115942029 0.008695652173913044 0.011594202898550725
0 0.4282608695652174 0.5362318840579711 0.006521739130434782 0.008695652173913044
0 0.40706521739130436 0.532608695652174 0.007608695652173913 0.013043478260869565
0 0.35380434782608694 0.5478260869565217 0.011956521739130435 0.014492753623188406
0 0.2559782608695652 0.6478260869565218 0.02717391304347826 0.04057971014492753
0 0.1907608695652174 0.586231884057971 0.01847826086956522 0.030434782608695653
0 0.15543478260869564 0.6442028985507247 0.02391304347826087 0.0391304347826087
0 0.3027173913043478 0.6297101449275362 0.020652173913043477 0.03333333333333333
0 0.32663043478260867 0.6181159420289855 0.02282608695652174 0.030434782608695653
0 0.28369565217391307 0.5688405797101449 0.015217391304347827 0.021739130434782608
0 0.009782608695652175 0.5420289855072464 0.013043478260869565 0.017391304347826087
0 0.12391304347826088 0.55 0.008695652173913044 0.013043478260869565
0 0.15978260869565217 0.5355072463768116 0.008695652173913044 0.010144927536231883
0 0.1 0.5427536231884058 0.008695652173913044 0.013043478260869565
0 0.39021739130434785 0.5442028985507247 0.006521739130434782 0.010144927536231883
0 0.5141304347826087 0.5347826086956522 0.006521739130434782 0.008695652173913044
0 0.3375 0.6014492753623188 0.014130434782608696 0.02318840579710145
