0 0.2531545741324921 0.32387706855791965 0.03943217665615142 0.07565011820330969
0 0.7949526813880127 0.5130023640661938 0.015772870662460567 0.028368794326241134
0 0.7444794952681388 0.5200945626477541 0.012618296529968454 0.018912529550827423
0 0.695583596214511 0.5260047281323877 0.015772870662460567 0.02127659574468085
0 0.7350157728706624 0.5011820330969267 0.012618296529968454 0.018912529550827423
0 0.7302839116719243 0.47754137115839246 0.00946372239747634 0.014184397163120567
0 0.7058359621451105 0.5035460992907801 0.02050473186119874 0.0851063829787234
0 0.6979495268138801 0.4728132387706856 0.007886435331230283 0.014184397163120567
0 0.6766561514195584 0.47044917257683216 0.006309148264984227 0.009456264775413711
0 0.7082018927444795 0.4491725768321513 0.006309148264984227 0.009456264775413711
0 0.7279179810725552 0.39361702127659576 0.007886435331230283 0.01182033096926714
0 0.7247634069400631 0.35933806146572106 0.014195583596214511 0.04728132387706856
0 0.7129337539432177 0.3380614657210402 0.012618296529968454 0.0425531914893617
0 0.6182965299684543 0.4385342789598109 0.006309148264984227 0.01182033096926714
0 0.5512618296529969 0.46926713947990545 0.007886435331230283 0.01182033096926714
0 0.5244479495268138 0.425531914893617 0.014195583596214511 0.03309692671394799
0 0.5378548895899053 0.42789598108747046 0.01892744479495268 0.028368794326241134
0 0.47082018927444796 0.43617021276595747 0.00473186119873817 0.0070921985815602835
0 0.4605678233438486 0.44089834515366433 0.006309148264984227 0.0070921985815602835
0 0.4361198738170347 0.367612293144208 0.014195583596214511 0.04964539007092199
0 0.40063091482649843 0.43617021276595747 0.012618296529968454 0.04964539007092199
0 0.4061514195583596 0.45390070921985815 0.007886435331230283 0.014184397163120567
0 0.35646687697160884 0.4562647754137116 0.006309148264984227 0.009456264775413711
0 0.3391167192429022 0.45271867612293143 0.00946372239747634 0.01182033096926714
0 0.32097791798107256 0.45390070921985815 0.007886435331230283 0.014184397163120567
0 0.33675078864353314 0.49645390070921985 0.011041009463722398 0.02364066193853428
0 0.3099369085173502 0.4988179669030733 0.011041009463722398 0.018912529550827423
0 0.20741324921135645 0.45271867612293143 0.011041009463722398 0.016548463356973995
0 0.19873817034700317 0.47044917257683216 0.00946372239747634 0.018912529550827423
0 0.1861198738170347 0.475177304964539 0.00946372239747634 0.018912529550827423
0 0.15851735015772872 0.4716312056737589 0.007886435331230283 0.016548463356973995
0 0.14511041009463724 0.466903073286052 0.006309148264984227 0.01182033096926714
0 0.10804416403785488 0.47635933806146574 0.011041009463722398 0.016548463356973995
0 0.09305993690851735 0.4739952718676123 0.00946372239747634 0.016548463356973995
0 0.04810725552050473 0.4657210401891253 0.011041009463722398 0.018912529550827423
0 0.5362776025236593 0.2801418439716312 0.012618296529968454 0.04491725768321513
