0 0.8623511904761905 0.40162037037037035 0.010416666666666666 0.01488095238095238
0 0.8709077380952381 0.4019510582010582 0.01066468253968254 0.01488095238095238
0 0.7415674603174603 0.40327380952380953 0.010416666666666666 0.015542328042328041
0 0.6759672619047619 0.41203703703703703 0.008680555555555556 0.012566137566137565
0 0.6633184523809523 0.4115410052910053 0.008680555555555556 0.011574074074074073
0 0.6163194444444444 0.4148478835978836 0.008432539682539682 0.012896825396825396
0 0.5992063492063492 0.42658730158730157 0.00744047619047619 0.00992063492063492
0 0.580109126984127 0.41121031746031744 0.007936507936507936 0.010912698412698412
0 0.5569196428571429 0.41517857142857145 0.005704365079365079 0.008267195767195767
0 0.5269097222222222 0.41650132275132273 0.007192460317460317 0.011574074074074073
0 0.5182291666666666 0.41798941798941797 0.006200396825396825 0.00992063492063492
0 0.4871031746031746 0.43022486772486773 0.007936507936507936 0.012566137566137565
0 0.4696180555555556 0.4191468253968254 0.007192460317460317 0.012235449735449735
0 0.4703621031746032 0.41980820105820105 0.007688492063492063 0.011574074074074073
0 0.45262896825396826 0.43369708994708994 0.006944444444444444 0.011574074074074073
0 0.4191468253968254 0.41418650793650796 0.00744047619047619 0.013558201058201057
0 0.4259672619047619 0.41021825396825395 0.007688492063492063 0.010912698412698412
0 0.3836805555555556 0.41782407407407407 0.006448412698412698 0.012896825396825396
0 0.3835565476190476 0.4181547619047619 0.006696428571428571 0.012235449735449735
0 0.36408730158730157 0.4184854497354497 0.00744047619047619 0.00958994708994709
0 0.3359375 0.4173280423280423 0.007688492063492063 0.011243386243386243
0 0.3306051587301587 0.40658068783068785 0.006944444444444444 0.00958994708994709
0 0.3256448412698413 0.41898148148148145 0.00744047619047619 0.011904761904761904
0 0.3133680555555556 0.42294973544973546 0.009672619047619048 0.01521164021164021
0 0.25657242063492064 0.4234457671957672 0.012648809523809524 0.018187830687830687
0 0.19246031746031747 0.41716269841269843 0.009424603174603174 0.013558201058201057
0 0.19816468253968253 0.419973544973545 0.008432539682539682 0.01455026455026455
0 0.10974702380952381 0.42046957671957674 0.006696428571428571 0.010912698412698412
0 0.06981646825396826 0.41865079365079366 0.01066468253968254 0.016534391534391533
0 0.03335813492063492 0.4244378306878307 0.009176587301587302 0.012896825396825396
0 0.033854166666666664 0.4181547619047619 0.009672619047619048 0.013558201058201057
