0 0.03142857142857143 0.47532188841201717 0.045714285714285714 0.07939914163090128
0 0.19428571428571428 0.4313304721030043 0.09714285714285714 0.1630901287553648
0 0.215 0.48068669527896996 0.03857142857142857 0.060085836909871244
0 0.7792857142857142 0.43240343347639487 0.07857142857142857 0.13948497854077252
0 0.8464285714285714 0.490343347639485 0.06142857142857143 0.10944206008583691
0 0.6671428571428571 0.4581545064377682 0.04857142857142857 0.10085836909871244
0 0.515 0.4302575107296137 0.06142857142857143 0.10944206008583691
0 0.4107142857142857 0.48068669527896996 0.041428571428571426 0.0815450643776824
0 0.3628571428571429 0.4742489270386266 0.03428571428571429 0.060085836909871244
0 0.1407142857142857 0.5053648068669528 0.06428571428571428 0.11373390557939914
0 0.3407142857142857 0.51931330472103 0.018571428571428572 0.034334763948497854
0 0.4542857142857143 0.5203862660944206 0.017142857142857144 0.032188841201716736
0 0.8721428571428571 0.5 0.024285714285714285 0.05150214592274678
