0 0.07461538461538461 0.6727699530516432 0.22923076923076924 0.3502347417840376
0 0.21153846153846154 0.6901408450704225 0.09538461538461539 0.15586854460093896
0 0.3 0.7342723004694836 0.06307692307692307 0.09014084507042254
0 0.5142307692307693 0.5765258215962441 0.11153846153846154 0.1539906103286385
0 0.20423076923076924 0.5122065727699531 0.02846153846153846 0.04788732394366197
0 0.29384615384615387 0.5061032863849765 0.024615384615384615 0.03755868544600939
0 0.34615384615384615 0.4924882629107981 0.05692307692307692 0.07230046948356808
0 0.4430769230769231 0.5849765258215962 0.03076923076923077 0.05821596244131456
0 0.605 0.6183098591549295 0.04230769230769231 0.06666666666666667
0 0.59 0.5971830985915493 0.04461538461538461 0.06572769953051644
0 0.6546153846153846 0.6619718309859155 0.047692307692307694 0.06948356807511737
0 0.7603846153846154 0.6323943661971831 0.07 0.08732394366197183
0 0.8534615384615385 0.671830985915493 0.06076923076923077 0.07981220657276995
0 0.9453846153846154 0.5577464788732395 0.08461538461538462 0.1107981220657277
0 0.9123076923076923 0.463849765258216 0.04923076923076923 0.06572769953051644
0 0.8707692307692307 0.4708920187793427 0.038461538461538464 0.05539906103286385
0 0.5930769230769231 0.4699530516431925 0.024615384615384615 0.046009389671361506
0 0.6696153846153846 0.45774647887323944 0.03 0.044131455399061034
0 0.7588461538461538 0.4953051643192488 0.031538461538461536 0.04976525821596244
0 0.7592307692307693 0.4572769953051643 0.03230769230769231 0.04507042253521127
0 0.5188461538461538 0.4704225352112676 0.02846153846153846 0.046948356807511735
0 0.44961538461538464 0.4807511737089202 0.02846153846153846 0.04507042253521127
0 0.40076923076923077 0.49014084507042255 0.024615384615384615 0.03755868544600939
0 0.3253846153846154 0.45774647887323944 0.024615384615384615 0.038497652582159626
0 0.37538461538461537 0.5178403755868545 0.027692307692307693 0.036619718309859155
0 0.4403846153846154 0.4723004694835681 0.025384615384615384 0.03943661971830986
0 0.4173076923076923 0.46338028169014084 0.0038461538461538464 0.004694835680751174
0 0.5115384615384615 0.45023474178403755 0.021538461538461538 0.03474178403755868
0 0.6192307692307693 0.43708920187793426 0.003076923076923077 0.004694835680751174
0 0.6434615384615384 0.45023474178403755 0.006923076923076923 0.023474178403755867
0 0.74 0.4666666666666667 0.02923076923076923 0.048826291079812206
0 0.8323076923076923 0.5671361502347417 0.05384615384615385 0.06384976525821597
0 0.021538461538461538 0.4572769953051643 0.003076923076923077 0.003755868544600939
0 0.04576923076923077 0.4596244131455399 0.0038461538461538464 0.004694835680751174
0 0.061153846153846156 0.4737089201877934 0.0038461538461538464 0.004694835680751174
0 0.15538461538461537 0.44178403755868545 0.004615384615384616 0.006572769953051643
0 0.17461538461538462 0.46901408450704224 0.004615384615384616 0.006572769953051643
0 0.15269230769230768 0.48544600938967136 0.0038461538461538464 0.005633802816901409
0 0.1823076923076923 0.4647887323943662 0.006153846153846154 0.007511737089201878
0 0.21653846153846154 0.4868544600938967 0.0038461538461538464 0.004694835680751174
0 0.5834615384615385 0.3643192488262911 0.005384615384615384 0.02629107981220657
0 0.6126923076923076 0.35352112676056335 0.0038461538461538464 0.004694835680751174
0 0.6561538461538462 0.3586854460093897 0.003076923076923077 0.003755868544600939
0 0.666923076923077 0.3629107981220657 0.012307692307692308 0.02910798122065728
0 0.7796153846153846 0.3624413145539906 0.01 0.02629107981220657
0 0.805 0.3511737089201878 0.0038461538461538464 0.003755868544600939
0 0.7826923076923077 0.360093896713615 0.008461538461538461 0.02535211267605634
0 0.8503846153846154 0.3619718309859155 0.011538461538461539 0.02910798122065728
0 0.8557692307692307 0.3488262910798122 0.0038461538461538464 0.004694835680751174
0 0.8711538461538462 0.34976525821596244 0.0038461538461538464 0.004694835680751174
0 0.8792307692307693 0.3492957746478873 0.003076923076923077 0.003755868544600939
0 0.8923076923076924 0.35774647887323946 0.007692307692307693 0.016901408450704224
0 0.91 0.35070422535211265 0.004615384615384616 0.004694835680751174
0 0.9342307692307692 0.3619718309859155 0.01 0.027230046948356807
0 0.9665384615384616 0.3511737089201878 0.0038461538461538464 0.005633802816901409
0 0.6215384615384615 0.38873239436619716 0.003076923076923077 0.003755868544600939
0 0.6288461538461538 0.4056338028169014 0.008461538461538461 0.02629107981220657
0 0.6373076923076924 0.4032863849765258 0.0038461538461538464 0.004694835680751174
