0 0.8291015625 0.18667642752562225 0.08203125 0.1390922401171303
0 0.7275390625 0.16910688140556368 0.046875 0.08638360175695461
0 0.689453125 0.1603221083455344 0.029296875 0.05417276720351391
0 0.990234375 0.5307467057101025 0.1328125 0.3001464128843338
0 0.94677734375 0.4238653001464129 0.0517578125 0.07759882869692533
0 0.609375 0.16691068814055637 0.033203125 0.04978038067349927
0 0.5546875 0.08199121522693997 0.03125 0.05856515373352855
0 0.49609375 0.33382137628111275 0.0546875 0.09663250366032211
0 0.49365234375 0.20644216691068815 0.0498046875 0.09370424597364568
0 0.423828125 0.14641288433382138 0.05859375 0.09663250366032211
0 0.29736328125 0.17423133235724744 0.0341796875 0.0527086383601757
0 0.189453125 0.16105417276720352 0.076171875 0.15226939970717424
0 0.22314453125 0.12445095168374817 0.0517578125 0.1054172767203514
0 0.21142578125 0.5183016105417276 0.2197265625 0.3718887262079063
