0 0.2368869936034115 0.5336970474967908 0.04733475479744136 0.0982028241335045
0 0.15415778251599146 0.43709884467265725 0.04051172707889126 0.07317073170731707
0 0.1607675906183369 0.2795250320924262 0.037526652452025584 0.07124518613607189
0 0.20788912579957355 0.22946084724005134 0.03539445628997868 0.07637997432605904
0 0.235181236673774 0.3170731707317073 0.03624733475479744 0.07188703465982028
0 0.3023454157782516 0.47400513478819 0.041791044776119404 0.09050064184852374
0 0.36716417910447763 0.4714377406931964 0.039232409381663114 0.07124518613607189
0 0.48038379530916847 0.49133504492939667 0.03880597014925373 0.07637997432605904
0 0.5989339019189766 0.49903722721437743 0.03710021321961621 0.08151476251604621
0 0.6923240938166312 0.5285622593068036 0.0464818763326226 0.09691912708600771
0 0.796588486140725 0.412387676508344 0.0511727078891258 0.10205391527599486
0 0.7968017057569297 0.41142490372272145 0.04904051172707889 0.10526315789473684
0 0.6750533049040511 0.4329268292682927 0.039232409381663114 0.08023106546854943
0 0.31705756929637524 0.33857509627727855 0.03113006396588486 0.06225930680359435
0 0.3643923240938166 0.35430038510911427 0.030277185501066096 0.06418485237483953
0 0.4375266524520256 0.336007702182285 0.028997867803837955 0.05712451861360719
0 0.5017057569296375 0.36553273427471117 0.02857142857142857 0.05712451861360719
0 0.552452025586354 0.36424903722721436 0.029424307036247335 0.05969191270860077
0 0.5991471215351812 0.3472400513478819 0.029850746268656716 0.06161745827984596
0 0.6769722814498934 0.2878690629011553 0.030277185501066096 0.06482670089858793
0 0.34051172707889127 0.18292682926829268 0.031982942430703626 0.06803594351732992
0 0.4255863539445629 0.19480102695763798 0.03070362473347548 0.06611039794608473
0 0.5066098081023455 0.21309370988446727 0.03070362473347548 0.07317073170731707
0 0.8780383795309168 0.3048780487804878 0.017057569296375266 0.038510911424903725
