0 0.4586397058823529 0.7701907467532467 0.028799019607843136 0.02130681818181818
0 0.33808210784313725 0.7634943181818182 0.030330882352941176 0.022118506493506492
0 0.31050857843137253 0.768060064935065 0.02420343137254902 0.017857142857142856
0 0.3483455882352941 0.7560876623376623 0.02696078431372549 0.021103896103896104
0 0.38449754901960786 0.776075487012987 0.023284313725490197 0.02130681818181818
0 0.40824142156862747 0.7963676948051948 0.015012254901960785 0.014813311688311688
0 0.21017156862745098 0.7492897727272727 0.03553921568627451 0.030235389610389612
0 0.15716911764705882 0.760450487012987 0.020833333333333332 0.018871753246753248
0 0.16207107843137256 0.7561891233766234 0.0196078431372549 0.017248376623376624
0 0.09528186274509803 0.7563920454545454 0.028799019607843136 0.020495129870129872
0 0.06924019607843138 0.7731331168831169 0.025122549019607844 0.017045454545454544
0 0.061274509803921566 0.7689732142857143 0.024509803921568627 0.016436688311688312
