0 0.75390625 0.4992581602373887 0.0234375 0.04896142433234421
0 0.57275390625 0.5140949554896143 0.0302734375 0.057863501483679525
0 0.6337890625 0.4814540059347181 0.01171875 0.025222551928783383
0 0.69091796875 0.4977744807121662 0.0126953125 0.02225519287833828
0 0.89453125 0.48293768545994065 0.00390625 0.00741839762611276
0 0.904296875 0.4873887240356083 0.00390625 0.00741839762611276
0 0.91796875 0.48516320474777447 0.00390625 0.005934718100890208
0 0.9228515625 0.486646884272997 0.005859375 0.008902077151335312
0 0.9296875 0.505192878338279 0.013671875 0.040059347181008904
0 0.65380859375 0.4814540059347181 0.0087890625 0.013353115727002967
0 0.67919921875 0.4807121661721068 0.0068359375 0.008902077151335312
