0 0.86375 0.5616666666666666 0.05625 0.12555555555555556
0 0.753125 0.5183333333333333 0.06 0.13
0 0.6753125 0.45055555555555554 0.048125 0.11444444444444445
0 0.5915625 0.54 0.040625 0.09555555555555556
0 0.64625 0.4738888888888889 0.03875 0.10111111111111111
0 0.4859375 0.5533333333333333 0.041875 0.09333333333333334
0 0.55375 0.495 0.045 0.09444444444444444
0 0.39 0.5216666666666666 0.0425 0.09222222222222222
0 0.4409375 0.49666666666666665 0.040625 0.09111111111111111
0 0.276875 0.5477777777777778 0.04 0.10222222222222223
0 0.31875 0.5255555555555556 0.03875 0.08888888888888889
0 0.185625 0.5066666666666667 0.03875 0.09111111111111111
0 0.104375 0.5883333333333334 0.04875 0.10555555555555556
