0 0.6221413721413721 0.3094867807153966 0.015592515592515593 0.027993779160186624
0 0.6585239085239085 0.3312597200622084 0.02598752598752599 0.04354587869362364
0 0.6335758835758836 0.35536547433903576 0.02390852390852391 0.038880248833592534
0 0.6803534303534303 0.3608087091757387 0.02598752598752599 0.04665629860031104
0 0.8466735966735967 0.42457231726283046 0.04885654885654886 0.08398133748055987
0 0.8341995841995842 0.4751166407465008 0.06756756756756757 0.09797822706065319
0 0.43347193347193347 0.3561430793157076 0.02286902286902287 0.04354587869362364
0 0.39656964656964655 0.3421461897356143 0.02598752598752599 0.04043545878693624
0 0.43347193347193347 0.3561430793157076 0.02286902286902287 0.04043545878693624
0 0.3092515592515592 0.3973561430793157 0.04677754677754678 0.07931570762052877
0 0.3201663201663202 0.4276827371695179 0.05405405405405406 0.1150855365474339
0 0.20997920997921 0.45334370139968894 0.04158004158004158 0.08242612752721618
0 0.11590436590436591 0.505443234836703 0.06756756756756757 0.1181959564541213
