0 0.97119140625 0.2090663058186739 0.0595703125 0.10419485791610285
0 0.90966796875 0.22462787550744248 0.0751953125 0.12178619756427606
0 0.81787109375 0.2577807848443843 0.0576171875 0.09878213802435724
0 0.724609375 0.2976995940460081 0.048828125 0.08119079837618404
0 0.64697265625 0.31732070365358594 0.0517578125 0.09607577807848444
0 0.60302734375 0.3876860622462788 0.0498046875 0.09607577807848444
0 0.509765625 0.35588633288227334 0.0546875 0.08930987821380243
0 0.71630859375 0.2029769959404601 0.0498046875 0.08660351826792964
0 0.63525390625 0.2219215155615697 0.0419921875 0.08389715832205684
0 0.53173828125 0.19215155615696888 0.0498046875 0.08389715832205684
0 0.4501953125 0.23410013531799728 0.0390625 0.07848443843031123
0 0.4130859375 0.2902571041948579 0.046875 0.08254397834912043
0 0.4248046875 0.3680649526387009 0.05078125 0.08660351826792964
0 0.32275390625 0.4100135317997294 0.0498046875 0.08660351826792964
0 0.193359375 0.31799729364005414 0.046875 0.08119079837618404
0 0.28955078125 0.3382949932341001 0.0400390625 0.07577807848443843
0 0.2607421875 0.2679296346414073 0.04296875 0.07036535859269283
0 0.3515625 0.2638700947225981 0.048828125 0.08660351826792964
0 0.2978515625 0.2124492557510149 0.041015625 0.07036535859269283
0 0.18701171875 0.21109607577807848 0.0458984375 0.07848443843031123
0 0.083984375 0.2469553450608931 0.052734375 0.09066305818673884
