0 0.01647058823529412 0.3588235294117647 0.01647058823529412 0.06666666666666667
0 0.06823529411764706 0.34509803921568627 0.01647058823529412 0.06666666666666667
0 0.11852941176470588 0.31470588235294117 0.018235294117647058 0.06862745098039216
0 0.1411764705882353 0.29705882352941176 0.01764705882352941 0.08431372549019608
0 0.21 0.3137254901960784 0.01647058823529412 0.08235294117647059
0 0.22411764705882353 0.34705882352941175 0.01647058823529412 0.06274509803921569
0 0.255 0.3029411764705882 0.020588235294117647 0.09215686274509804
0 0.26941176470588235 0.2931372549019608 0.01764705882352941 0.09215686274509804
0 0.3111764705882353 0.27058823529411763 0.018823529411764704 0.09411764705882353
0 0.3517647058823529 0.30686274509803924 0.018823529411764704 0.0803921568627451
0 0.3644117647058824 0.34019607843137256 0.019411764705882354 0.0803921568627451
0 0.42705882352941177 0.296078431372549 0.018823529411764704 0.09803921568627451
0 0.4938235294117647 0.25882352941176473 0.020588235294117647 0.10196078431372549
0 0.5423529411764706 0.27058823529411763 0.02235294117647059 0.09411764705882353
0 0.6138235294117647 0.2019607843137255 0.02411764705882353 0.12156862745098039
0 0.7082352941176471 0.1980392156862745 0.024705882352941175 0.10588235294117647
0 0.11852941176470588 0.35294117647058826 0.013529411764705882 0.058823529411764705
