0 0.9432213209733488 0.45719424460431657 0.0880648899188876 0.05971223021582734
0 0.8771726535341831 0.4845323741007194 0.06952491309385864 0.04820143884892086
0 0.7862108922363847 0.4683453237410072 0.06141367323290846 0.04748201438848921
0 0.7636152954808807 0.47553956834532374 0.07879490150637311 0.05467625899280575
0 0.5017381228273464 0.4589928057553957 0.0880648899188876 0.0618705035971223
0 0.32734646581691773 0.49244604316546764 0.0776361529548088 0.06402877697841726
0 0.20567786790266512 0.47266187050359715 0.08458864426419467 0.060431654676258995
0 0.009269988412514484 0.48812949640287767 0.07184241019698726 0.04388489208633094
0 0.05504055619930475 0.4762589928057554 0.0776361529548088 0.05467625899280575
0 0.14542294322132096 0.4776978417266187 0.054461181923522596 0.04460431654676259
0 0.5052143684820394 0.49676258992805755 0.07415990730011587 0.04100719424460432
0 0.1929316338354577 0.4546762589928058 0.08458864426419467 0.050359712230215826
0 0.548667439165701 0.45179856115107914 0.06836616454229433 0.04460431654676259
0 0.4461181923522596 0.48345323741007196 0.06025492468134415 0.050359712230215826
0 0.28041714947856317 0.4489208633093525 0.06952491309385864 0.04748201438848921
0 0.27172653534183083 0.4679856115107914 0.0776361529548088 0.039568345323741004
