0 0.010869565217391304 0.4524739583333333 0.021739130434782608 0.045572916666666664
0 0.0782608695652174 0.46484375 0.020869565217391306 0.028645833333333332
0 0.1356521739130435 0.4342447916666667 0.022608695652173914 0.037760416666666664
0 0.17304347826086958 0.4440104166666667 0.022608695652173914 0.041666666666666664
0 0.21956521739130436 0.455078125 0.021739130434782608 0.03515625
0 0.26608695652173914 0.4420572916666667 0.022608695652173914 0.032552083333333336
0 0.29043478260869565 0.4609375 0.02434782608695652 0.036458333333333336
0 0.3217391304347826 0.4544270833333333 0.020869565217391306 0.0390625
0 0.35391304347826086 0.451171875 0.019130434782608695 0.03515625
0 0.3991304347826087 0.455078125 0.020869565217391306 0.037760416666666664
0 0.4717391304347826 0.470703125 0.02 0.032552083333333336
0 0.48782608695652174 0.453125 0.020869565217391306 0.0390625
0 0.528695652173913 0.4609375 0.017391304347826087 0.028645833333333332
0 0.5743478260869566 0.4641927083333333 0.021739130434782608 0.03515625
0 0.6430434782608696 0.484375 0.011304347826086957 0.020833333333333332
0 0.6582608695652173 0.482421875 0.01217391304347826 0.01953125
0 0.6752173913043479 0.4700520833333333 0.013043478260869565 0.0234375
0 0.707391304347826 0.4778645833333333 0.013043478260869565 0.020833333333333332
0 0.707391304347826 0.4680989583333333 0.011304347826086957 0.01953125
0 0.7834782608695652 0.4290364583333333 0.04695652173913043 0.08463541666666667
0 0.8447826086956521 0.4772135416666667 0.014782608695652174 0.022135416666666668
0 0.8952173913043479 0.4791666666666667 0.009565217391304347 0.015625
0 0.9043478260869565 0.4811197916666667 0.01217391304347826 0.01953125
0 0.9460869565217391 0.490234375 0.010434782608695653 0.01953125
0 0.9826086956521739 0.4765625 0.01217391304347826 0.018229166666666668
0 0.9730434782608696 0.5611979166666666 0.020869565217391306 0.0390625
0 0.401304347826087 0.4088541666666667 0.011304347826086957 0.018229166666666668
0 0.4578260869565217 0.4095052083333333 0.011304347826086957 0.01953125
0 0.49782608695652175 0.4127604166666667 0.009565217391304347 0.020833333333333332
0 0.5660869565217391 0.41015625 0.01217391304347826 0.020833333333333332
0 0.6056521739130435 0.412109375 0.00782608695652174 0.016927083333333332
0 0.6469565217391304 0.4134114583333333 0.010434782608695653 0.016927083333333332
0 0.72 0.41015625 0.008695652173913044 0.015625
0 0.7491304347826087 0.412109375 0.011304347826086957 0.01953125
0 0.6856521739130435 0.4095052083333333 0.009565217391304347 0.016927083333333332
0 0.23347826086956522 0.4505208333333333 0.018260869565217393 0.033854166666666664
0 0.37434782608695655 0.4602864583333333 0.021739130434782608 0.037760416666666664
0 0.38913043478260867 0.4361979166666667 0.023478260869565216 0.0390625
0 0.4221739130434783 0.4505208333333333 0.018260869565217393 0.03125
0 0.48695652173913045 0.4524739583333333 0.020869565217391306 0.040364583333333336
0 0.5473913043478261 0.47265625 0.013043478260869565 0.020833333333333332
0 0.36391304347826087 0.41015625 0.011304347826086957 0.018229166666666668
0 0.38869565217391305 0.4752604166666667 0.017391304347826087 0.03125
0 0.8586956521739131 0.4915364583333333 0.009565217391304347 0.016927083333333332
