0 0.05126953125 0.4342447916666667 0.0615234375 0.10286458333333333
0 0.099365234375 0.4625651041666667 0.04638671875 0.07877604166666667
0 0.094482421875 0.4212239583333333 0.03564453125 0.055989583333333336
0 0.259033203125 0.3453776041666667 0.04931640625 0.07356770833333333
0 0.191650390625 0.3896484375 0.02978515625 0.042317708333333336
0 0.336181640625 0.3977864583333333 0.02783203125 0.052083333333333336
0 0.391357421875 0.4065755208333333 0.02587890625 0.048828125
0 0.439208984375 0.3658854166666667 0.01806640625 0.029947916666666668
0 0.5244140625 0.4065755208333333 0.052734375 0.083984375
0 0.47119140625 0.3929036458333333 0.029296875 0.051432291666666664
0 0.65576171875 0.4173177083333333 0.0556640625 0.08723958333333333
0 0.569580078125 0.4309895833333333 0.03857421875 0.06380208333333333
0 0.80419921875 0.4527994791666667 0.083984375 0.10481770833333333
0 0.8916015625 0.4085286458333333 0.0361328125 0.06575520833333333
0 0.90478515625 0.4459635416666667 0.0400390625 0.055989583333333336
0 0.934326171875 0.3694661458333333 0.03857421875 0.048828125
0 0.78271484375 0.3623046875 0.0400390625 0.06315104166666667
0 0.845458984375 0.3785807291666667 0.02978515625 0.043619791666666664
0 0.564208984375 0.35546875 0.02880859375 0.049479166666666664
0 0.664306640625 0.3313802083333333 0.02197265625 0.02734375
0 0.640625 0.3642578125 0.025390625 0.043619791666666664
0 0.696044921875 0.3509114583333333 0.01904296875 0.02734375
0 0.72216796875 0.3645833333333333 0.02734375 0.033854166666666664
0 0.755126953125 0.33984375 0.02587890625 0.0390625
0 0.850341796875 0.3492838541666667 0.02490234375 0.037109375
0 0.8271484375 0.3372395833333333 0.0263671875 0.036458333333333336
0 0.98388671875 0.380859375 0.0244140625 0.037760416666666664
