0 0.8368544600938967 0.640625 0.025821596244131457 0.05625
0 0.6525821596244131 0.6697916666666667 0.028169014084507043 0.05625
0 0.590962441314554 0.6822916666666666 0.02699530516431925 0.06041666666666667
0 0.6156103286384976 0.6322916666666667 0.022300469483568074 0.04375
0 0.460093896713615 0.7239583333333334 0.025821596244131457 0.052083333333333336
0 0.3902582159624413 0.6416666666666667 0.03169014084507042 0.06666666666666667
0 0.23708920187793428 0.675 0.014084507042253521 0.029166666666666667
0 0.4295774647887324 0.6875 0.02112676056338028 0.05
0 0.16842723004694835 0.6854166666666667 0.01056338028169014 0.020833333333333332
0 0.13849765258215962 0.6802083333333333 0.009389671361502348 0.01875
0 0.07394366197183098 0.69375 0.011737089201877934 0.020833333333333332
0 0.09859154929577464 0.6833333333333333 0.009389671361502348 0.020833333333333332
0 0.12030516431924883 0.6739583333333333 0.008215962441314555 0.01875
0 0.018192488262910797 0.721875 0.022300469483568074 0.11458333333333333
0 0.414906103286385 0.6625 0.012910798122065728 0.025
0 0.20598591549295775 0.6625 0.008215962441314555 0.020833333333333332
0 0.18016431924882628 0.6770833333333334 0.008215962441314555 0.020833333333333332
0 0.18661971830985916 0.6729166666666667 0.009389671361502348 0.016666666666666666
0 0.15316901408450703 0.6802083333333333 0.008215962441314555 0.01875
0 0.10622065727699531 0.675 0.005868544600938967 0.0125
0 0.03931924882629108 0.6822916666666666 0.005868544600938967 0.010416666666666666
0 0.31279342723004694 0.690625 0.008215962441314555 0.014583333333333334
0 0.32335680751173707 0.66875 0.008215962441314555 0.016666666666666666
0 0.31161971830985913 0.6635416666666667 0.008215962441314555 0.014583333333333334
0 0.2664319248826291 0.6645833333333333 0.009389671361502348 0.016666666666666666
