0 -0.02578125 0.19393631436314362 0.08541666666666667 0.16565040650406504
0 0.031901041666666664 0.1565040650406504 0.08463541666666667 0.1897018970189702
0 0.10546875 0.1443089430894309 0.0875 0.15514905149051492
0 0.15091145833333333 0.11839430894308943 0.08203125 0.15345528455284552
0 0.36627604166666666 0.25796070460704607 0.11901041666666666 0.23272357723577236
0 0.7434895833333334 0.15802845528455284 0.13177083333333334 0.23949864498644988
0 0.27825520833333334 0.1839430894308943 0.12526041666666668 0.22086720867208673
0 0.45481770833333335 0.03031842818428184 0.04453125 0.06944444444444445
0 0.569140625 -0.03929539295392954 0.02265625 0.02981029810298103
0 0.3703125 0.043021680216802166 0.059375 0.06775067750677506
0 0.4265625 0.04861111111111111 0.04583333333333333 0.07892953929539295
