0 0.224609375 0.3111111111111111 0.03359375 0.07037037037037037
0 0.280859375 0.30833333333333335 0.03671875 0.07222222222222222
0 0.321484375 0.40925925925925927 0.02109375 0.06296296296296296
0 0.35078125 0.45 0.015625 0.037037037037037035
0 0.37890625 0.40370370370370373 0.021875 0.06666666666666667
0 0.446484375 0.375 0.02734375 0.07592592592592592
0 0.51171875 0.32407407407407407 0.040625 0.12962962962962962
0 0.548828125 0.47962962962962963 0.02265625 0.07407407407407407
0 0.608203125 0.4601851851851852 0.02109375 0.06481481481481481
0 0.759375 0.362962962962963 0.0421875 0.1111111111111111
0 0.887890625 0.6462962962962963 0.00703125 0.018518518518518517
0 0.426171875 0.44722222222222224 0.01640625 0.03518518518518519
0 0.43828125 0.42592592592592593 0.0171875 0.04814814814814815
