0 0.2578125 0.8142476697736352 0.01171875 0.019973368841544607
0 0.27587890625 0.8342210386151797 0.0263671875 0.06258322237017311
0 0.29541015625 0.8162450066577897 0.0107421875 0.018641810918774968
0 0.3359375 0.8115845539280959 0.009765625 0.017310252996005325
0 0.3603515625 0.8115845539280959 0.01171875 0.022636484687083888
0 0.4072265625 0.8129161118508655 0.01171875 0.017310252996005325
0 0.44189453125 0.810918774966711 0.0087890625 0.015978695073235686
0 0.48046875 0.8089214380825566 0.0078125 0.014647137150466045
0 0.53515625 0.8042609853528628 0.009765625 0.013315579227696404
0 0.2841796875 0.7956058588548602 0.017578125 0.05193075898801598
0 0.326171875 0.7789613848202397 0.005859375 0.007989347536617843
0 0.37548828125 0.7882822902796272 0.0087890625 0.03994673768308921
0 0.38427734375 0.788948069241012 0.0126953125 0.03861517976031957
0 0.4365234375 0.7736351531291611 0.00390625 0.005326231691078562
0 0.44775390625 0.7749667110519307 0.0048828125 0.007989347536617843
0 0.3349609375 0.7789613848202397 0.005859375 0.007989347536617843
0 0.58154296875 0.7896138482023968 0.0126953125 0.023968042609853527
0 0.609375 0.784953395472703 0.015625 0.022636484687083888
0 0.61669921875 0.7989347536617842 0.0126953125 0.018641810918774968
0 0.919921875 0.7836218375499334 0.0078125 0.011984021304926764
0 0.86962890625 0.7769640479360852 0.0048828125 0.006657789613848202
0 0.76611328125 0.7829560585885486 0.0068359375 0.010652463382157125
0 0.7919921875 0.7782956058588548 0.009765625 0.011984021304926764
0 0.69921875 0.7869507323568575 0.0078125 0.010652463382157125
