0 0.20849609375 0.6555989583333334 0.0712890625 0.08203125
0 0.52197265625 0.5436197916666666 0.0361328125 0.061197916666666664
0 0.60400390625 0.5123697916666666 0.0244140625 0.040364583333333336
0 0.60400390625 0.5143229166666666 0.0244140625 0.036458333333333336
0 0.6064453125 0.49609375 0.021484375 0.033854166666666664
0 0.57763671875 0.5891927083333334 0.0322265625 0.053385416666666664
0 0.44384765625 0.5169270833333334 0.0244140625 0.041666666666666664
0 0.361328125 0.5052083333333334 0.021484375 0.033854166666666664
0 0.21533203125 0.5149739583333334 0.0205078125 0.037760416666666664
0 0.13427734375 0.5006510416666666 0.0224609375 0.037760416666666664
0 0.11083984375 0.5188802083333334 0.0302734375 0.04296875
