0 0.09322916666666667 0.39609375 0.053125 0.0921875
0 0.14427083333333332 0.4453125 0.046875 0.0875
0 0.19583333333333333 0.4546875 0.03958333333333333 0.075
0 0.24791666666666667 0.440625 0.04375 0.075
0 0.2713541666666667 0.4453125 0.034375 0.071875
0 0.3260416666666667 0.475 0.035416666666666666 0.065625
0 0.35 0.46484375 0.03125 0.0640625
0 0.390625 0.45546875 0.03125 0.0609375
0 0.4552083333333333 0.46640625 0.03125 0.0671875
0 0.5125 0.44453125 0.03125 0.0609375
0 0.5682291666666667 0.46328125 0.03229166666666667 0.0609375
0 0.6229166666666667 0.4625 0.03125 0.0625
0 0.6739583333333333 0.43359375 0.03125 0.0671875
