0 0.9318181818181818 0.46802646085997796 0.032231404958677684 0.047409040793825796
0 0.9723140495867768 0.5214994487320838 0.06859504132231405 0.0970231532524807
0 0.9801652892561984 0.5931642778390298 0.07603305785123966 0.11025358324145534
0 0.7677685950413223 0.44432194046306506 0.023140495867768594 0.030871003307607496
0 0.6962809917355371 0.4217199558985667 0.0256198347107438 0.03638368246968027
0 0.7305785123966942 0.5468577728776185 0.06611570247933884 0.0926130099228225
0 0.41363636363636364 0.448180815876516 0.030578512396694214 0.05181918412348401
0 0.25330578512396695 0.4669239250275634 0.045454545454545456 0.06284454244762955
0 0.2024793388429752 0.5633958103638368 0.047933884297520664 0.07056229327453142
0 0.9739669421487603 0.5209481808158766 0.06859504132231405 0.09592061742006615
