0 0.08291666666666667 0.361875 0.08916666666666667 0.17375
0 0.18833333333333332 0.31875 0.041666666666666664 0.0775
0 0.18708333333333332 0.31875 0.0425 0.0775
0 0.21666666666666667 0.27125 0.03666666666666667 0.0675
0 0.2529166666666667 0.26625 0.029166666666666667 0.0575
0 0.19166666666666668 0.17375 0.02666666666666667 0.05
0 0.315 0.270625 0.023333333333333334 0.04625
0 0.38875 0.260625 0.024166666666666666 0.03875
0 0.47041666666666665 0.27875 0.020833333333333332 0.0425
0 0.52 0.27875 0.028333333333333332 0.0525
0 0.5683333333333334 0.28625 0.03333333333333333 0.065
0 0.6304166666666666 0.3125 0.03916666666666667 0.0775
0 0.7091666666666666 0.321875 0.04666666666666667 0.09625
0 0.76 0.355625 0.06 0.11625
0 0.92 0.37125 0.07833333333333334 0.14
