0 0.35498046875 0.17642752562225475 0.0146484375 0.03074670571010249
0 0.33740234375 0.40775988286969256 0.0419921875 0.14202049780380674
0 0.23681640625 0.46193265007320644 0.0361328125 0.22693997071742314
0 0.30029296875 0.4472913616398243 0.0986328125 0.4699853587115666
0 0.421875 0.3374816983894583 0.16796875 0.4172767203513909
0 0.57666015625 0.33601756954612005 0.2060546875 0.513909224011713
0 0.08837890625 0.5168374816983895 0.0107421875 0.017569546120058566
0 0.09716796875 0.5190336749633968 0.0087890625 0.013177159590043924
0 0.1064453125 0.5153733528550513 0.0078125 0.01171303074670571
0 0.11328125 0.5263543191800878 0.009765625 0.016105417276720352
0 0.126953125 0.5248901903367497 0.009765625 0.016105417276720352
0 0.1396484375 0.5366032210834554 0.01171875 0.016105417276720352
0 0.15380859375 0.5358711566617862 0.0068359375 0.01171303074670571
0 0.1640625 0.5519765739385066 0.013671875 0.017569546120058566
0 0.1708984375 0.6002928257686676 0.0234375 0.1259150805270864
0 0.19775390625 0.5446559297218155 0.0146484375 0.020497803806734993
0 0.2060546875 0.5556368960468521 0.01171875 0.021961932650073207
0 0.23291015625 0.5673499267935578 0.0126953125 0.01903367496339678
0 0.26220703125 0.5885797950219619 0.0146484375 0.02342606149341142
0 0.296875 0.5988286969253295 0.017578125 0.029282576866764276
0 0.28515625 0.5768667642752562 0.013671875 0.020497803806734993
0 0.33935546875 0.5973645680819912 0.0107421875 0.017569546120058566
0 0.35986328125 0.595900439238653 0.0166015625 0.02342606149341142
0 0.384765625 0.6105417276720352 0.01953125 0.029282576866764276
0 0.4267578125 0.6017569546120058 0.009765625 0.02342606149341142
0 0.41455078125 0.5980966325036603 0.0068359375 0.013177159590043924
0 0.39013671875 0.5937042459736457 0.0126953125 0.021961932650073207
0 0.4462890625 0.6024890190336749 0.0078125 0.010248901903367497
0 0.4638671875 0.6171303074670571 0.01171875 0.01903367496339678
0 0.486328125 0.6090775988286969 0.015625 0.020497803806734993
0 0.501953125 0.6171303074670571 0.0078125 0.010248901903367497
0 0.54296875 0.6259150805270863 0.013671875 0.021961932650073207
0 0.55322265625 0.6266471449487555 0.0087890625 0.014641288433382138
0 0.59033203125 0.6412884333821376 0.0068359375 0.01171303074670571
0 0.60107421875 0.6442166910688141 0.0068359375 0.01171303074670571
0 0.64501953125 0.6551976573938506 0.0107421875 0.016105417276720352
0 0.70166015625 0.6669106881405563 0.0146484375 0.024890190336749635
0 0.73486328125 0.664714494875549 0.0068359375 0.01171303074670571
0 0.7548828125 0.6683748169838946 0.0078125 0.013177159590043924
0 0.7646484375 0.6720351390922401 0.009765625 0.014641288433382138
0 0.77685546875 0.6793557833089312 0.0087890625 0.01171303074670571
0 0.79248046875 0.6793557833089312 0.0087890625 0.014641288433382138
0 0.8056640625 0.6837481698389458 0.009765625 0.014641288433382138
0 0.8251953125 0.6830161054172768 0.01171875 0.01903367496339678
0 0.84912109375 0.6800878477306003 0.0126953125 0.01903367496339678
0 0.89892578125 0.7137628111273792 0.0224609375 0.03367496339677892
0 0.9365234375 0.718887262079063 0.01171875 0.017569546120058566
0 0.96826171875 0.7254758418740849 0.0126953125 0.01903367496339678
0 0.98583984375 0.7137628111273792 0.0126953125 0.021961932650073207
0 0.87060546875 0.7027818448023426 0.0126953125 0.020497803806734993
0 0.95068359375 0.7210834553440703 0.0087890625 0.013177159590043924
0 0.001953125 0.5336749633967789 0.021484375 0.08638360175695461
0 0.025390625 0.5058565153733529 0.0078125 0.013177159590043924
0 0.037109375 0.5087847730600292 0.0078125 0.013177159590043924
0 0.0673828125 0.5256222547584187 0.009765625 0.014641288433382138
0 0.072265625 0.5058565153733529 0.0078125 0.013177159590043924
0 0.47265625 0.6068814055636896 0.0078125 0.013177159590043924
0 0.61962890625 0.6303074670571011 0.0146484375 0.01903367496339678
0 0.66015625 0.6544655929721815 0.0078125 0.014641288433382138
0 0.67822265625 0.6566617862371888 0.0087890625 0.013177159590043924
