0 0.03203125 0.6822429906542056 0.0171875 0.028037383177570093
0 0.08515625 0.6612149532710281 0.0203125 0.04205607476635514
0 0.1328125 0.6647196261682243 0.021875 0.035046728971962614
0 0.17109375 0.655373831775701 0.0171875 0.030373831775700934
0 0.22109375 0.6261682242990654 0.0171875 0.028037383177570093
0 0.26796875 0.6647196261682243 0.0203125 0.0397196261682243
0 0.3359375 0.6682242990654206 0.01875 0.03271028037383177
0 0.365625 0.6436915887850467 0.021875 0.030373831775700934
0 0.4078125 0.633177570093458 0.01875 0.03271028037383177
0 0.465625 0.6717289719626168 0.025 0.0397196261682243
0 0.51171875 0.6623831775700935 0.0171875 0.030373831775700934
0 0.5703125 0.6705607476635514 0.01875 0.03271028037383177
0 0.640625 0.6670560747663551 0.01875 0.0397196261682243
0 0.7109375 0.6530373831775701 0.01875 0.035046728971962614
0 0.76953125 0.6425233644859814 0.0234375 0.028037383177570093
0 0.8375 0.6413551401869159 0.01875 0.030373831775700934
0 0.9125 0.6507009345794392 0.021875 0.0397196261682243
0 0.98203125 0.6612149532710281 0.0234375 0.037383177570093455
0 0.9546875 0.6343457943925234 0.01875 0.035046728971962614
0 0.6546875 0.6378504672897196 0.021875 0.03271028037383177
0 0.60078125 0.6273364485981309 0.0203125 0.030373831775700934
0 0.5515625 0.6436915887850467 0.01875 0.030373831775700934
0 0.453125 0.6425233644859814 0.01875 0.03271028037383177
0 0.32109375 0.6179906542056075 0.0203125 0.035046728971962614
0 0.03359375 0.6261682242990654 0.0203125 0.037383177570093455
0 0.2984375 0.3866822429906542 0.009375 0.016355140186915886
0 0.31328125 0.3925233644859813 0.0078125 0.014018691588785047
0 0.35390625 0.4007009345794392 0.0078125 0.016355140186915886
0 0.4578125 0.40654205607476634 0.0125 0.02336448598130841
0 0.43125 0.39953271028037385 0.0125 0.02336448598130841
0 0.50390625 0.4053738317757009 0.0109375 0.02102803738317757
0 0.421875 0.3621495327102804 0.0125 0.02336448598130841
0 0.48046875 0.35514018691588783 0.0109375 0.018691588785046728
0 0.484375 0.3808411214953271 0.009375 0.018691588785046728
0 0.52109375 0.3691588785046729 0.0109375 0.018691588785046728
0 0.0796875 0.6273364485981309 0.01875 0.030373831775700934
0 0.12578125 0.6413551401869159 0.0171875 0.030373831775700934
0 0.15625 0.625 0.01875 0.030373831775700934
0 0.2046875 0.6098130841121495 0.01875 0.037383177570093455
0 0.253125 0.6238317757009346 0.01875 0.03271028037383177
0 0.2796875 0.6448598130841121 0.01875 0.03271028037383177
0 0.3046875 0.6191588785046729 0.01875 0.037383177570093455
0 0.41875 0.610981308411215 0.015625 0.030373831775700934
0 0.575 0.6320093457943925 0.015625 0.030373831775700934
0 0.640625 0.6320093457943925 0.01875 0.030373831775700934
0 0.67421875 0.6308411214953271 0.0171875 0.03271028037383177
0 0.7046875 0.6156542056074766 0.01875 0.030373831775700934
0 0.725 0.6378504672897196 0.015625 0.028037383177570093
0 0.7984375 0.633177570093458 0.01875 0.028037383177570093
0 0.85078125 0.6413551401869159 0.0203125 0.0397196261682243
0 0.9015625 0.6518691588785047 0.01875 0.037383177570093455
0 0.99609375 0.6016355140186916 0.0203125 0.0397196261682243
0 0.89765625 0.6179906542056075 0.0171875 0.030373831775700934
0 0.09609375 0.37149532710280375 0.0109375 0.018691588785046728
0 0.0703125 0.3703271028037383 0.0125 0.02102803738317757
0 0.028125 0.3633177570093458 0.009375 0.016355140186915886
