0 0.18269230769230768 0.5711340206185567 0.03307692307692308 0.04536082474226804
0 0.2469230769230769 0.588659793814433 0.03076923076923077 0.041237113402061855
0 0.24384615384615385 0.5556701030927835 0.03538461538461538 0.041237113402061855
0 0.49153846153846154 0.5690721649484536 0.03076923076923077 0.04329896907216495
0 0.47846153846153844 0.534020618556701 0.038461538461538464 0.05360824742268041
0 0.4403846153846154 0.42938144329896905 0.014615384615384615 0.021649484536082474
0 0.6407692307692308 0.5628865979381443 0.026153846153846153 0.04536082474226804
0 0.6861538461538461 0.5737113402061855 0.024615384615384615 0.03608247422680412
0 0.7384615384615385 0.5582474226804124 0.02923076923076923 0.042268041237113405
0 0.8107692307692308 0.5670103092783505 0.024615384615384615 0.03505154639175258
