0 0.9008333333333334 0.6548022598870057 0.013333333333333334 0.023728813559322035
0 0.84875 0.6536723163841808 0.014166666666666666 0.02598870056497175
0 0.8129166666666666 0.6711864406779661 0.0075 0.011299435028248588
0 0.7904166666666667 0.6610169491525424 0.009166666666666667 0.011299435028248588
0 0.7525 0.6672316384180791 0.006666666666666667 0.010169491525423728
0 0.8270833333333333 0.668361581920904 0.004166666666666667 0.005649717514124294
0 0.37083333333333335 0.6757062146892655 0.008333333333333333 0.013559322033898305
0 0.38458333333333333 0.6785310734463277 0.0075 0.010169491525423728
0 0.3575 0.6785310734463277 0.006666666666666667 0.010169491525423728
0 0.34 0.6774011299435029 0.013333333333333334 0.0192090395480226
0 0.31958333333333333 0.668361581920904 0.015833333333333335 0.023728813559322035
0 0.2525 0.6745762711864407 0.013333333333333334 0.020338983050847456
0 0.25916666666666666 0.6666666666666666 0.013333333333333334 0.022598870056497175
0 0.21541666666666667 0.6638418079096046 0.014166666666666666 0.0192090395480226
0 0.18041666666666667 0.6644067796610169 0.015833333333333335 0.020338983050847456
0 0.14375 0.6700564971751413 0.009166666666666667 0.015819209039548022
0 0.12208333333333334 0.6706214689265537 0.009166666666666667 0.014689265536723164
0 0.09333333333333334 0.6649717514124294 0.008333333333333333 0.012429378531073447
0 0.07833333333333334 0.6740112994350282 0.006666666666666667 0.010169491525423728
0 0.05125 0.6734463276836158 0.009166666666666667 0.013559322033898305
0 0.0275 0.6689265536723163 0.01 0.015819209039548022
0 0.035416666666666666 0.6644067796610169 0.009166666666666667 0.013559322033898305
0 0.19666666666666666 0.6734463276836158 0.01 0.013559322033898305
0 0.23458333333333334 0.6802259887005649 0.0125 0.020338983050847456
0 0.29583333333333334 0.6638418079096046 0.006666666666666667 0.007909604519774011
0 0.28 0.6887005649717514 0.016666666666666666 0.06440677966101695
0 0.16333333333333333 0.6740112994350282 0.008333333333333333 0.014689265536723164
0 0.19166666666666668 0.676271186440678 0.005 0.007909604519774011
