0 0.484375 0.8 0.01875 0.03333333333333333
0 0.405625 0.8258333333333333 0.02125 0.03166666666666667
0 0.81375 0.7825 0.0075 0.011666666666666667
0 0.84 0.7858333333333334 0.0075 0.011666666666666667
0 0.303125 0.7708333333333334 0.00625 0.008333333333333333
0 0.19375 0.7625 0.0075 0.011666666666666667
0 0.17625 0.7516666666666667 0.005 0.006666666666666667
0 0.1575 0.7558333333333334 0.005 0.005
0 0.11125 0.795 0.005 0.006666666666666667
0 0.1 0.7975 0.005 0.008333333333333333
0 0.08875 0.7933333333333333 0.005 0.006666666666666667
0 0.04875 0.7733333333333333 0.0075 0.01
0 0.026875 0.79 0.00625 0.01
0 0.03125 0.7708333333333334 0.0075 0.011666666666666667
0 0.0175 0.7683333333333333 0.0075 0.01
