0 0.7433810763888888 0.4168113425925926 0.03493923611111111 0.05063657407407408
0 0.6703559027777778 0.42201967592592593 0.022135416666666668 0.033275462962962965
0 0.5958116319444444 0.41203703703703703 0.018446180555555556 0.03125
0 0.634765625 0.328125 0.0390625 0.06481481481481481
0 0.4586588541666667 0.42780671296296297 0.018880208333333332 0.03153935185185185
0 0.4044053819444444 0.41377314814814814 0.017144097222222224 0.027199074074074073
0 0.3314887152777778 0.4241898148148148 0.018880208333333332 0.030671296296296297
0 0.2977430555555556 0.4124710648148148 0.022569444444444444 0.035590277777777776
0 0.2743055555555556 0.42259837962962965 0.023871527777777776 0.04195601851851852
0 0.5504557291666666 0.4330150462962963 0.020182291666666668 0.02980324074074074
0 0.5602213541666666 0.44039351851851855 0.014973958333333334 0.028935185185185185
0 0.6166449652777778 0.4474826388888889 0.014973958333333334 0.025752314814814815
0 0.014539930555555556 0.4891493055555556 0.04600694444444445 0.08015046296296297
