0 0.031609195402298854 0.4528776978417266 0.04252873563218391 0.03669064748201439
0 0.12758620689655173 0.4723021582733813 0.06436781609195402 0.04820143884892086
0 0.2103448275862069 0.4679856115107914 0.052873563218390804 0.039568345323741004
0 0.27413793103448275 0.4654676258992806 0.01264367816091954 0.008633093525179856
0 0.4132183908045977 0.4827338129496403 0.05172413793103448 0.03741007194244604
0 0.44022988505747124 0.6014388489208633 0.2 0.28489208633093527
0 0.38333333333333336 0.4719424460431655 0.021839080459770115 0.01870503597122302
0 0.5310344827586206 0.47338129496402875 0.016091954022988506 0.010071942446043165
0 0.5649425287356322 0.47302158273381295 0.01954022988505747 0.01223021582733813
0 0.6155172413793103 0.4719424460431655 0.014942528735632184 0.010071942446043165
0 0.6454022988505748 0.4741007194244604 0.01954022988505747 0.011510791366906475
0 0.6649425287356322 0.4712230215827338 0.01954022988505747 0.011510791366906475
0 0.7114942528735633 0.46510791366906473 0.022988505747126436 0.016546762589928057
0 0.7885057471264367 0.4697841726618705 0.013793103448275862 0.010071942446043165
0 0.8310344827586207 0.48201438848920863 0.013793103448275862 0.010071942446043165
0 0.8896551724137931 0.4712230215827338 0.013793103448275862 0.011510791366906475
0 0.9172413793103448 0.481294964028777 0.011494252873563218 0.007194244604316547
0 0.5172413793103449 0.47266187050359715 0.009195402298850575 0.007194244604316547
0 0.878735632183908 0.48093525179856117 0.014942528735632184 0.01079136690647482
0 0.656896551724138 0.46366906474820146 0.014942528735632184 0.00935251798561151
0 0.6925287356321839 0.4701438848920863 0.014942528735632184 0.01079136690647482
