0 0.9725 0.16928251121076232 0.008333333333333333 0.011210762331838564
0 0.9725 0.32286995515695066 0.015 0.02242152466367713
0 0.8958333333333334 0.30829596412556054 0.015 0.02466367713004484
0 0.8466666666666667 0.2914798206278027 0.023333333333333334 0.03139013452914798
0 0.6825 0.15807174887892378 0.065 0.11434977578475336
0 0.55 0.2825112107623318 0.023333333333333334 0.03587443946188341
0 0.475 0.36210762331838564 0.03333333333333333 0.1860986547085202
0 0.41833333333333333 0.29035874439461884 0.023333333333333334 0.03811659192825112
0 0.3933333333333333 0.30269058295964124 0.013333333333333334 0.02242152466367713
0 0.3475 0.2914798206278027 0.018333333333333333 0.026905829596412557
0 0.30833333333333335 0.1726457399103139 0.013333333333333334 0.02242152466367713
0 0.2991666666666667 0.297085201793722 0.025 0.03811659192825112
0 0.22083333333333333 0.29260089686098656 0.015 0.020179372197309416
0 0.23583333333333334 0.30829596412556054 0.021666666666666667 0.033632286995515695
0 0.1575 0.25112107623318386 0.051666666666666666 0.08071748878923767
0 0.05333333333333334 0.32286995515695066 0.016666666666666666 0.026905829596412557
0 0.06583333333333333 0.30829596412556054 0.021666666666666667 0.033632286995515695
0 0.08833333333333333 0.32286995515695066 0.016666666666666666 0.02242152466367713
