0 0.20584239130434784 0.3759057971014493 0.06929347826086957 0.10326086956521739
0 0.34171195652173914 0.3894927536231884 0.06385869565217392 0.10144927536231885
0 0.46195652173913043 0.4148550724637681 0.05434782608695652 0.09420289855072464
0 0.5475543478260869 0.39221014492753625 0.057065217391304345 0.09601449275362318
0 0.6202445652173914 0.391304347826087 0.058423913043478264 0.11231884057971014
0 0.6997282608695652 0.4302536231884058 0.06521739130434782 0.10326086956521739
0 0.7737771739130435 0.3867753623188406 0.06385869565217392 0.11413043478260869
0 0.15013586956521738 0.3342391304347826 0.06385869565217392 0.10326086956521739
0 0.281929347826087 0.35507246376811596 0.058423913043478264 0.08333333333333333
0 0.3804347826086957 0.34148550724637683 0.04891304347826087 0.09239130434782608
0 0.48165760869565216 0.3351449275362319 0.050271739130434784 0.08333333333333333
0 0.5760869565217391 0.286231884057971 0.051630434782608696 0.09420289855072464
0 0.9069293478260869 0.3677536231884058 0.06385869565217392 0.09782608695652174
0 0.8566576086956522 0.30978260869565216 0.050271739130434784 0.07971014492753623
0 0.7302989130434783 0.34782608695652173 0.058423913043478264 0.09420289855072464
0 0.1875 0.2608695652173913 0.051630434782608696 0.07608695652173914
0 0.23029891304347827 0.286231884057971 0.05570652173913043 0.08695652173913043
0 0.27785326086956524 0.2753623188405797 0.04483695652173913 0.07246376811594203
0 0.23369565217391305 0.20018115942028986 0.03804347826086957 0.05615942028985507
0 0.32608695652173914 0.2817028985507246 0.04619565217391304 0.08152173913043478
0 0.38383152173913043 0.2572463768115942 0.04755434782608696 0.06521739130434782
0 0.31997282608695654 0.20108695652173914 0.03940217391304348 0.057971014492753624
0 0.40217391304347827 0.20199275362318841 0.04076086956521739 0.059782608695652176
0 0.4626358695652174 0.22282608695652173 0.04483695652173913 0.07246376811594203
0 0.5108695652173914 0.19746376811594202 0.043478260869565216 0.06159420289855073
0 0.5360054347826086 0.2418478260869565 0.033967391304347824 0.06702898550724638
0 0.6243206521739131 0.22916666666666666 0.042119565217391304 0.059782608695652176
0 0.7289402173913043 0.2418478260869565 0.042119565217391304 0.06702898550724638
0 0.8444293478260869 0.22916666666666666 0.04755434782608696 0.07427536231884058
0 0.6324728260869565 0.32608695652173914 0.04755434782608696 0.07971014492753623
0 0.6759510869565217 0.3188405797101449 0.050271739130434784 0.08695652173913043
0 0.3498641304347826 0.23550724637681159 0.04483695652173913 0.057971014492753624
0 0.7853260869565217 0.2128623188405797 0.04076086956521739 0.06340579710144928
0 0.6800271739130435 0.22192028985507245 0.042119565217391304 0.06340579710144928
0 0.7989130434782609 0.26358695652173914 0.04619565217391304 0.07789855072463768
0 0.452445652173913 0.2980072463768116 0.043478260869565216 0.07789855072463768
