0 0.03791666666666667 0.6528117359413202 0.005833333333333334 0.009779951100244499
0 0.042083333333333334 0.6570904645476773 0.005833333333333334 0.008557457212713936
0 0.06833333333333333 0.6528117359413202 0.006666666666666667 0.009779951100244499
0 0.06333333333333334 0.6729828850855746 0.008333333333333333 0.013447432762836185
0 0.08958333333333333 0.6155256723716381 0.005833333333333334 0.008557457212713936
0 0.11708333333333333 0.632640586797066 0.005833333333333334 0.008557457212713936
0 0.12875 0.6198044009779952 0.005833333333333334 0.009779951100244499
0 0.13125 0.632640586797066 0.005833333333333334 0.008557457212713936
0 0.135 0.6424205378973105 0.006666666666666667 0.008557457212713936
0 0.14625 0.7603911980440098 0.010833333333333334 0.019559902200488997
0 0.15583333333333332 0.6069682151589242 0.005 0.008557457212713936
0 0.14541666666666667 0.6228606356968215 0.005833333333333334 0.008557457212713936
0 0.15708333333333332 0.6393643031784841 0.0075 0.009779951100244499
0 0.17208333333333334 0.6625916870415648 0.005833333333333334 0.009779951100244499
0 0.18875 0.6558679706601467 0.005833333333333334 0.008557457212713936
0 0.20708333333333334 0.6687041564792175 0.0075 0.009779951100244499
0 0.21791666666666668 0.671760391198044 0.005833333333333334 0.008557457212713936
0 0.22833333333333333 0.6986552567237164 0.006666666666666667 0.011002444987775062
0 0.22875 0.7139364303178484 0.009166666666666667 0.012224938875305624
0 0.22666666666666666 0.7885085574572127 0.01 0.017114914425427872
0 0.19375 0.9052567237163814 0.0125 0.02078239608801956
0 0.23125 0.6112469437652812 0.005833333333333334 0.009779951100244499
0 0.23791666666666667 0.6277506112469438 0.005833333333333334 0.008557457212713936
0 0.25083333333333335 0.6161369193154034 0.006666666666666667 0.009779951100244499
0 0.25333333333333335 0.5696821515892421 0.005 0.007334963325183374
0 0.26416666666666666 0.593520782396088 0.0033333333333333335 0.006112469437652812
0 0.2783333333333333 0.5898533007334963 0.0033333333333333335 0.006112469437652812
0 0.28375 0.5947432762836186 0.004166666666666667 0.006112469437652812
0 0.2995833333333333 0.5965770171149144 0.004166666666666667 0.007334963325183374
0 0.30791666666666667 0.5965770171149144 0.004166666666666667 0.007334963325183374
0 0.30875 0.6069682151589242 0.004166666666666667 0.006112469437652812
0 0.31958333333333333 0.5941320293398533 0.004166666666666667 0.007334963325183374
0 0.32416666666666666 0.5660146699266504 0.005 0.007334963325183374
0 0.34875 0.5623471882640587 0.0025 0.004889975550122249
0 0.36125 0.5531784841075794 0.004166666666666667 0.006112469437652812
0 0.36541666666666667 0.5678484107579462 0.004166666666666667 0.006112469437652812
0 0.375 0.5476772616136919 0.0033333333333333335 0.004889975550122249
0 0.37916666666666665 0.5470660146699267 0.0033333333333333335 0.006112469437652812
0 0.3745833333333333 0.5605134474327629 0.004166666666666667 0.006112469437652812
0 0.3095833333333333 0.6265281173594132 0.005833333333333334 0.008557457212713936
0 0.35125 0.6259168704156479 0.005833333333333334 0.009779951100244499
0 0.2658333333333333 0.6900977995110025 0.006666666666666667 0.013447432762836185
0 0.27458333333333335 0.7133251833740831 0.009166666666666667 0.013447432762836185
0 0.26458333333333334 0.726161369193154 0.0075 0.012224938875305624
0 0.24541666666666667 0.7383863080684596 0.009166666666666667 0.014669926650366748
0 0.35333333333333333 0.8227383863080685 0.008333333333333333 0.017114914425427872
0 0.32958333333333334 0.8037897310513448 0.010833333333333334 0.018337408312958436
0 0.34041666666666665 0.7555012224938875 0.0075 0.014669926650366748
0 0.30291666666666667 0.7952322738386308 0.0075 0.011002444987775062
0 0.29541666666666666 0.7524449877750611 0.009166666666666667 0.01589242053789731
0 0.31 0.6919315403422983 0.006666666666666667 0.012224938875305624
0 0.2995833333333333 0.6992665036674817 0.005833333333333334 0.009779951100244499
0 0.29833333333333334 0.7114914425427873 0.006666666666666667 0.012224938875305624
0 0.325 0.6674816625916871 0.006666666666666667 0.012224938875305624
0 0.33666666666666667 0.6833740831295844 0.006666666666666667 0.009779951100244499
0 0.345 0.6992665036674817 0.006666666666666667 0.012224938875305624
0 0.3625 0.7041564792176039 0.006666666666666667 0.012224938875305624
0 0.36875 0.6839853300733496 0.0075 0.011002444987775062
0 0.38166666666666665 0.6748166259168704 0.006666666666666667 0.012224938875305624
0 0.3775 0.5965770171149144 0.005 0.007334963325183374
0 0.36833333333333335 0.6143031784841075 0.005 0.006112469437652812
0 0.38375 0.6136919315403423 0.005833333333333334 0.009779951100244499
0 0.3983333333333333 0.6057457212713936 0.005 0.008557457212713936
0 0.40875 0.5916870415647921 0.004166666666666667 0.007334963325183374
0 0.41791666666666666 0.5996332518337408 0.005833333333333334 0.008557457212713936
0 0.43083333333333335 0.5886308068459658 0.005 0.008557457212713936
0 0.44125 0.6075794621026895 0.004166666666666667 0.004889975550122249
0 0.45166666666666666 0.5819070904645477 0.005 0.007334963325183374
0 0.46958333333333335 0.6069682151589242 0.005833333333333334 0.008557457212713936
0 0.47833333333333333 0.6210268948655256 0.005 0.007334963325183374
0 0.48083333333333333 0.6204156479217604 0.005 0.008557457212713936
0 0.4816666666666667 0.6399755501222494 0.005 0.008557457212713936
0 0.49541666666666667 0.6295843520782396 0.005833333333333334 0.009779951100244499
0 0.50125 0.6234718826405868 0.004166666666666667 0.007334963325183374
0 0.5079166666666667 0.6143031784841075 0.005833333333333334 0.008557457212713936
0 0.49875 0.578239608801956 0.0025 0.004889975550122249
0 0.5133333333333333 0.5837408312958435 0.0033333333333333335 0.006112469437652812
0 0.5291666666666667 0.5776283618581907 0.0033333333333333335 0.006112469437652812
0 0.525 0.6509779951100244 0.005 0.008557457212713936
0 0.54875 0.6289731051344744 0.005833333333333334 0.008557457212713936
0 0.55125 0.6075794621026895 0.004166666666666667 0.007334963325183374
0 0.5508333333333333 0.5861858190709046 0.0033333333333333335 0.006112469437652812
0 0.56 0.58679706601467 0.0033333333333333335 0.007334963325183374
0 0.5683333333333334 0.5965770171149144 0.005 0.007334963325183374
0 0.5779166666666666 0.6033007334963325 0.005833333333333334 0.008557457212713936
0 0.5845833333333333 0.5971882640586798 0.004166666666666667 0.006112469437652812
0 0.5983333333333334 0.6020782396088019 0.0033333333333333335 0.006112469437652812
0 0.605 0.6020782396088019 0.005 0.008557457212713936
0 0.6220833333333333 0.6002444987775061 0.005833333333333334 0.007334963325183374
0 0.6216666666666667 0.6081907090464548 0.005 0.008557457212713936
0 0.6325 0.6045232273838631 0.005 0.008557457212713936
0 0.65 0.6008557457212714 0.005 0.008557457212713936
0 0.6604166666666667 0.6136919315403423 0.005833333333333334 0.009779951100244499
0 0.6625 0.6350855745721271 0.006666666666666667 0.011002444987775062
0 0.69125 0.6033007334963325 0.004166666666666667 0.008557457212713936
0 0.6991666666666667 0.597799511002445 0.005 0.007334963325183374
0 0.7183333333333334 0.6020782396088019 0.005 0.008557457212713936
0 0.7308333333333333 0.5984107579462102 0.005 0.008557457212713936
0 0.7245833333333334 0.6179706601466992 0.005833333333333334 0.008557457212713936
0 0.7554166666666666 0.6033007334963325 0.005833333333333334 0.008557457212713936
0 0.7679166666666667 0.6069682151589242 0.005833333333333334 0.008557457212713936
0 0.74625 0.6534229828850856 0.0075 0.011002444987775062
0 0.7620833333333333 0.6662591687041565 0.009166666666666667 0.012224938875305624
0 0.76625 0.6363080684596577 0.005833333333333334 0.008557457212713936
0 0.7729166666666667 0.6466992665036675 0.0075 0.009779951100244499
0 0.7825 0.6393643031784841 0.006666666666666667 0.009779951100244499
0 0.78 0.6198044009779952 0.006666666666666667 0.009779951100244499
0 0.82 0.593520782396088 0.006666666666666667 0.008557457212713936
0 0.8141666666666667 0.6332518337408313 0.005 0.007334963325183374
0 0.8058333333333333 0.6051344743276283 0.006666666666666667 0.009779951100244499
0 0.8016666666666666 0.6106356968215159 0.006666666666666667 0.008557457212713936
0 0.8008333333333333 0.6375305623471883 0.006666666666666667 0.008557457212713936
0 0.81375 0.636919315403423 0.005833333333333334 0.009779951100244499
0 0.805 0.6515892420537898 0.008333333333333333 0.009779951100244499
0 0.8466666666666667 0.6198044009779952 0.006666666666666667 0.009779951100244499
0 0.86125 0.6014669926650367 0.005833333333333334 0.009779951100244499
0 0.8766666666666667 0.6081907090464548 0.005 0.008557457212713936
0 0.8795833333333334 0.6265281173594132 0.005833333333333334 0.008557457212713936
0 0.8625 0.6515892420537898 0.008333333333333333 0.009779951100244499
0 0.8858333333333334 0.6473105134474327 0.006666666666666667 0.008557457212713936
0 0.89 0.6479217603911981 0.006666666666666667 0.009779951100244499
0 0.8520833333333333 0.6943765281173594 0.0075 0.012224938875305624
0 0.78625 0.7328850855745721 0.0075 0.011002444987775062
0 0.7958333333333333 0.7078239608801956 0.01 0.012224938875305624
0 0.8095833333333333 0.7206601466992665 0.009166666666666667 0.013447432762836185
0 0.91 0.6680929095354523 0.006666666666666667 0.011002444987775062
0 0.91875 0.6515892420537898 0.0075 0.012224938875305624
0 0.9308333333333333 0.6479217603911981 0.006666666666666667 0.009779951100244499
0 0.9395833333333333 0.652200488997555 0.0075 0.011002444987775062
0 0.8966666666666666 0.5495110024449877 0.0033333333333333335 0.006112469437652812
0 0.9029166666666667 0.5470660146699267 0.004166666666666667 0.006112469437652812
0 0.9179166666666667 0.5531784841075794 0.004166666666666667 0.006112469437652812
0 0.9254166666666667 0.5507334963325183 0.004166666666666667 0.006112469437652812
0 0.93875 0.5660146699266504 0.005833333333333334 0.007334963325183374
0 0.9925 0.6888753056234719 0.008333333333333333 0.011002444987775062
0 0.37041666666666667 0.9584352078239609 0.015833333333333335 0.02444987775061125
0 0.4066666666666667 0.9205378973105135 0.011666666666666667 0.02689486552567237
0 0.42375 0.8948655256723717 0.010833333333333334 0.02444987775061125
0 0.5125 0.96760391198044 0.013333333333333334 0.028117359413202935
0 0.5333333333333333 0.8844743276283619 0.011666666666666667 0.02078239608801956
0 0.5579166666666666 0.8771393643031785 0.0125 0.023227383863080684
0 0.43041666666666667 0.8209046454767727 0.010833333333333334 0.018337408312958436
0 0.44583333333333336 0.8105134474327629 0.008333333333333333 0.019559902200488997
0 0.4625 0.8160146699266504 0.01 0.02078239608801956
0 0.48291666666666666 0.8196821515892421 0.0125 0.02078239608801956
0 0.61375 0.6986552567237164 0.009166666666666667 0.013447432762836185
0 0.5879166666666666 0.7127139364303179 0.009166666666666667 0.014669926650366748
0 0.5704166666666667 0.7518337408312958 0.009166666666666667 0.017114914425427872
0 0.5775 0.7744498777506112 0.008333333333333333 0.01589242053789731
0 0.51875 0.7487775061124694 0.009166666666666667 0.01589242053789731
0 0.5620833333333334 0.6375305623471883 0.005833333333333334 0.008557457212713936
0 0.5825 0.6405867970660146 0.005 0.009779951100244499
0 0.56875 0.6491442542787286 0.005833333333333334 0.009779951100244499
0 0.5795833333333333 0.6528117359413202 0.005833333333333334 0.009779951100244499
0 0.5641666666666667 0.6687041564792175 0.005 0.007334963325183374
0 0.5754166666666667 0.6191931540342298 0.005833333333333334 0.008557457212713936
0 0.5470833333333334 0.687041564792176 0.0075 0.009779951100244499
0 0.55125 0.69559902200489 0.0075 0.012224938875305624
0 0.4058333333333333 0.6356968215158925 0.005 0.009779951100244499
0 0.395 0.660757946210269 0.006666666666666667 0.011002444987775062
0 0.4925 0.6711491442542787 0.005 0.009779951100244499
0 0.4979166666666667 0.7273838630806846 0.009166666666666667 0.012224938875305624
0 0.4725 0.7316625916870416 0.006666666666666667 0.01589242053789731
0 0.47583333333333333 0.7041564792176039 0.008333333333333333 0.014669926650366748
0 0.44916666666666666 0.6992665036674817 0.006666666666666667 0.012224938875305624
0 0.4325 0.7224938875305623 0.008333333333333333 0.014669926650366748
0 0.41583333333333333 0.7078239608801956 0.006666666666666667 0.009779951100244499
0 0.3983333333333333 0.7188264058679706 0.006666666666666667 0.009779951100244499
0 0.40208333333333335 0.7365525672371638 0.0075 0.011002444987775062
0 0.38708333333333333 0.7359413202933985 0.0075 0.012224938875305624
