0 0.015625 0.24083333333333334 0.05625 0.08833333333333333
0 0.064375 0.24 0.02875 0.03666666666666667
0 0.118125 0.2475 0.06625 0.085
0 0.169375 0.20666666666666667 0.04625 0.06666666666666667
0 0.24875 0.22916666666666666 0.0175 0.028333333333333332
0 0.27 0.235 0.025 0.03666666666666667
0 0.348125 0.24583333333333332 0.03375 0.058333333333333334
0 0.335625 0.21916666666666668 0.02375 0.03833333333333333
0 0.37 0.20333333333333334 0.03 0.04666666666666667
0 0.403125 0.17666666666666667 0.04375 0.06333333333333334
0 0.4325 0.20666666666666667 0.02 0.03
0 0.483125 0.22166666666666668 0.02375 0.03333333333333333
0 0.5275 0.15166666666666667 0.0125 0.016666666666666666
0 0.55875 0.12166666666666667 0.0125 0.02
0 0.57125 0.12833333333333333 0.0075 0.01
0 0.5775 0.11333333333333333 0.01 0.016666666666666666
0 0.586875 0.22666666666666666 0.03125 0.043333333333333335
0 0.553125 0.31666666666666665 0.06625 0.11666666666666667
0 0.625 0.21333333333333335 0.025 0.04
0 0.63875 0.17 0.015 0.02
0 0.6525 0.1875 0.0225 0.08166666666666667
0 0.664375 0.1925 0.04125 0.07166666666666667
0 0.699375 0.20416666666666666 0.03375 0.051666666666666666
0 0.708125 0.19416666666666665 0.02875 0.04833333333333333
0 0.694375 0.16666666666666666 0.01875 0.023333333333333334
0 0.723125 0.165 0.01625 0.023333333333333334
0 0.76875 0.195 0.035 0.05333333333333334
0 0.805625 0.1775 0.01875 0.025
0 0.79 0.16916666666666666 0.0175 0.028333333333333332
0 0.78875 0.1375 0.015 0.025
0 0.838125 0.1375 0.01375 0.025
0 0.875 0.14416666666666667 0.02 0.028333333333333332
0 0.925625 0.1525 0.01375 0.018333333333333333
0 0.939375 0.12583333333333332 0.01625 0.028333333333333332
0 0.860625 0.13 0.04875 0.08
0 0.948125 0.19916666666666666 0.05625 0.09166666666666666
0 0.9725 0.15333333333333332 0.075 0.12
