0 0.36583333333333334 0.44625 0.035 0.0575
0 0.4241666666666667 0.4375 0.011666666666666667 0.02
0 0.4575 0.43625 0.015 0.0275
0 0.57 0.4625 0.043333333333333335 0.08
0 0.5375 0.5125 0.04833333333333333 0.1
0 0.4891666666666667 0.52 0.041666666666666664 0.085
0 0.45 0.52125 0.03666666666666667 0.0525
0 0.46166666666666667 0.55375 0.04 0.0775
0 0.5383333333333333 0.59375 0.06 0.0975
0 0.5341666666666667 0.62625 0.058333333333333334 0.1225
0 0.6366666666666667 0.69125 0.06 0.1375
0 0.69 0.63125 0.10666666666666667 0.1775
0 0.7658333333333334 0.80875 0.145 0.2175
0 0.3491666666666667 0.52125 0.035 0.0725
0 0.21333333333333335 0.46125 0.03333333333333333 0.0525
0 0.24166666666666667 0.4875 0.04 0.07
0 0.29583333333333334 0.53875 0.03166666666666667 0.0725
0 0.3858333333333333 0.57375 0.075 0.1275
0 0.38666666666666666 0.6575 0.11 0.17
0 0.4225 0.72375 0.12166666666666667 0.2225
0 0.2775 0.53875 0.06833333333333333 0.1125
