0 -0.009971509971509971 0.4488272921108742 0.019943019943019943 0.031982942430703626
0 0.0292022792022792 0.5906183368869936 0.021367521367521368 0.042643923240938165
0 0.08262108262108261 0.5948827292110874 0.019943019943019943 0.03837953091684435
0 0.146011396011396 0.582089552238806 0.018518518518518517 0.03837953091684435
0 0.18732193732193733 0.579957356076759 0.024216524216524215 0.03837953091684435
0 0.22863247863247863 0.570362473347548 0.021367521367521368 0.031982942430703626
0 0.26638176638176636 0.5970149253731343 0.019943019943019943 0.03411513859275053
0 0.16381766381766383 0.4509594882729211 0.019943019943019943 0.031982942430703626
0 0.29914529914529914 0.4466950959488273 0.017094017094017096 0.03624733475479744
0 0.33547008547008544 0.4680170575692964 0.018518518518518517 0.031982942430703626
0 0.3668091168091168 0.4573560767590618 0.018518518518518517 0.03624733475479744
0 0.42236467236467234 0.4616204690831556 0.018518518518518517 0.031982942430703626
0 0.46652421652421655 0.4626865671641791 0.01566951566951567 0.029850746268656716
0 0.495014245014245 0.4584221748400853 0.018518518518518517 0.03411513859275053
0 0.5206552706552706 0.4722814498933902 0.01566951566951567 0.031982942430703626
0 0.5370370370370371 0.4744136460554371 0.014245014245014245 0.031982942430703626
0 0.5512820512820513 0.4669509594882729 0.017094017094017096 0.03411513859275053
0 0.6018518518518519 0.5607675906183369 0.01566951566951567 0.029850746268656716
0 0.6232193732193733 0.582089552238806 0.01566951566951567 0.029850746268656716
0 0.4423076923076923 0.4616204690831556 0.01566951566951567 0.02771855010660981
0 0.44017094017094016 0.44562899786780386 0.019943019943019943 0.029850746268656716
