0 0.9839130434782609 0.4400921658986175 0.02 0.059907834101382486
0 0.971304347826087 0.5368663594470046 0.020869565217391306 0.055299539170506916
0 0.93 0.554147465437788 0.018260869565217393 0.0576036866359447
0 0.9073913043478261 0.5288018433179723 0.023478260869565216 0.06221198156682028
0 0.8582608695652174 0.4988479262672811 0.022608695652173914 0.06682027649769585
0 0.8126086956521739 0.532258064516129 0.021739130434782608 0.055299539170506916
0 0.7621739130434783 0.5230414746543779 0.023478260869565216 0.059907834101382486
0 0.6582608695652173 0.4792626728110599 0.019130434782608695 0.059907834101382486
0 0.6773913043478261 0.5253456221198156 0.019130434782608695 0.06451612903225806
0 0.6443478260869565 0.5069124423963134 0.022608695652173914 0.059907834101382486
0 0.5591304347826087 0.4861751152073733 0.02434782608695652 0.06451612903225806
0 0.5552173913043478 0.5345622119815668 0.01652173913043478 0.055299539170506916
0 0.5069565217391304 0.478110599078341 0.022608695652173914 0.06221198156682028
0 0.44869565217391305 0.5092165898617511 0.02608695652173913 0.06451612903225806
0 0.4482608695652174 0.5230414746543779 0.018260869565217393 0.05069124423963134
0 0.34956521739130436 0.511520737327189 0.019130434782608695 0.06451612903225806
0 0.3591304347826087 0.4988479262672811 0.019130434782608695 0.06221198156682028
0 0.3247826086956522 0.5011520737327189 0.018260869565217393 0.06221198156682028
