0 0.2140625 0.42127460168697284 0.049375 0.08903467666354264
0 0.269375 0.43064667291471415 0.0425 0.07778819119025304
0 0.0259375 0.4339268978444236 0.014375 0.022492970946579195
0 0.0425 0.4147141518275539 0.0125 0.02155576382380506
0 0.009375 0.394095595126523 0.01125 0.019681349578256794
0 0.056875 0.39737582005623245 0.01 0.01874414245548266
0 0.0696875 0.40159325210871605 0.009375 0.015932521087160263
0 0.0734375 0.43252108716026244 0.014375 0.02155576382380506
0 0.0996875 0.4095595126522962 0.010625 0.020618556701030927
0 0.1171875 0.40159325210871605 0.013125 0.02155576382380506
0 0.130625 0.3992502343017807 0.01 0.016869728209934397
0 0.1665625 0.42642924086223055 0.014375 0.028116213683223992
0 0.2340625 0.40581068416119964 0.014375 0.026241799437675725
0 0.295625 0.4076850984067479 0.0075 0.013120899718837863
0 0.31625 0.41237113402061853 0.01 0.01874414245548266
0 0.33875 0.41096532333645736 0.00625 0.010309278350515464
0 0.351875 0.4095595126522962 0.00625 0.00937207122774133
0 0.3759375 0.4119025304592315 0.005625 0.008434864104967198
0 0.390625 0.4147141518275539 0.00625 0.010309278350515464
0 0.3953125 0.4119025304592315 0.006875 0.008434864104967198
0 0.435 0.41377694470477977 0.0175 0.029053420805998126
0 0.465 0.41424554826616683 0.0075 0.011246485473289597
0 0.48 0.4076850984067479 0.0075 0.011246485473289597
0 0.52125 0.4240862230552952 0.00375 0.006560449859418931
0 0.54375 0.41002811621368324 0.0075 0.010309278350515464
0 0.5571875 0.41518275538894095 0.003125 0.005623242736644799
0 0.5846875 0.422680412371134 0.004375 0.00937207122774133
0 0.6209375 0.4231490159325211 0.006875 0.010309278350515464
0 0.65125 0.42642924086223055 0.0075 0.011246485473289597
0 0.7346875 0.41940018744142454 0.005625 0.008434864104967198
0 0.7675 0.42549203373945643 0.015 0.028116213683223992
0 0.785625 0.41377694470477977 0.0075 0.01218369259606373
0 0.81875 0.41611996251171507 0.00875 0.013120899718837863
0 0.8621875 0.41658856607310213 0.006875 0.01218369259606373
0 0.8728125 0.4189315838800375 0.009375 0.01499531396438613
0 0.8771875 0.415651358950328 0.008125 0.014058106841611996
0 0.885625 0.41518275538894095 0.005 0.007497656982193065
0 0.870625 0.4320524835988753 0.0075 0.013120899718837863
0 0.905625 0.40674789128397376 0.00875 0.01499531396438613
0 0.899375 0.4240862230552952 0.01 0.014058106841611996
0 0.95375 0.4423617619493908 0.0175 0.02999062792877226
0 0.981875 0.45032802249297094 0.0125 0.029053420805998126
0 0.9653125 0.43345829428303656 0.008125 0.014058106841611996
