0 0.896484375 0.36530014641288433 0.07421875 0.14494875549048317
0 0.76513671875 0.3462664714494876 0.0712890625 0.1273792093704246
0 0.6337890625 0.36530014641288433 0.052734375 0.12152269399707175
0 0.59326171875 0.4216691068814056 0.0673828125 0.13177159590043924
0 0.5458984375 0.26061493411420206 0.0625 0.12005856515373353
0 0.3388671875 0.2679355783308931 0.064453125 0.10834553440702782
0 0.42041015625 0.3191800878477306 0.0771484375 0.13469985358711567
0 0.29150390625 0.3784773060029283 0.0634765625 0.11566617862371889
0 0.1220703125 0.39970717423133234 0.0625 0.11420204978038068
0 0.0810546875 0.4011713030746706 0.076171875 0.12884333821376281
