0 0.9391408114558473 0.6178266178266179 0.02784407319013524 0.06105006105006105
0 0.8810660302307081 0.6202686202686203 0.03261734287987271 0.06105006105006105
0 0.807478122513922 0.6202686202686203 0.031821797931583136 0.05616605616605617
0 0.7215592680986476 0.6098901098901099 0.035003977724741446 0.06715506715506715
0 0.6308671439936356 0.626984126984127 0.03341288782816229 0.06471306471306472
0 0.5560859188544153 0.6013431013431013 0.031821797931583136 0.057387057387057384
0 0.4880668257756563 0.6123321123321124 0.031026252983293555 0.06715506715506715
0 0.4156722354813047 0.6019536019536019 0.03261734287987271 0.06349206349206349
0 0.34765314240254575 0.5952380952380952 0.035003977724741446 0.06227106227106227
0 0.2828162291169451 0.5805860805860806 0.03420843277645187 0.07203907203907203
0 0.22712808273667462 0.5885225885225885 0.03261734287987271 0.06105006105006105
0 0.18615751789976134 0.5763125763125763 0.028639618138424822 0.06105006105006105
0 0.15672235481304694 0.57997557997558 0.03341288782816229 0.05372405372405373
0 0.1328560063643596 0.5757020757020757 0.02386634844868735 0.050061050061050064
0 0.07000795544948289 0.5818070818070818 0.027048528241845664 0.045177045177045176
0 0.06841686555290374 0.5811965811965812 0.028639618138424822 0.04884004884004884
