0 0.1609375 0.3927083333333333 0.0421875 0.06875
0 0.220703125 0.3880208333333333 0.03984375 0.065625
0 0.2421875 0.4036458333333333 0.040625 0.06979166666666667
0 0.3015625 0.36041666666666666 0.0375 0.0625
0 0.3234375 0.3921875 0.0390625 0.06979166666666667
0 0.419921875 0.35 0.04609375 0.07291666666666667
0 0.37578125 0.3489583333333333 0.040625 0.06666666666666667
0 0.498046875 0.3848958333333333 0.04140625 0.06145833333333333
0 0.554296875 0.3416666666666667 0.04296875 0.0625
0 0.5640625 0.384375 0.04375 0.06875
0 0.66796875 0.34427083333333336 0.05 0.06979166666666667
0 0.76015625 0.3484375 0.0421875 0.06145833333333333
0 0.762890625 0.3953125 0.04296875 0.06979166666666667
0 0.862109375 0.3734375 0.04609375 0.07604166666666666
