0 0.08842592592592592 0.33827160493827163 0.0412037037037037 0.05493827160493827
0 0.22789351851851852 0.3966049382716049 0.025231481481481483 0.043209876543209874
0 0.34699074074074077 0.4242283950617284 0.023148148148148147 0.035493827160493825
0 0.33252314814814815 0.4050925925925926 0.023842592592592592 0.0404320987654321
0 0.17604166666666668 0.4703703703703704 0.007175925925925926 0.011728395061728396
0 0.14641203703703703 0.4572530864197531 0.01087962962962963 0.014506172839506172
0 0.274537037037037 0.4725308641975309 0.005555555555555556 0.007407407407407408
0 0.394212962962963 0.4726851851851852 0.006481481481481481 0.007716049382716049
0 0.4082175925925926 0.47314814814814815 0.004398148148148148 0.006790123456790123
0 0.5081018518518519 0.48148148148148145 0.004166666666666667 0.006172839506172839
0 0.5314814814814814 0.4783950617283951 0.004166666666666667 0.005555555555555556
0 0.790625 0.46033950617283953 0.01412037037037037 0.024382716049382715
0 0.7472222222222222 0.47175925925925927 0.012037037037037037 0.016975308641975308
0 0.6844907407407408 0.47685185185185186 0.007407407407407408 0.011111111111111112
0 0.6699074074074074 0.4740740740740741 0.007407407407407408 0.011111111111111112
0 0.627199074074074 0.4703703703703704 0.007175925925925926 0.011728395061728396
0 0.6020833333333333 0.47237654320987654 0.008333333333333333 0.013271604938271606
0 0.586574074074074 0.4695987654320988 0.0060185185185185185 0.009567901234567902
0 0.6121527777777778 0.47685185185185186 0.003935185185185185 0.006790123456790123
