0 0.17714285714285713 0.4132762312633833 0.06857142857142857 0.12419700214132762
0 0.23714285714285716 0.4100642398286938 0.06 0.10920770877944326
0 0.2864285714285714 0.45074946466809424 0.06142857142857143 0.09635974304068523
0 0.40285714285714286 0.3533190578158458 0.06571428571428571 0.11134903640256959
0 0.41785714285714287 0.27301927194860814 0.05285714285714286 0.08779443254817987
0 0.46785714285714286 0.31156316916488225 0.06714285714285714 0.1006423982869379
0 0.5235714285714286 0.34475374732334046 0.07 0.11991434689507495
0 0.58 0.2644539614561028 0.06 0.10920770877944326
0 0.6578571428571428 0.21199143468950749 0.06142857142857143 0.10706638115631692
0 0.7571428571428571 0.09635974304068523 0.06857142857142857 0.11563169164882227
