0 0.005508474576271186 0.6254237288135593 0.007627118644067797 0.010169491525423728
0 0.00847457627118644 0.6322033898305085 0.00847457627118644 0.010169491525423728
0 0.034322033898305085 0.6361581920903955 0.007627118644067797 0.011299435028248588
0 0.09152542372881356 0.6322033898305085 0.00847457627118644 0.012429378531073447
0 0.1843220338983051 0.6361581920903955 0.007627118644067797 0.011299435028248588
0 0.22033898305084745 0.6045197740112994 0.01864406779661017 0.02711864406779661
0 0.2711864406779661 0.6299435028248588 0.010169491525423728 0.014689265536723164
0 0.4864406779661017 0.632768361581921 0.00847457627118644 0.013559322033898305
0 0.49110169491525424 0.6242937853107344 0.011016949152542373 0.014689265536723164
0 0.5440677966101695 0.6367231638418079 0.010169491525423728 0.014689265536723164
0 0.7025423728813559 0.6305084745762712 0.011864406779661017 0.01807909604519774
0 0.8338983050847457 0.6440677966101694 0.011864406779661017 0.01807909604519774
0 0.8995762711864407 0.6423728813559322 0.01440677966101695 0.0192090395480226
0 1.0008474576271187 0.63954802259887 0.013559322033898305 0.024858757062146894
