0 0.14609375 0.34451901565995524 0.0484375 0.08501118568232663
0 0.14921875 0.34116331096196867 0.0515625 0.087248322147651
0 0.371875 0.4563758389261745 0.071875 0.1342281879194631
0 0.22265625 0.4272930648769575 0.0359375 0.053691275167785234
0 0.2140625 0.36577181208053694 0.040625 0.05592841163310962
0 0.24921875 0.3870246085011186 0.0296875 0.053691275167785234
0 0.30390625 0.3579418344519016 0.0234375 0.0447427293064877
0 0.340625 0.3825503355704698 0.04375 0.06711409395973154
0 0.3921875 0.40604026845637586 0.040625 0.06935123042505593
0 0.47890625 0.4250559284116331 0.0484375 0.07606263982102908
0 0.4859375 0.3668903803131991 0.046875 0.06263982102908278
0 0.4390625 0.3579418344519016 0.0375 0.058165548098434
0 0.59375 0.3366890380313199 0.01875 0.029082774049217
0 0.53828125 0.3512304250559284 0.0140625 0.02237136465324385
0 0.61796875 0.348993288590604 0.0171875 0.026845637583892617
0 0.88515625 0.35570469798657717 0.0890625 0.14317673378076062
0 0.76328125 0.31096196868008946 0.0578125 0.09843400447427293
0 0.7109375 0.3143176733780761 0.0375 0.06487695749440715
0 0.375 0.354586129753915 0.015625 0.024608501118568233
0 0.5234375 0.32662192393736017 0.0125 0.017897091722595078
0 0.5 0.33557046979865773 0.0125 0.017897091722595078
