0 0.50732421875 0.4449275362318841 0.0224609375 0.03188405797101449
0 0.43212890625 0.48840579710144927 0.0537109375 0.18840579710144928
0 0.4619140625 0.4318840579710145 0.01171875 0.017391304347826087
0 0.30810546875 0.4072463768115942 0.0166015625 0.02608695652173913
0 0.33544921875 0.4355072463768116 0.0068359375 0.010144927536231883
0 0.26513671875 0.4355072463768116 0.0107421875 0.015942028985507246
0 0.17138671875 0.42681159420289855 0.0517578125 0.06811594202898551
0 0.24072265625 0.4449275362318841 0.0205078125 0.028985507246376812
0 0.2470703125 0.4326086956521739 0.013671875 0.021739130434782608
0 0.2041015625 0.4391304347826087 0.009765625 0.017391304347826087
0 0.38427734375 0.4340579710144927 0.0048828125 0.007246376811594203
0 0.400390625 0.45507246376811594 0.01171875 0.0463768115942029
0 0.396484375 0.43478260869565216 0.00390625 0.005797101449275362
0 0.41357421875 0.45072463768115945 0.0126953125 0.04927536231884058
0 0.47607421875 0.43768115942028984 0.0068359375 0.011594202898550725
0 0.27978515625 0.43768115942028984 0.0048828125 0.008695652173913044
0 0.2255859375 0.48405797101449277 0.0234375 0.08405797101449275
0 0.130859375 0.4355072463768116 0.025390625 0.036231884057971016
