0 0.9428191489361702 0.36625 0.04654255319148936 0.0865
0 0.8655252659574468 0.41925 0.03889627659574468 0.0695
0 0.800033244680851 0.42925 0.03756648936170213 0.0625
0 0.7787566489361702 0.3795 0.034242021276595744 0.055
0 0.7056183510638298 0.40575 0.032247340425531915 0.0665
0 0.7079454787234043 0.553 0.028257978723404256 0.06
0 0.737533244680851 0.623 0.0382313829787234 0.07
0 0.648936170212766 0.63425 0.0425531914893617 0.0845
0 0.46259973404255317 0.625 0.03756648936170213 0.071
0 0.6396276595744681 0.5105 0.03324468085106383 0.071
0 0.5420545212765957 0.398 0.032247340425531915 0.062
0 0.4943484042553192 0.46625 0.03590425531914894 0.0705
0 0.6494348404255319 0.43675 0.030917553191489363 0.0615
0 0.6424534574468085 0.366 0.02759308510638298 0.053
0 0.6246675531914894 0.3835 0.01928191489361702 0.04
0 0.574468085106383 0.38025 0.025930851063829786 0.0425
0 0.5127992021276596 0.3805 0.034242021276595744 0.054
0 0.4747340425531915 0.381 0.026595744680851064 0.047
0 0.4953457446808511 0.36125 0.025930851063829786 0.0465
0 0.41572473404255317 0.36625 0.029587765957446808 0.0595
0 0.4095744680851064 0.372 0.02127659574468085 0.044
0 0.558843085106383 0.36075 0.01795212765957447 0.0315
0 0.574966755319149 0.3795 0.026263297872340427 0.047
0 0.363530585106383 0.386 0.01961436170212766 0.042
0 0.3851396276595745 0.403 0.01761968085106383 0.032
0 0.3336103723404255 0.402 0.012965425531914893 0.029
0 0.32978723404255317 0.54225 0.045877659574468085 0.0885
0 0.28291223404255317 0.40175 0.036569148936170214 0.0695
0 0.2556515957446808 0.39675 0.021941489361702128 0.0475
0 0.2137632978723404 0.386 0.03324468085106383 0.063
0 0.15608377659574468 0.41825 0.02759308510638298 0.0555
0 0.15558510638297873 0.4195 0.03125 0.051
0 0.08710106382978723 0.35125 0.0398936170212766 0.0725
0 0.34956781914893614 0.4845 0.022273936170212765 0.04
