0 0.9753846153846154 0.6640543364681296 0.03230769230769231 0.04911180773249739
0 0.9426923076923077 0.6729362591431557 0.023846153846153847 0.03343782654127482
0 0.9111538461538462 0.667189132706374 0.02076923076923077 0.034482758620689655
0 0.8788461538461538 0.6917450365726228 0.016153846153846154 0.027168234064785787
0 0.6973076923076923 0.668234064785789 0.02846153846153846 0.042842215256008356
0 0.6419230769230769 0.6703239289446186 0.031538461538461536 0.04493207941483804
0 0.5807692307692308 0.699582027168234 0.015384615384615385 0.02821316614420063
0 0.5388461538461539 0.680773249738767 0.023846153846153847 0.034482758620689655
0 0.5119230769230769 0.6896551724137931 0.02846153846153846 0.04179728317659352
0 0.47423076923076923 0.7591431556948798 0.022307692307692306 0.03239289446185998
0 0.46884615384615386 0.6823406478578893 0.023846153846153847 0.03343782654127482
0 0.4326923076923077 0.6927899686520376 0.02076923076923077 0.03134796238244514
0 0.385 0.7309299895506792 0.01 0.01567398119122257
0 0.3565384615384615 0.7304075235109718 0.014615384615384615 0.02089864158829676
0 0.26153846153846155 0.6849529780564263 0.026153846153846153 0.030303030303030304
0 0.28692307692307695 0.7110762800417972 0.02 0.030303030303030304
0 0.23423076923076924 0.7225705329153606 0.019230769230769232 0.02821316614420063
0 0.2023076923076923 0.7163009404388715 0.018461538461538463 0.02821316614420063
0 0.18423076923076923 0.7267502612330199 0.022307692307692306 0.030303030303030304
0 0.016923076923076923 0.7241379310344828 0.02 0.029258098223615466
0 0.10153846153846154 0.7126436781609196 0.023076923076923078 0.04179728317659352
0 0.11692307692307692 0.7136886102403344 0.023076923076923078 0.03761755485893417
