0 0.77490234375 0.3347953216374269 0.0556640625 0.1023391812865497
0 0.427734375 0.3472222222222222 0.037109375 0.07456140350877193
0 0.177734375 0.35453216374269003 0.033203125 0.059941520467836254
0 0.34619140625 0.3654970760233918 0.0322265625 0.06140350877192982
0 0.4091796875 0.36988304093567254 0.03515625 0.06432748538011696
0 0.92578125 0.375 0.021484375 0.03654970760233918
0 0.82666015625 0.37646198830409355 0.0205078125 0.033625730994152045
0 0.85205078125 0.3669590643274854 0.0166015625 0.02631578947368421
0 0.7333984375 0.3983918128654971 0.009765625 0.019005847953216373
0 0.70703125 0.4342105263157895 0.009765625 0.03216374269005848
0 0.69970703125 0.4203216374269006 0.0029296875 0.0043859649122807015
0 0.67626953125 0.4239766081871345 0.0048828125 0.008771929824561403
0 0.6689453125 0.41812865497076024 0.00390625 0.005847953216374269
0 0.63427734375 0.4159356725146199 0.0048828125 0.007309941520467836
0 0.60791015625 0.42543859649122806 0.0087890625 0.014619883040935672
0 0.5888671875 0.4678362573099415 0.009765625 0.017543859649122806
0 0.56787109375 0.40497076023391815 0.0107421875 0.02046783625730994
0 0.591796875 0.43567251461988304 0.009765625 0.043859649122807015
0 0.5771484375 0.4152046783625731 0.005859375 0.008771929824561403
0 0.4931640625 0.3969298245614035 0.0078125 0.01023391812865497
0 0.4833984375 0.4232456140350877 0.013671875 0.027777777777777776
0 0.23974609375 0.43494152046783624 0.0107421875 0.01608187134502924
0 0.2587890625 0.42616959064327486 0.009765625 0.013157894736842105
0 0.2578125 0.43128654970760233 0.009765625 0.014619883040935672
0 0.27978515625 0.42543859649122806 0.0107421875 0.017543859649122806
0 0.287109375 0.4415204678362573 0.009765625 0.014619883040935672
0 0.123046875 0.4327485380116959 0.005859375 0.008771929824561403
0 0.5283203125 0.37719298245614036 0.03125 0.043859649122807015
