0 0.70875 0.6083333333333333 0.0475 0.08333333333333333
0 0.57125 0.5791666666666667 0.0475 0.07833333333333334
0 0.51 0.58 0.05 0.08
0 0.399375 0.5866666666666667 0.04625 0.07666666666666666
0 0.333125 0.6408333333333334 0.04625 0.085
0 0.21125 0.6033333333333334 0.0475 0.08
0 0.15 0.41333333333333333 0.0425 0.07666666666666666
0 0.20875 0.4483333333333333 0.04 0.07666666666666666
0 0.250625 0.4033333333333333 0.03875 0.06333333333333334
0 0.31625 0.415 0.04 0.06666666666666667
0 0.3875 0.44916666666666666 0.04 0.06833333333333333
0 0.491875 0.455 0.04375 0.07333333333333333
0 0.58125 0.44 0.045 0.07
0 0.69125 0.415 0.045 0.07
0 0.64375 0.41083333333333333 0.0425 0.065
0 0.57125 0.365 0.04 0.08
0 0.481875 0.36583333333333334 0.03625 0.06833333333333333
0 0.413125 0.37416666666666665 0.03875 0.06166666666666667
0 0.34 0.3725 0.0425 0.075
