0 0.9822222222222222 0.7475 0.015555555555555555 0.028333333333333332
0 0.9716666666666667 0.7283333333333334 0.01888888888888889 0.023333333333333334
0 0.9388888888888889 0.75 0.015555555555555555 0.023333333333333334
0 0.8961111111111111 0.8008333333333333 0.027777777777777776 0.051666666666666666
0 0.915 0.7483333333333333 0.012222222222222223 0.02
0 0.8933333333333333 0.7266666666666667 0.006666666666666667 0.01
0 0.8727777777777778 0.7408333333333333 0.01 0.015
0 0.8583333333333333 0.74 0.01 0.016666666666666666
0 0.8144444444444444 0.7441666666666666 0.006666666666666667 0.011666666666666667
0 0.7972222222222223 0.7366666666666667 0.01 0.016666666666666666
0 0.7727777777777778 0.7408333333333333 0.027777777777777776 0.03833333333333333
0 0.7366666666666667 0.7691666666666667 0.02 0.03833333333333333
0 0.6883333333333334 0.74 0.014444444444444444 0.023333333333333334
0 0.6522222222222223 0.7566666666666667 0.011111111111111112 0.02
0 0.6416666666666667 0.7525 0.014444444444444444 0.018333333333333333
0 0.5816666666666667 0.755 0.012222222222222223 0.02
0 0.6011111111111112 0.7483333333333333 0.011111111111111112 0.016666666666666666
0 0.5555555555555556 0.7533333333333333 0.008888888888888889 0.016666666666666666
0 0.5277777777777778 0.7525 0.022222222222222223 0.03833333333333333
0 0.4633333333333333 0.76 0.02 0.03333333333333333
0 0.42333333333333334 0.7508333333333334 0.015555555555555555 0.028333333333333332
0 0.39611111111111114 0.7483333333333333 0.014444444444444444 0.023333333333333334
0 0.3055555555555556 0.745 0.013333333333333334 0.02
0 0.2733333333333333 0.7441666666666666 0.013333333333333334 0.021666666666666667
0 0.22722222222222221 0.7483333333333333 0.01 0.013333333333333334
0 0.19944444444444445 0.7375 0.01 0.015
0 0.21166666666666667 0.7816666666666666 0.016666666666666666 0.08
0 0.17833333333333334 0.7541666666666667 0.01 0.015
0 0.15 0.7566666666666667 0.011111111111111112 0.016666666666666666
0 0.1272222222222222 0.7525 0.0077777777777777776 0.015
0 0.0961111111111111 0.7366666666666667 0.01 0.016666666666666666
0 0.057777777777777775 0.745 0.008888888888888889 0.013333333333333334
0 0.021666666666666667 0.7483333333333333 0.01 0.016666666666666666
0 0.3372222222222222 0.7458333333333333 0.005555555555555556 0.008333333333333333
0 0.35944444444444446 0.7408333333333333 0.005555555555555556 0.008333333333333333
