0 0.8705 0.3783582089552239 0.093 0.14477611940298507
0 0.73 0.48208955223880595 0.058 0.08955223880597014
0 0.581 0.45671641791044776 0.038 0.06865671641791045
0 0.439 0.44850746268656716 0.03 0.058208955223880594
0 0.362 0.43507462686567167 0.03 0.06417910447761194
0 0.392 0.4537313432835821 0.024 0.041791044776119404
0 0.263 0.4544776119402985 0.02 0.03731343283582089
0 0.2515 0.41940298507462687 0.043 0.07462686567164178
0 0.2225 0.44776119402985076 0.021 0.03283582089552239
0 0.1495 0.43955223880597016 0.049 0.10298507462686567
0 0.026 0.33805970149253733 0.106 0.18059701492537314
