0 0.1904296875 0.6771595900439239 0.015625 0.03074670571010249
0 0.23876953125 0.6661786237188873 0.0185546875 0.032210834553440704
0 0.23828125 0.6676427525622255 0.01953125 0.03806734992679356
0 0.25830078125 0.6654465592972182 0.0205078125 0.03367496339677892
0 0.38623046875 0.6017569546120058 0.0244140625 0.04978038067349927
0 0.4599609375 0.5841874084919473 0.017578125 0.032210834553440704
0 0.48388671875 0.5900439238653001 0.0166015625 0.032210834553440704
0 0.72705078125 0.6595900439238653 0.0341796875 0.04538799414348463
0 0.78955078125 0.66398243045388 0.0244140625 0.03953147877013177
0 0.8076171875 0.6756954612005857 0.0078125 0.013177159590043924
0 0.8251953125 0.6837481698389458 0.013671875 0.017569546120058566
0 0.84375 0.6698389458272328 0.01171875 0.016105417276720352
0 0.87548828125 0.6771595900439239 0.0107421875 0.016105417276720352
0 0.916015625 0.6800878477306003 0.01171875 0.016105417276720352
0 0.92041015625 0.6859443631039531 0.0107421875 0.013177159590043924
0 0.93310546875 0.6844802342606149 0.0087890625 0.013177159590043924
0 0.94921875 0.6749633967789166 0.009765625 0.014641288433382138
0 0.9580078125 0.6866764275256223 0.01171875 0.014641288433382138
0 0.97802734375 0.6830161054172768 0.0107421875 0.016105417276720352
0 0.998046875 0.691800878477306 0.013671875 0.021961932650073207
