0 0.012056327160493827 0.2894965277777778 0.02797067901234568 0.0546875
0 0.06182484567901234 0.2863136574074074 0.023726851851851853 0.048900462962962965
0 0.04089506172839506 0.17954282407407407 0.027391975308641976 0.048900462962962965
0 0.12972608024691357 0.32624421296296297 0.025655864197530864 0.049479166666666664
0 0.1480516975308642 0.14684606481481483 0.021026234567901234 0.04079861111111111
0 0.18113425925925927 0.24811921296296297 0.024691358024691357 0.04542824074074074
0 0.2282986111111111 0.26273148148148145 0.022955246913580248 0.04513888888888889
0 0.2711226851851852 0.2337962962962963 0.029513888888888888 0.04224537037037037
0 0.32233796296296297 0.1495949074074074 0.021604938271604937 0.043402777777777776
0 0.3803047839506173 0.13194444444444445 0.02334104938271605 0.041087962962962965
0 0.32233796296296297 0.2566550925925926 0.02700617283950617 0.04513888888888889
0 0.4072145061728395 0.18663194444444445 0.024691358024691357 0.052662037037037035
0 0.47164351851851855 0.18171296296296297 0.023148148148148147 0.04456018518518518
0 0.4211033950617284 0.2750289351851852 0.02662037037037037 0.05931712962962963
0 0.5481288580246914 0.18518518518518517 0.026813271604938273 0.04861111111111111
0 0.6159336419753086 0.12094907407407407 0.019290123456790122 0.04224537037037037
0 0.6598186728395061 0.12528935185185186 0.024112654320987654 0.04282407407407408
0 0.7842399691358025 0.11979166666666667 0.023726851851851853 0.046875
0 0.8469328703703703 0.17650462962962962 0.027584876543209878 0.045717592592592594
0 0.8667052469135802 0.13353587962962962 0.027777777777777776 0.049479166666666664
0 0.9131944444444444 0.13078703703703703 0.024691358024691357 0.04282407407407408
0 0.9605516975308642 0.13179976851851852 0.023726851851851853 0.044270833333333336
0 0.8219521604938271 0.28443287037037035 0.02662037037037037 0.046875
0 0.8720100308641975 0.22844328703703703 0.03260030864197531 0.05873842592592592
0 0.9582368827160493 0.28660300925925924 0.032214506172839504 0.055844907407407406
0 1.0017361111111112 0.28920717592592593 0.01890432098765432 0.04542824074074074
0 0.6507523148148148 0.3723958333333333 0.0626929012345679 0.10590277777777778
0 0.4099151234567901 0.37008101851851855 0.041666666666666664 0.09085648148148148
0 0.43875385802469136 0.6202256944444444 0.07195216049382716 0.12818287037037038
0 0.2610918209876543 0.4791666666666667 0.06385030864197531 0.1244212962962963
0 0.07175925925925926 0.8401331018518519 0.1076388888888889 0.18431712962962962
