0 0.9204260651629073 0.4642857142857143 0.03132832080200501 0.05639097744360902
0 0.7205513784461153 0.625 0.040100250626566414 0.06954887218045112
0 0.6328320802005013 0.581766917293233 0.03007518796992481 0.046992481203007516
0 0.525062656641604 0.5610902255639098 0.03007518796992481 0.05451127819548872
0 0.8897243107769424 0.43890977443609025 0.02506265664160401 0.046992481203007516
0 0.8339598997493735 0.4558270676691729 0.02882205513784461 0.05451127819548872
0 0.7481203007518797 0.44642857142857145 0.02506265664160401 0.05075187969924812
0 0.7857142857142857 0.45864661654135336 0.02506265664160401 0.045112781954887216
0 0.6911027568922306 0.450187969924812 0.02631578947368421 0.046992481203007516
0 0.6428571428571429 0.4718045112781955 0.02756892230576441 0.05263157894736842
0 0.5877192982456141 0.46710526315789475 0.02756892230576441 0.05451127819548872
0 0.5369674185463659 0.45864661654135336 0.02882205513784461 0.05263157894736842
0 0.4868421052631579 0.47368421052631576 0.02882205513784461 0.05639097744360902
0 0.4291979949874687 0.49530075187969924 0.023809523809523808 0.046992481203007516
0 0.37907268170426067 0.4859022556390977 0.02882205513784461 0.046992481203007516
0 0.3283208020050125 0.46898496240601506 0.02756892230576441 0.05075187969924812
0 0.2706766917293233 0.44454887218045114 0.02756892230576441 0.05075187969924812
0 0.21553884711779447 0.4351503759398496 0.02756892230576441 0.05451127819548872
0 0.16666666666666666 0.4407894736842105 0.02756892230576441 0.05451127819548872
0 0.11904761904761904 0.4633458646616541 0.03508771929824561 0.06203007518796992
0 0.043859649122807015 0.4050751879699248 0.03508771929824561 0.06203007518796992
0 0.10651629072681704 0.42199248120300753 0.03007518796992481 0.05451127819548872
0 0.45614035087719296 0.3580827067669173 0.02506265664160401 0.043233082706766915
0 0.6259398496240601 0.3524436090225564 0.021303258145363407 0.043233082706766915
0 0.7731829573934837 0.38345864661654133 0.022556390977443608 0.045112781954887216
0 0.16353383458646617 0.39849624060150374 0.02882205513784461 0.04887218045112782
0 0.23558897243107768 0.40131578947368424 0.02756892230576441 0.05075187969924812
0 0.3007518796992481 0.40977443609022557 0.03007518796992481 0.04887218045112782
0 0.35213032581453635 0.42951127819548873 0.03007518796992481 0.05075187969924812
0 0.49624060150375937 0.4398496240601504 0.02506265664160401 0.045112781954887216
0 0.5338345864661654 0.41729323308270677 0.02506265664160401 0.041353383458646614
0 0.5758145363408521 0.4201127819548872 0.02631578947368421 0.046992481203007516
0 0.62468671679198 0.41635338345864664 0.02631578947368421 0.046992481203007516
0 0.6741854636591479 0.41353383458646614 0.02506265664160401 0.04887218045112782
0 0.724937343358396 0.38345864661654133 0.023809523809523808 0.045112781954887216
0 0.724937343358396 0.44454887218045114 0.02882205513784461 0.05451127819548872
0 0.4448621553884712 0.44642857142857145 0.02756892230576441 0.05075187969924812
0 0.40100250626566414 0.4276315789473684 0.02506265664160401 0.05075187969924812
