0 0.01925 0.5124555160142349 0.0115 0.023131672597864767
0 0.02575 0.5133451957295374 0.0105 0.019572953736654804
0 0.0625 0.5040035587188612 0.013 0.027580071174377226
0 0.18275 0.5275800711743772 0.0105 0.023131672597864767
0 0.21875 0.5298042704626335 0.0165 0.03469750889679715
0 0.23775 0.5231316725978647 0.0125 0.023131672597864767
0 0.24675 0.5284697508896797 0.0105 0.017793594306049824
0 0.28425 0.5293594306049823 0.0145 0.026690391459074734
0 0.32025 0.525355871886121 0.0145 0.02402135231316726
0 0.35525 0.5391459074733096 0.0125 0.021352313167259787
0 0.36525 0.521797153024911 0.0065 0.011565836298932384
0 0.39675 0.5266903914590747 0.0055 0.010676156583629894
0 0.43425 0.5395907473309609 0.0145 0.025800711743772242
0 0.42125 0.5404804270462633 0.0065 0.011565836298932384
0 0.7975 0.548932384341637 0.007 0.014234875444839857
0 0.8055 0.5435943060498221 0.005 0.008896797153024912
0 0.8215 0.5369217081850534 0.01 0.020462633451957295
0 0.86125 0.5569395017793595 0.0125 0.028469750889679714
0 0.8545 0.5582740213523132 0.01 0.020462633451957295
0 0.84425 0.5431494661921709 0.0085 0.015124555160142349
0 0.93275 0.5533807829181495 0.0105 0.019572953736654804
0 0.9635 0.5088967971530249 0.021 0.03558718861209965
0 1.0025 0.547153024911032 0.015 0.03558718861209965
0 0.954 0.5458185053380783 0.015 0.029359430604982206
0 0.97775 0.5431494661921709 0.0155 0.03469750889679715
0 0.9465 0.5475978647686833 0.012 0.025800711743772242
