0 0.796875 0.41946308724832215 0.05 0.09172259507829977
0 0.82734375 0.42953020134228187 0.0390625 0.07606263982102908
0 0.85546875 0.4395973154362416 0.0421875 0.0738255033557047
0 0.88984375 0.43400447427293065 0.0328125 0.06263982102908278
0 0.90703125 0.3982102908277405 0.0296875 0.053691275167785234
0 0.9546875 0.4373601789709172 0.03125 0.05145413870246085
0 0.68125 0.4015659955257271 0.0375 0.0738255033557047
0 0.7046875 0.4217002237136465 0.034375 0.06935123042505593
0 0.59921875 0.44854586129753915 0.0390625 0.07829977628635347
0 0.46953125 0.4373601789709172 0.0421875 0.0738255033557047
0 0.4859375 0.4004474272930649 0.034375 0.07606263982102908
0 0.53515625 0.3982102908277405 0.0390625 0.08053691275167785
0 0.3265625 0.4172259507829978 0.0375 0.0738255033557047
0 0.3671875 0.4228187919463087 0.040625 0.06711409395973154
0 0.4 0.38814317673378074 0.0375 0.06487695749440715
0 0.2875 0.4015659955257271 0.0375 0.0738255033557047
0 0.2546875 0.41946308724832215 0.0375 0.0738255033557047
0 0.1328125 0.4507829977628635 0.0375 0.06935123042505593
0 0.22265625 0.41946308724832215 0.0328125 0.06040268456375839
0 0.17265625 0.436241610738255 0.0328125 0.058165548098434
0 0.034375 0.4161073825503356 0.0375 0.06711409395973154
0 0.0921875 0.3859060402684564 0.034375 0.06487695749440715
0 0.1796875 0.37583892617449666 0.015625 0.03131991051454139
0 0.584375 0.39149888143176736 0.0375 0.07158836689038031
0 0.6453125 0.3825503355704698 0.040625 0.07158836689038031
0 0.76640625 0.41498881431767337 0.0296875 0.06040268456375839
0 0.98671875 0.4217002237136465 0.0171875 0.029082774049217
