0 0.6411764705882353 0.3942006269592476 0.01647058823529412 0.02664576802507837
0 0.5976470588235294 0.4036050156739812 0.011764705882352941 0.02037617554858934
0 0.5276470588235294 0.40752351097178685 0.02 0.03134796238244514
0 0.5011764705882353 0.38636363636363635 0.018823529411764704 0.032915360501567396
0 0.4547058823529412 0.4059561128526646 0.01764705882352941 0.02821316614420063
0 0.4211764705882353 0.4122257053291536 0.03058823529411765 0.04075235109717868
0 0.4147058823529412 0.42946708463949845 0.01764705882352941 0.02821316614420063
0 0.3623529411764706 0.4043887147335423 0.023529411764705882 0.034482758620689655
0 0.36411764705882355 0.4177115987460815 0.02235294117647059 0.03605015673981191
0 0.3111764705882353 0.4482758620689655 0.03411764705882353 0.05329153605015674
0 0.28411764705882353 0.4004702194357367 0.03176470588235294 0.045454545454545456
0 0.2011764705882353 0.4553291536050157 0.047058823529411764 0.06739811912225706
0 0.00823529411764706 0.48197492163009403 0.03058823529411765 0.061128526645768025
