0 0.9325980392156863 0.3839869281045752 0.012254901960784314 0.016339869281045753
0 0.8636642156862745 0.3272058823529412 0.04718137254901961 0.07107843137254902
0 0.7653186274509803 0.36560457516339867 0.041666666666666664 0.06454248366013073
0 0.6844362745098039 0.3570261437908497 0.0392156862745098 0.06862745098039216
0 0.6072303921568627 0.3492647058823529 0.04044117647058824 0.06781045751633986
0 0.5104166666666666 0.31699346405228757 0.0428921568627451 0.0784313725490196
0 0.4053308823529412 0.37336601307189543 0.04105392156862745 0.07352941176470588
0 0.32107843137254904 0.35171568627450983 0.0428921568627451 0.07924836601307189
0 0.19607843137254902 0.33251633986928103 0.05269607843137255 0.09313725490196079
0 0.2193627450980392 0.375 0.00980392156862745 0.013071895424836602
0 0.2545955882352941 0.36560457516339867 0.04963235294117647 0.08415032679738563
