0 0.38091482649842273 0.40271493212669685 0.11198738170347003 0.09728506787330317
0 0.4305993690851735 0.3778280542986425 0.10410094637223975 0.09049773755656108
0 0.7334384858044164 0.19739819004524886 0.12618296529968454 0.1074660633484163
0 0.30047318611987384 0.21153846153846154 0.11514195583596215 0.09502262443438914
0 0.8927444794952681 0.2641402714932127 0.0946372239747634 0.07352941176470588
0 0.4219242902208202 0.23020361990950225 0.02050473186119874 0.016968325791855202
0 0.3722397476340694 0.2833710407239819 0.05993690851735016 0.057692307692307696
0 0.38170347003154576 0.23699095022624433 0.03785488958990536 0.030542986425339366
0 0.12697160883280756 0.2319004524886878 0.033123028391167195 0.027149321266968326
0 0.11041009463722397 0.2341628959276018 0.015772870662460567 0.013574660633484163
