0 0.08177083333333333 0.71484375 0.053125 0.0421875
0 0.10572916666666667 0.721484375 0.06145833333333333 0.05078125
0 0.23333333333333334 0.714453125 0.041666666666666664 0.03515625
0 0.34322916666666664 0.699609375 0.046875 0.03828125
0 0.5369791666666667 0.68984375 0.036458333333333336 0.03125
0 0.4171875 0.6984375 0.03229166666666667 0.028125
0 0.6416666666666667 0.685546875 0.029166666666666667 0.02734375
0 0.8005208333333333 0.6453125 0.017708333333333333 0.0125
0 0.9088541666666666 0.62734375 0.040625 0.0390625
0 0.6046875 0.6359375 0.015625 0.015625
0 0.6786458333333333 0.633203125 0.019791666666666666 0.01640625
0 0.7239583333333334 0.63671875 0.020833333333333332 0.0171875
0 0.6869791666666667 0.683203125 0.028125 0.02265625
0 0.7140625 0.67578125 0.03229166666666667 0.021875
0 0.7578125 0.669921875 0.013541666666666667 0.01171875
