0 0.9526881720430107 0.28186813186813187 0.12903225806451613 0.1901098901098901
0 0.8670250896057348 0.210989010989011 0.0996415770609319 0.16263736263736264
0 0.6974910394265234 0.2532967032967033 0.11756272401433691 0.19230769230769232
0 0.7813620071684588 0.21153846153846154 0.07885304659498207 0.16593406593406593
0 0.6021505376344086 0.22417582417582418 0.05878136200716846 0.11648351648351649
0 0.5290322580645161 0.23241758241758242 0.05591397849462366 0.11098901098901098
0 0.4383512544802867 0.3 0.05949820788530466 0.11428571428571428
0 0.32903225806451614 0.25769230769230766 0.08315412186379928 0.17692307692307693
0 0.25591397849462366 0.22197802197802197 0.06164874551971326 0.11868131868131868
0 0.36774193548387096 0.27307692307692305 0.05734767025089606 0.12857142857142856
0 0.13799283154121864 0.24505494505494504 0.06236559139784946 0.11428571428571428
