0 0.023 0.527 0.007333333333333333 0.008
0 0.09966666666666667 0.542 0.006 0.01
0 0.12933333333333333 0.5205 0.005333333333333333 0.009
0 0.145 0.5285 0.006 0.009
0 0.151 0.549 0.012666666666666666 0.056
0 0.165 0.5235 0.006 0.009
0 0.174 0.524 0.005333333333333333 0.008
0 0.25066666666666665 0.524 0.006666666666666667 0.01
0 0.337 0.5265 0.004666666666666667 0.007
0 0.352 0.527 0.005333333333333333 0.01
0 0.22566666666666665 0.5075 0.038 0.063
0 0.31266666666666665 0.522 0.016 0.028
0 0.31233333333333335 0.5255 0.012666666666666666 0.021
0 0.38433333333333336 0.4915 0.03133333333333333 0.051
0 0.42733333333333334 0.4665 0.028 0.047
0 0.38066666666666665 0.5045 0.02266666666666667 0.037
0 0.5123333333333333 0.4905 0.038 0.069
0 0.5383333333333333 0.499 0.03666666666666667 0.062
0 0.5826666666666667 0.4825 0.05733333333333333 0.081
0 0.6146666666666667 0.491 0.03333333333333333 0.056
0 0.672 0.5015 0.044 0.065
0 0.7583333333333333 0.465 0.048666666666666664 0.076
0 0.81 0.4435 0.076 0.129
