0 0.06982421875 0.5077989601386482 0.0166015625 0.02772963604852686
0 0.1416015625 0.5103986135181976 0.017578125 0.03986135181975736
0 0.37255859375 0.511265164644714 0.0107421875 0.024263431542461005
0 0.38525390625 0.5181975736568457 0.0107421875 0.02079722703639515
0 0.41259765625 0.5190641247833622 0.0107421875 0.019064124783362217
0 0.4423828125 0.5199306759098787 0.009765625 0.02079722703639515
0 0.474609375 0.5589254766031195 0.0078125 0.01559792027729636
0 0.49072265625 0.5329289428076257 0.0107421875 0.019064124783362217
0 0.548828125 0.5311958405545927 0.0078125 0.01559792027729636
0 0.55419921875 0.5363951473136915 0.0087890625 0.01559792027729636
0 0.5830078125 0.5450606585788561 0.005859375 0.012131715771230503
0 0.6015625 0.5381282495667244 0.005859375 0.01559792027729636
0 0.611328125 0.5389948006932409 0.0078125 0.01386481802426343
0 0.6103515625 0.5398613518197574 0.005859375 0.012131715771230503
0 0.6376953125 0.5355285961871751 0.005859375 0.010398613518197574
0 0.6533203125 0.5407279029462738 0.005859375 0.01386481802426343
0 0.6806640625 0.5381282495667244 0.005859375 0.012131715771230503
0 0.69140625 0.5398613518197574 0.00390625 0.008665511265164644
0 0.8427734375 0.5433275563258232 0.009765625 0.01559792027729636
0 0.8857421875 0.5537261698440208 0.01171875 0.01559792027729636
0 0.9208984375 0.550259965337955 0.009765625 0.019064124783362217
0 0.9072265625 0.5511265164644714 0.0078125 0.01386481802426343
0 0.86376953125 0.5805892547660312 0.0205078125 0.07625649913344887
0 0.50537109375 0.5649913344887348 0.0068359375 0.010398613518197574
0 0.49853515625 0.5311958405545927 0.0087890625 0.01559792027729636
0 0.65673828125 0.5398613518197574 0.0048828125 0.008665511265164644
