0 0.1748046875 0.371875 0.052734375 0.115625
0 0.30322265625 0.303125 0.0595703125 0.1125
0 0.39697265625 0.26484375 0.0380859375 0.0640625
0 0.39208984375 0.2125 0.0185546875 0.034375
0 0.43310546875 0.20390625 0.0185546875 0.0359375
0 0.4404296875 0.27109375 0.03125 0.0578125
0 0.4716796875 0.259375 0.029296875 0.059375
0 0.4873046875 0.23984375 0.029296875 0.0515625
0 0.48583984375 0.21328125 0.0205078125 0.0390625
0 0.552734375 0.23984375 0.044921875 0.0890625
0 0.57373046875 0.2046875 0.0380859375 0.06875
0 0.61083984375 0.23046875 0.0205078125 0.0328125
0 0.66357421875 0.2265625 0.0458984375 0.090625
0 0.69287109375 0.275 0.0556640625 0.09375
0 0.732421875 0.25859375 0.033203125 0.0640625
0 0.64404296875 0.27265625 0.0283203125 0.0609375
0 0.8173828125 0.26484375 0.04296875 0.1015625
0 0.84814453125 0.49375 0.0732421875 0.15
