0 0.6509615384615385 0.2246153846153846 0.05961538461538462 0.11384615384615385
0 0.4235576923076923 0.20076923076923076 0.058653846153846154 0.12461538461538461
0 0.45384615384615384 0.25 0.04230769230769231 0.09384615384615384
0 0.3144230769230769 0.24769230769230768 0.04038461538461539 0.09846153846153846
0 0.29471153846153847 0.22538461538461538 0.025961538461538463 0.05384615384615385
0 0.1831730769230769 0.3030769230769231 0.05096153846153846 0.07692307692307693
0 0.20865384615384616 0.22076923076923077 0.026923076923076925 0.047692307692307694
0 0.10336538461538461 0.22230769230769232 0.027884615384615386 0.05076923076923077
0 0.2783653846153846 0.18 0.008653846153846154 0.015384615384615385
0 0.39903846153846156 0.09846153846153846 0.0057692307692307696 0.009230769230769232
0 0.5971153846153846 0.007692307692307693 0.0057692307692307696 0.009230769230769232
