0 0.8904285714285715 0.5507929704243464 0.032857142857142856 0.04714959279897128
0 0.8361428571428572 0.5859408486926704 0.031142857142857142 0.04029147021003
0 0.8551428571428571 0.6108015430775825 0.022857142857142857 0.04200600085726532
0 0.7468571428571429 0.6219459922846121 0.025142857142857144 0.04200600085726532
0 0.6912857142857143 0.6386626660951564 0.031142857142857142 0.04372053150450064
0 0.6361428571428571 0.6268752678954136 0.023142857142857142 0.034719245606515216
0 0.5482857142857143 0.6540934419202743 0.027428571428571427 0.042863266180882986
0 0.4735714285714286 0.6088726960994427 0.027714285714285716 0.04243463351907415
0 0.37485714285714283 0.6202314616373767 0.024 0.04029147021003
0 0.3261428571428571 0.583154736390913 0.031142857142857142 0.048435490784397774
0 0.28585714285714287 0.6144449207029575 0.022571428571428572 0.04243463351907415
0 0.23585714285714285 0.5132876125160737 0.033428571428571426 0.05443634804972139
0 0.19142857142857142 0.6598799828546935 0.026285714285714287 0.039862837548221175
0 0.112 0.6225889412773253 0.024 0.041577368195456495
0 0.025857142857142856 0.627089584226318 0.03 0.04800685812258894
