0 0.23192307692307693 0.5168986083499006 0.019230769230769232 0.02982107355864811
0 0.2696153846153846 0.5019880715705766 0.025384615384615384 0.03777335984095427
0 0.33692307692307694 0.5313121272365805 0.013846153846153847 0.020874751491053677
0 0.3880769230769231 0.5333001988071571 0.014615384615384615 0.0268389662027833
0 0.4107692307692308 0.5243538767395626 0.02 0.02286282306163022
0 0.44769230769230767 0.5382703777335984 0.015384615384615385 0.02485089463220676
0 0.45884615384615385 0.5357852882703777 0.019230769230769232 0.027833001988071572
0 0.47384615384615386 0.5213717693836978 0.016923076923076923 0.0268389662027833
0 0.5165384615384615 0.5397614314115308 0.01769230769230769 0.02584493041749503
0 0.6057692307692307 0.5492047713717694 0.011538461538461539 0.016898608349900597
0 0.6319230769230769 0.5407554671968191 0.008461538461538461 0.013916500994035786
0 0.6557692307692308 0.5387673956262425 0.01 0.017892644135188866
0 0.6788461538461539 0.5372763419483101 0.01 0.018886679920477135
0 0.7015384615384616 0.5382703777335984 0.010769230769230769 0.018886679920477135
0 0.7184615384615385 0.5447316103379721 0.010769230769230769 0.013916500994035786
0 0.7411538461538462 0.5521868787276342 0.008461538461538461 0.012922465208747515
0 0.7411538461538462 0.5506958250497018 0.008461538461538461 0.013916500994035786
0 0.7553846153846154 0.547713717693837 0.007692307692307693 0.011928429423459244
0 0.7776923076923077 0.5482107355864811 0.007692307692307693 0.012922465208747515
0 0.7907692307692308 0.5457256461232605 0.007692307692307693 0.009940357852882704
0 0.7976923076923077 0.5452286282306164 0.006153846153846154 0.008946322067594433
0 0.8257692307692308 0.5482107355864811 0.006923076923076923 0.008946322067594433
0 0.8480769230769231 0.5467196819085487 0.005384615384615384 0.007952286282306162
