0 0.98291015625 0.7109375 0.1005859375 0.13541666666666666
0 0.986328125 0.6048177083333334 0.03515625 0.05859375
0 0.8974609375 0.7337239583333334 0.060546875 0.10286458333333333
0 0.88525390625 0.6471354166666666 0.0654296875 0.11979166666666667
0 0.88525390625 0.5768229166666666 0.0224609375 0.0390625
0 0.8642578125 0.580078125 0.029296875 0.040364583333333336
0 0.84326171875 0.5703125 0.0185546875 0.0234375
0 0.76708984375 0.615234375 0.0556640625 0.08984375
0 0.6552734375 0.5703125 0.052734375 0.08072916666666667
0 0.68505859375 0.7447916666666666 0.1298828125 0.22395833333333334
0 0.54052734375 0.6119791666666666 0.0830078125 0.140625
0 0.423828125 0.5794270833333334 0.07421875 0.12760416666666666
0 0.34619140625 0.6848958333333334 0.0869140625 0.14322916666666666
0 0.26025390625 0.689453125 0.1337890625 0.21484375
0 0.06884765625 0.8151041666666666 0.2822265625 0.4869791666666667
