0 0.19583333333333333 0.6961152882205514 0.006666666666666667 0.011278195488721804
0 0.19208333333333333 0.6835839598997494 0.0075 0.011278195488721804
0 0.21625 0.643483709273183 0.005833333333333334 0.008771929824561403
0 0.21875 0.6378446115288221 0.0075 0.012531328320802004
0 0.24833333333333332 0.6710526315789473 0.005 0.011278195488721804
0 0.2554166666666667 0.6428571428571429 0.005833333333333334 0.010025062656641603
0 0.2708333333333333 0.6441102756892231 0.006666666666666667 0.010025062656641603
0 0.2875 0.6472431077694235 0.006666666666666667 0.011278195488721804
0 0.2833333333333333 0.6447368421052632 0.005 0.008771929824561403
0 0.28791666666666665 0.6390977443609023 0.005833333333333334 0.010025062656641603
0 0.3383333333333333 0.649749373433584 0.006666666666666667 0.011278195488721804
0 0.355 0.6547619047619048 0.006666666666666667 0.008771929824561403
0 0.365 0.6641604010025063 0.006666666666666667 0.010025062656641603
0 0.4125 0.6911027568922306 0.005 0.006265664160401002
0 0.4483333333333333 0.6898496240601504 0.0033333333333333335 0.006265664160401002
0 0.4575 0.6879699248120301 0.005 0.007518796992481203
0 0.4716666666666667 0.6904761904761905 0.005 0.007518796992481203
0 0.4895833333333333 0.6447368421052632 0.004166666666666667 0.006265664160401002
0 0.5483333333333333 0.6710526315789473 0.005 0.006265664160401002
0 0.5958333333333333 0.731203007518797 0.006666666666666667 0.008771929824561403
0 0.52125 0.7857142857142857 0.0075 0.012531328320802004
0 0.55375 0.7969924812030075 0.0075 0.012531328320802004
0 0.46041666666666664 0.9047619047619048 0.009166666666666667 0.015037593984962405
0 0.47791666666666666 0.8897243107769424 0.0075 0.012531328320802004
0 0.6691666666666667 0.8859649122807017 0.006666666666666667 0.010025062656641603
0 0.69875 0.8834586466165414 0.009166666666666667 0.015037593984962405
0 0.7929166666666667 0.8170426065162907 0.0075 0.012531328320802004
0 0.82375 0.8602756892230576 0.0075 0.011278195488721804
0 0.8908333333333334 0.9329573934837093 0.008333333333333333 0.013784461152882205
0 0.5704166666666667 0.6954887218045113 0.0125 0.040100250626566414
0 0.49916666666666665 0.6140350877192983 0.0033333333333333335 0.005012531328320802
0 0.49583333333333335 0.6083959899749374 0.005 0.006265664160401002
0 0.4716666666666667 0.606516290726817 0.0033333333333333335 0.007518796992481203
0 0.46416666666666667 0.6090225563909775 0.0033333333333333335 0.005012531328320802
0 0.45416666666666666 0.6102756892230576 0.0033333333333333335 0.005012531328320802
0 0.43916666666666665 0.6052631578947368 0.0033333333333333335 0.005012531328320802
0 0.43416666666666665 0.6190476190476191 0.008333333333333333 0.03508771929824561
0 0.3566666666666667 0.5989974937343359 0.008333333333333333 0.03007518796992481
0 0.3541666666666667 0.5977443609022557 0.01 0.03007518796992481
0 0.29833333333333334 0.5776942355889725 0.0033333333333333335 0.005012531328320802
0 0.3441666666666667 0.5776942355889725 0.008333333333333333 0.03007518796992481
0 0.35208333333333336 0.5664160401002506 0.0025 0.005012531328320802
0 0.4125 0.5695488721804511 0.0033333333333333335 0.006265664160401002
0 0.28125 0.6290726817042607 0.005833333333333334 0.007518796992481203
