0 0.953125 0.3562043795620438 0.056640625 0.11386861313868613
0 0.98779296875 0.34890510948905107 0.0400390625 0.07883211678832117
0 0.82177734375 0.3627737226277372 0.0556640625 0.10364963503649635
0 0.74560546875 0.4138686131386861 0.0537109375 0.10656934306569343
0 0.708984375 0.3656934306569343 0.0390625 0.07737226277372262
0 0.64697265625 0.32554744525547447 0.0517578125 0.10510948905109489
0 0.5849609375 0.3452554744525547 0.060546875 0.10656934306569343
0 0.48291015625 0.3554744525547445 0.0576171875 0.11240875912408758
0 0.435546875 0.46131386861313867 0.05859375 0.10510948905109489
0 0.3642578125 0.4058394160583942 0.060546875 0.10802919708029197
0 0.39892578125 0.3124087591240876 0.0517578125 0.10218978102189781
0 0.29052734375 0.34744525547445254 0.0556640625 0.08759124087591241
0 0.23291015625 0.3978102189781022 0.0576171875 0.10364963503649635
0 0.10546875 0.3781021897810219 0.05859375 0.11094890510948906
0 -0.01171875 0.35985401459854016 0.05078125 0.10656934306569343
0 0.1630859375 0.3518248175182482 0.060546875 0.10802919708029197
0 0.251953125 0.3197080291970803 0.05859375 0.10218978102189781
