0 0.026953125 0.5006944444444444 0.02734375 0.05416666666666667
0 0.088671875 0.5270833333333333 0.01484375 0.029166666666666667
0 0.15859375 0.5145833333333333 0.04375 0.09305555555555556
0 0.2625 0.54375 0.0171875 0.0375
0 0.315234375 0.5673611111111111 0.02734375 0.05416666666666667
0 0.37109375 0.5777777777777777 0.015625 0.03333333333333333
0 0.421484375 0.54375 0.03515625 0.07361111111111111
0 0.45078125 0.5631944444444444 0.0171875 0.03194444444444444
0 0.479296875 0.56875 0.00859375 0.020833333333333332
0 0.520703125 0.5513888888888889 0.00703125 0.013888888888888888
0 0.558203125 0.5791666666666667 0.01171875 0.025
0 0.56015625 0.7097222222222223 0.034375 0.08333333333333333
0 0.57421875 0.5722222222222222 0.0125 0.025
0 0.620703125 0.56875 0.03671875 0.06527777777777778
0 0.678125 0.5458333333333333 0.034375 0.06666666666666667
0 0.63984375 0.5423611111111111 0.0171875 0.034722222222222224
0 0.69765625 0.55625 0.0109375 0.029166666666666667
0 0.726953125 0.5555555555555556 0.00859375 0.013888888888888888
0 0.49140625 0.5625 0.00625 0.013888888888888888
0 0.826171875 0.5444444444444444 0.01484375 0.03333333333333333
0 0.837109375 0.53125 0.01953125 0.029166666666666667
0 0.894921875 0.525 0.03203125 0.05277777777777778
0 0.983203125 0.54375 0.03515625 0.05694444444444444
0 0.05625 0.5111111111111111 0.0140625 0.025
0 0.364453125 0.55625 0.01171875 0.02638888888888889
