0 0.06875 0.06332703213610585 0.0175 0.02835538752362949
0 0.103125 0.23062381852551986 0.02125 0.03780718336483932
0 0.08875 0.5907372400756143 0.03 0.054820415879017016
0 0.06125 0.5841209829867675 0.03 0.045368620037807186
0 0.259375 0.2561436672967864 0.02375 0.035916824196597356
0 0.28375 0.23440453686200377 0.02 0.03780718336483932
0 0.374375 0.2485822306238185 0.02125 0.043478260869565216
0 0.314375 0.29584120982986767 0.02625 0.04725897920604915
0 0.29125 0.6181474480151229 0.03 0.04158790170132325
0 0.3125 0.5652173913043478 0.03 0.052930056710775046
0 0.324375 0.500945179584121 0.03125 0.05671077504725898
0 0.360625 0.5434782608695652 0.03125 0.04725897920604915
0 0.513125 0.2485822306238185 0.02125 0.035916824196597356
0 0.543125 0.21928166351606806 0.02375 0.034026465028355386
0 0.60125 0.2533081285444234 0.025 0.03780718336483932
0 0.655 0.23440453686200377 0.02 0.04158790170132325
0 0.72375 0.22873345935727787 0.02 0.034026465028355386
0 0.7375 0.19281663516068054 0.0225 0.04158790170132325
0 0.62625 0.5415879017013232 0.0275 0.043478260869565216
0 0.685 0.4962192816635161 0.0275 0.05103969754253308
0 0.96875 0.501890359168242 0.025 0.043478260869565216
0 0.914375 0.4933837429111531 0.02875 0.045368620037807186
0 0.73125 -0.012287334593572778 0.0125 0.017013232514177693
0 0.734375 0.12287334593572778 0.01875 0.03780718336483932
0 0.773125 0.20132325141776938 0.02125 0.035916824196597356
0 0.791875 0.1720226843100189 0.01875 0.034026465028355386
0 0.745625 0.09262759924385633 0.01375 0.026465028355387523
0 0.79125 0.10207939508506617 0.0175 0.034026465028355386
0 0.853125 0.06521739130434782 0.01625 0.03213610586011342
0 0.88 0.12570888468809074 0.0175 0.02835538752362949
0 0.84625 0.19092627599243855 0.02 0.030245746691871456
0 0.8575 0.17013232514177692 0.02 0.034026465028355386
0 0.895625 0.27882797731569 0.02375 0.03969754253308128
0 0.91 0.2589792060491493 0.0225 0.04158790170132325
0 0.91875 0.2608695652173913 0.0175 0.030245746691871456
0 0.91125 0.20982986767485823 0.0225 0.04158790170132325
0 0.9925 0.2003780718336484 0.02 0.03780718336483932
0 0.988125 0.19092627599243855 0.02125 0.034026465028355386
