0 0.04330254041570439 0.5773381294964028 0.05658198614318707 0.039568345323741004
0 0.20092378752886836 0.5762589928057554 0.06004618937644342 0.04028776978417266
0 0.2592378752886836 0.6086330935251798 0.05658198614318707 0.03741007194244604
0 0.22170900692840648 0.5690647482014388 0.03695150115473441 0.02877697841726619
0 0.28579676674364896 0.6241007194244604 0.03810623556581986 0.029496402877697843
0 0.44226327944572746 0.6539568345323741 0.06235565819861432 0.03741007194244604
0 0.6027713625866051 0.6399280575539569 0.057736720554272515 0.04244604316546763
0 0.32274826789838335 0.5841726618705037 0.04041570438799076 0.02877697841726619
0 0.37066974595842955 0.5960431654676259 0.025404157043879907 0.020863309352517987
0 0.40993071593533487 0.6129496402877698 0.04387990762124711 0.02877697841726619
0 0.4330254041570439 0.624820143884892 0.03233256351039261 0.022302158273381296
0 0.5184757505773672 0.6237410071942446 0.03464203233256351 0.02158273381294964
0 0.6310623556581986 0.6406474820143885 0.026558891454965358 0.019424460431654675
0 0.7575057736720554 0.6586330935251798 0.020785219399538105 0.013669064748201438
0 0.7829099307159353 0.7356115107913669 0.04849884526558892 0.03381294964028777
0 0.7650115473441108 0.7273381294964029 0.04503464203233257 0.034532374100719423
0 0.773094688221709 0.710431654676259 0.04734411085450346 0.025179856115107913
0 0.8775981524249422 0.6884892086330935 0.04387990762124711 0.03597122302158273
0 0.9168591224018475 0.7302158273381295 0.03695150115473441 0.02446043165467626
0 0.6726327944572749 0.6442446043165467 0.02424942263279446 0.016546762589928057
0 0.7118937644341802 0.65 0.026558891454965358 0.015107913669064749
0 0.8568129330254042 0.6600719424460432 0.013856812933025405 0.01079136690647482
0 0.14607390300230946 0.5532374100719425 0.015011547344110854 0.010071942446043165
0 0.17090069284064666 0.5543165467625899 0.013856812933025405 0.00935251798561151
0 0.2921478060046189 0.5902877697841726 0.02771362586605081 0.03525179856115108
