0 0.744140625 0.4677891654465593 0.01953125 0.036603221083455345
0 0.666015625 0.438506588579795 0.02734375 0.0424597364568082
0 0.54052734375 0.5322108345534406 0.0185546875 0.027818448023426062
0 0.46435546875 0.5058565153733529 0.0205078125 0.03074670571010249
0 0.451171875 0.5183016105417276 0.021484375 0.032210834553440704
0 0.39453125 0.5197657393850659 0.021484375 0.03806734992679356
0 0.3603515625 0.5453879941434846 0.0234375 0.0424597364568082
0 0.35498046875 0.5497803806734992 0.0166015625 0.027818448023426062
0 0.328125 0.5563689604685212 0.0234375 0.040995607613469986
0 0.27392578125 0.5461200585651538 0.0244140625 0.043923865300146414
0 0.25390625 0.5585651537335286 0.021484375 0.04538799414348463
0 0.22314453125 0.582723279648609 0.0205078125 0.03806734992679356
0 0.20263671875 0.5885797950219619 0.0244140625 0.043923865300146414
0 -0.017578125 0.6266471449487555 0.01953125 0.032210834553440704
0 0.00146484375 0.6185944363103953 0.0224609375 0.03953147877013177
0 0.02587890625 0.6076134699853587 0.0224609375 0.043923865300146414
0 0.06201171875 0.5673499267935578 0.0302734375 0.05124450951683748
0 0.09521484375 0.5739385065885798 0.0244140625 0.040995607613469986
0 0.1123046875 0.5636896046852123 0.02734375 0.043923865300146414
0 0.16015625 0.5841874084919473 0.017578125 0.029282576866764276
0 0.20068359375 0.5849194729136163 0.0205078125 0.03367496339677892
0 0.39794921875 0.5351390922401171 0.0224609375 0.036603221083455345
0 0.31103515625 0.5592972181551976 0.0205078125 0.040995607613469986
0 0.2939453125 0.5614934114202049 0.017578125 0.03367496339677892
0 0.18896484375 0.5724743777452416 0.0205078125 0.03513909224011713
