0 0.11640625 0.8934426229508197 0.0390625 0.053864168618266976
0 0.1390625 0.8981264637002342 0.025 0.03981264637002342
0 0.034375 0.7224824355971897 0.021875 0.03981264637002342
0 0.0421875 0.6545667447306791 0.021875 0.03981264637002342
0 0.075 0.6487119437939111 0.01875 0.03278688524590164
0 0.1109375 0.6686182669789227 0.01875 0.03044496487119438
0 0.13515625 0.6533957845433255 0.0234375 0.03278688524590164
0 0.2203125 0.7412177985948478 0.021875 0.03981264637002342
0 0.20546875 0.7365339578454333 0.0171875 0.0351288056206089
0 0.1890625 0.6768149882903981 0.01875 0.03278688524590164
0 0.215625 0.6791569086651054 0.021875 0.03278688524590164
0 0.1765625 0.6522248243559718 0.01875 0.03044496487119438
0 0.00234375 0.5480093676814989 0.0109375 0.0234192037470726
0 0.0390625 0.5714285714285714 0.0125 0.02810304449648712
0 0.0640625 0.5831381733021077 0.015625 0.0234192037470726
0 0.184375 0.572599531615925 0.015625 0.02576112412177986
0 0.215625 0.6288056206088993 0.01875 0.03044496487119438
0 0.2265625 0.6557377049180327 0.01875 0.02810304449648712
0 0.2484375 0.5772833723653396 0.0125 0.02107728337236534
0 0.26796875 0.6416861826697893 0.0203125 0.03278688524590164
0 0.29140625 0.6381733021077284 0.0203125 0.03981264637002342
0 0.28984375 0.563231850117096 0.0140625 0.02576112412177986
0 0.32421875 0.5655737704918032 0.0140625 0.02107728337236534
0 0.3453125 0.572599531615925 0.015625 0.03044496487119438
0 0.33046875 0.5761124121779859 0.0109375 0.01873536299765808
0 0.3265625 0.6182669789227166 0.01875 0.02810304449648712
0 0.3234375 0.6615925058548009 0.01875 0.03044496487119438
0 0.35 0.6545667447306791 0.01875 0.02576112412177986
0 0.359375 0.6241217798594848 0.015625 0.02576112412177986
0 0.34140625 0.7060889929742389 0.0234375 0.0351288056206089
0 0.38671875 0.6943793911007026 0.0203125 0.03981264637002342
0 0.415625 0.7634660421545667 0.025 0.0468384074941452
0 0.41328125 0.6955503512880562 0.0234375 0.04215456674473068
0 0.39296875 0.6416861826697893 0.0171875 0.02810304449648712
0 0.38828125 0.6182669789227166 0.0171875 0.03278688524590164
0 0.40625 0.617096018735363 0.01875 0.03044496487119438
0 0.39140625 0.5878220140515222 0.0171875 0.02810304449648712
0 0.3859375 0.5644028103044496 0.009375 0.01873536299765808
0 0.4296875 0.5597189695550351 0.0125 0.0234192037470726
0 0.45546875 0.5515222482435597 0.0140625 0.02107728337236534
0 0.45 0.5819672131147541 0.0125 0.02576112412177986
0 0.4359375 0.6241217798594848 0.021875 0.0351288056206089
0 0.446875 0.6217798594847775 0.01875 0.03044496487119438
0 0.46484375 0.6241217798594848 0.0171875 0.03044496487119438
0 0.43515625 0.5995316159250585 0.0171875 0.03278688524590164
0 0.46171875 0.7049180327868853 0.0234375 0.03278688524590164
0 0.48359375 0.7271662763466042 0.0234375 0.03981264637002342
0 0.4828125 0.711943793911007 0.021875 0.04215456674473068
0 0.49453125 0.6920374707259953 0.0203125 0.0351288056206089
0 0.4953125 0.689695550351288 0.01875 0.03044496487119438
0 0.5515625 0.734192037470726 0.021875 0.03981264637002342
0 0.5859375 0.7236533957845434 0.021875 0.03747072599531616
0 0.5765625 0.6920374707259953 0.021875 0.03981264637002342
0 0.48671875 0.6112412177985949 0.0171875 0.02810304449648712
0 0.49921875 0.6124121779859485 0.0140625 0.02576112412177986
0 0.51015625 0.6229508196721312 0.0171875 0.03278688524590164
0 0.5359375 0.6194379391100703 0.01875 0.0351288056206089
0 0.55234375 0.6124121779859485 0.0171875 0.03044496487119438
0 0.5828125 0.6159250585480094 0.01875 0.02810304449648712
0 0.60390625 0.6627634660421545 0.0203125 0.03278688524590164
0 0.60390625 0.6592505854800936 0.0203125 0.0351288056206089
0 0.6234375 0.6709601873536299 0.01875 0.03044496487119438
0 0.64921875 0.6428571428571429 0.0171875 0.0351288056206089
0 0.66640625 0.6217798594847775 0.0171875 0.03044496487119438
0 0.51875 0.5550351288056206 0.015625 0.0234192037470726
0 0.5421875 0.5679156908665105 0.015625 0.02576112412177986
0 0.57578125 0.5644028103044496 0.0140625 0.0234192037470726
0 0.52890625 0.4765807962529274 0.0109375 0.01639344262295082
0 0.509375 0.4765807962529274 0.00625 0.0117096018735363
0 0.540625 0.48360655737704916 0.009375 0.01639344262295082
0 0.5421875 0.468384074941452 0.009375 0.01405152224824356
0 0.5625 0.4859484777517564 0.009375 0.0117096018735363
0 0.5671875 0.4964871194379391 0.009375 0.01405152224824356
0 0.590625 0.4953161592505855 0.009375 0.01639344262295082
0 0.6171875 0.49882903981264637 0.009375 0.01405152224824356
0 0.64765625 0.5234192037470726 0.0109375 0.01639344262295082
0 0.675 0.49882903981264637 0.0125 0.01873536299765808
0 0.71171875 0.6756440281030445 0.0203125 0.03044496487119438
0 0.72890625 0.6627634660421545 0.0234375 0.03278688524590164
0 0.778125 0.6978922716627635 0.021875 0.03747072599531616
0 0.7609375 0.7142857142857143 0.021875 0.03747072599531616
0 0.7578125 0.6651053864168618 0.021875 0.03747072599531616
0 0.80234375 0.6943793911007026 0.0203125 0.03044496487119438
0 0.74296875 0.6311475409836066 0.0203125 0.0351288056206089
0 0.778125 0.6358313817330211 0.01875 0.03044496487119438
0 0.79609375 0.6276346604215457 0.0171875 0.02810304449648712
0 0.8203125 0.6533957845433255 0.021875 0.03278688524590164
0 0.8609375 0.6885245901639344 0.021875 0.03747072599531616
0 0.85390625 0.6358313817330211 0.0171875 0.03044496487119438
0 0.903125 0.6370023419203747 0.01875 0.03747072599531616
0 0.87265625 0.6182669789227166 0.0203125 0.03747072599531616
0 0.83046875 0.5878220140515222 0.0171875 0.02810304449648712
0 0.95625 0.680327868852459 0.01875 0.03981264637002342
0 0.99765625 0.6779859484777517 0.0140625 0.02576112412177986
0 0.92421875 0.6615925058548009 0.0203125 0.0351288056206089
0 0.96171875 0.6334894613583139 0.0234375 0.0351288056206089
0 0.88671875 0.5936768149882904 0.0171875 0.03044496487119438
0 0.90546875 0.5737704918032787 0.0140625 0.02810304449648712
0 0.86953125 0.5679156908665105 0.0140625 0.02576112412177986
0 0.95546875 0.5714285714285714 0.0203125 0.02810304449648712
0 0.98828125 0.5714285714285714 0.0140625 0.0234192037470726
0 0.934375 0.5421545667447307 0.0125 0.02107728337236534
0 0.91953125 0.5608899297423887 0.0140625 0.02576112412177986
0 0.96875 0.522248243559719 0.0125 0.0234192037470726
0 0.9359375 0.5421545667447307 0.0125 0.02107728337236534
0 0.86484375 0.5351288056206089 0.0109375 0.02107728337236534
0 0.76875 0.5749414519906323 0.0125 0.02107728337236534
0 0.75078125 0.5796252927400468 0.0109375 0.01639344262295082
0 0.7125 0.5702576112412178 0.0125 0.02107728337236534
0 0.70546875 0.5562060889929742 0.0140625 0.02107728337236534
0 0.7421875 0.5562060889929742 0.0125 0.02107728337236534
0 0.76796875 0.550351288056206 0.0109375 0.01873536299765808
0 0.75390625 0.5526932084309133 0.0109375 0.0234192037470726
0 0.72734375 0.5292740046838408 0.0109375 0.01873536299765808
0 0.77265625 0.509367681498829 0.0109375 0.02107728337236534
0 0.7984375 0.4847775175644028 0.009375 0.01405152224824356
0 0.78515625 0.4859484777517564 0.0109375 0.01639344262295082
0 0.81796875 0.49414519906323184 0.0078125 0.01405152224824356
0 0.1265625 0.46252927400468385 0.00625 0.0117096018735363
0 0.1375 0.4637002341920375 0.0125 0.04215456674473068
0 0.1234375 0.44730679156908665 0.0125 0.03747072599531616
0 0.175 0.46252927400468385 0.00625 0.00702576112412178
0 0.26015625 0.43208430913348944 0.0046875 0.00702576112412178
0 0.9578125 0.4601873536299766 0.009375 0.01639344262295082
0 0.9859375 0.4637002341920375 0.009375 0.01405152224824356
