0 0.025974025974025976 0.5932692307692308 0.02886002886002886 0.04807692307692308
0 0.2857142857142857 0.6038461538461538 0.03318903318903319 0.05384615384615385
0 0.36724386724386726 0.6302884615384615 0.03896103896103896 0.0625
0 0.4556277056277056 0.6269230769230769 0.0367965367965368 0.06346153846153846
0 0.5303030303030303 0.6399038461538461 0.03751803751803752 0.0625
0 0.6540404040404041 0.6153846153846154 0.04112554112554113 0.06538461538461539
0 0.7651515151515151 0.5802884615384616 0.04256854256854257 0.06826923076923076
0 0.908008658008658 0.5754807692307692 0.04256854256854257 0.06442307692307692
0 0.7914862914862915 0.5634615384615385 0.031746031746031744 0.05961538461538462
0 0.6832611832611832 0.5596153846153846 0.04329004329004329 0.07307692307692308
0 0.5793650793650794 0.5745192307692307 0.03463203463203463 0.06057692307692308
0 0.494949494949495 0.5927884615384615 0.03318903318903319 0.052884615384615384
0 0.4202741702741703 0.5889423076923077 0.03391053391053391 0.058653846153846154
0 0.33910533910533913 0.5966346153846154 0.03896103896103896 0.06057692307692308
0 0.7655122655122655 0.510576923076923 0.031746031746031744 0.057692307692307696
0 0.7023809523809523 0.5307692307692308 0.03391053391053391 0.05961538461538462
0 0.6103896103896104 0.5673076923076923 0.02886002886002886 0.05576923076923077
0 0.6277056277056277 0.5524038461538462 0.03318903318903319 0.04903846153846154
0 0.5025252525252525 0.5610576923076923 0.031024531024531024 0.04903846153846154
0 0.4000721500721501 0.5533653846153846 0.031024531024531024 0.052884615384615384
0 0.3538961038961039 0.5682692307692307 0.032467532467532464 0.05
0 0.3351370851370851 0.53125 0.02958152958152958 0.041346153846153845
0 0.4411976911976912 0.520673076923077 0.025252525252525252 0.04326923076923077
0 0.5075757575757576 0.5163461538461539 0.026695526695526696 0.04038461538461539
0 0.5681818181818182 0.5173076923076924 0.025252525252525252 0.04423076923076923
0 0.6305916305916306 0.5091346153846154 0.025974025974025976 0.04519230769230769
0 0.6973304473304474 0.4889423076923077 0.026695526695526696 0.04519230769230769
0 0.7366522366522367 0.4855769230769231 0.02886002886002886 0.04807692307692308
0 0.3795093795093795 0.5399038461538461 0.010101010101010102 0.01826923076923077
0 0.3694083694083694 0.4913461538461538 0.005772005772005772 0.009615384615384616
0 0.3878066378066378 0.5158653846153847 0.00937950937950938 0.0125
0 0.4852092352092352 0.5153846153846153 0.00937950937950938 0.015384615384615385
0 0.564935064935065 0.5533653846153846 0.030303030303030304 0.04903846153846154
0 0.9704184704184704 0.8115384615384615 0.03318903318903319 0.046153846153846156
0 0.39754689754689754 0.46105769230769234 0.004329004329004329 0.006730769230769231
0 0.37373737373737376 0.43173076923076925 0.002886002886002886 0.0038461538461538464
0 0.38455988455988455 0.40673076923076923 0.002886002886002886 0.0038461538461538464
0 0.37554112554112556 0.4033653846153846 0.0036075036075036075 0.004807692307692308
0 0.4054834054834055 0.5355769230769231 0.025974025974025976 0.04807692307692308
0 0.3903318903318903 0.4894230769230769 0.005772005772005772 0.007692307692307693
0 0.4018759018759019 0.4875 0.005772005772005772 0.007692307692307693
0 0.4051226551226551 0.5014423076923077 0.00937950937950938 0.016346153846153847
0 0.3823953823953824 0.49903846153846154 0.005772005772005772 0.007692307692307693
0 0.363997113997114 0.5192307692307693 0.007936507936507936 0.011538461538461539
