0 0.41458333333333336 0.6622222222222223 0.005833333333333334 0.011851851851851851
0 0.44916666666666666 0.6659259259259259 0.01 0.01925925925925926
0 0.4675 0.6807407407407408 0.006666666666666667 0.013333333333333334
0 0.48 0.6614814814814814 0.006666666666666667 0.013333333333333334
0 0.485 0.6533333333333333 0.006666666666666667 0.011851851851851851
0 0.5275 0.6637037037037037 0.006666666666666667 0.014814814814814815
0 0.5479166666666667 0.6637037037037037 0.0075 0.014814814814814815
0 0.5545833333333333 0.6644444444444444 0.0075 0.016296296296296295
0 0.5895833333333333 0.6844444444444444 0.005833333333333334 0.014814814814814815
0 0.6279166666666667 0.6459259259259259 0.010833333333333334 0.02962962962962963
0 0.42791666666666667 0.6674074074074074 0.0075 0.013333333333333334
0 0.4325 0.74 0.013333333333333334 0.045925925925925926
0 0.46166666666666667 0.6474074074074074 0.006666666666666667 0.014814814814814815
0 0.54 0.6681481481481482 0.006666666666666667 0.014814814814814815
