0 0.09147609147609148 0.4140625 0.05405405405405406 0.109375
0 0.13877338877338877 0.4262152777777778 0.07380457380457381 0.1440972222222222
0 0.25727650727650725 0.3880208333333333 0.07172557172557173 0.16145833333333334
0 0.224012474012474 0.4288194444444444 0.04261954261954262 0.09722222222222222
0 0.37785862785862784 0.3333333333333333 0.06548856548856549 0.1284722222222222
0 0.49584199584199584 0.3967013888888889 0.07484407484407485 0.15104166666666666
0 0.47713097713097713 0.3663194444444444 0.07692307692307693 0.16319444444444445
0 0.5878378378378378 0.3706597222222222 0.08212058212058213 0.1579861111111111
0 0.6221413721413721 0.3411458333333333 0.06548856548856549 0.1440972222222222
0 0.6694386694386695 0.3541666666666667 0.04573804573804574 0.10069444444444445
0 0.775987525987526 0.22569444444444445 0.09667359667359668 0.19444444444444445
