0 0.38576923076923075 0.6044417767106842 0.016153846153846154 0.030012004801920768
0 0.4196153846153846 0.5552220888355343 0.01769230769230769 0.03241296518607443
0 0.4126923076923077 0.507202881152461 0.008461538461538461 0.015606242496998799
0 0.4257692307692308 0.49939975990396157 0.005384615384615384 0.009603841536614645
0 0.41115384615384615 0.4963985594237695 0.0038461538461538464 0.006002400960384154
0 0.4326923076923077 0.521608643457383 0.014615384615384615 0.027611044417767107
0 0.45269230769230767 0.5132052821128451 0.01 0.015606242496998799
0 0.47192307692307695 0.5258103241296519 0.005384615384615384 0.009603841536614645
0 0.48 0.5132052821128451 0.009230769230769232 0.01800720288115246
0 0.49653846153846154 0.5102040816326531 0.006923076923076923 0.012004801920768308
0 0.49346153846153845 0.524609843937575 0.014615384615384615 0.028811524609843937
0 0.5288461538461539 0.5066026410564226 0.014615384615384615 0.021608643457382955
0 0.5457692307692308 0.5066026410564226 0.008461538461538461 0.014405762304921969
0 0.5653846153846154 0.5558223289315727 0.012307692307692308 0.021608643457382955
0 0.5884615384615385 0.521608643457383 0.012307692307692308 0.02040816326530612
0 0.6088461538461538 0.5198079231692677 0.013076923076923076 0.021608643457382955
0 0.6226923076923077 0.5120048019207684 0.01 0.01800720288115246
0 0.6480769230769231 0.524609843937575 0.008461538461538461 0.01680672268907563
0 0.37576923076923074 0.5120048019207684 0.01 0.015606242496998799
0 0.34192307692307694 0.5312124849939976 0.008461538461538461 0.013205282112845138
0 0.3353846153846154 0.5168067226890757 0.007692307692307693 0.013205282112845138
0 0.3546153846153846 0.5018007202881153 0.007692307692307693 0.012004801920768308
0 0.3880769230769231 0.4909963985594238 0.0038461538461538464 0.004801920768307323
0 0.36038461538461536 0.5018007202881153 0.005384615384615384 0.009603841536614645
