0 0.052734375 0.20251937984496124 0.02578125 0.0755813953488372
0 0.100390625 0.20930232558139536 0.02578125 0.06589147286821706
0 0.157421875 0.18507751937984496 0.02265625 0.06782945736434108
0 0.19296875 0.17926356589147288 0.0265625 0.07945736434108527
0 0.137890625 0.22674418604651161 0.02578125 0.08139534883720931
0 0.078125 0.26356589147286824 0.0234375 0.07364341085271318
0 0.112890625 0.2655038759689923 0.02265625 0.07751937984496124
0 0.151171875 0.250968992248062 0.02890625 0.07945736434108527
0 0.17890625 0.25290697674418605 0.028125 0.07945736434108527
0 0.2203125 0.250968992248062 0.0234375 0.07170542635658915
0 0.244921875 0.25872093023255816 0.02265625 0.07170542635658915
0 0.26953125 0.25193798449612403 0.0234375 0.08139534883720931
0 0.295703125 0.24031007751937986 0.02265625 0.08139534883720931
0 0.327734375 0.23255813953488372 0.02421875 0.07364341085271318
0 0.37734375 0.24709302325581395 0.021875 0.07945736434108527
0 0.37109375 0.17829457364341086 0.025 0.07751937984496124
0 0.43671875 0.2441860465116279 0.0234375 0.08527131782945736
0 0.421484375 0.2005813953488372 0.02265625 0.0755813953488372
0 0.466015625 0.18410852713178294 0.02265625 0.06589147286821706
0 0.4921875 0.2655038759689923 0.025 0.08139534883720931
0 0.508984375 0.1937984496124031 0.02421875 0.07751937984496124
0 0.534375 0.2180232558139535 0.025 0.06782945736434108
0 0.587890625 0.24709302325581395 0.02734375 0.07945736434108527
0 0.587890625 0.16666666666666666 0.02421875 0.07751937984496124
0 0.62109375 0.17054263565891473 0.0234375 0.07364341085271318
0 0.608984375 0.23062015503875968 0.02109375 0.06976744186046512
0 0.6640625 0.19670542635658914 0.028125 0.0872093023255814
0 0.6453125 0.29554263565891475 0.0234375 0.0755813953488372
0 0.66640625 0.26744186046511625 0.025 0.07364341085271318
0 0.71484375 0.2616279069767442 0.0296875 0.08139534883720931
0 0.73359375 0.17926356589147288 0.025 0.0755813953488372
0 0.787109375 0.2761627906976744 0.02734375 0.09496124031007752
0 0.853125 0.29069767441860467 0.028125 0.08527131782945736
0 0.888671875 0.2810077519379845 0.02890625 0.07751937984496124
0 0.942578125 0.2868217054263566 0.02734375 0.07364341085271318
0 0.1953125 0.2819767441860465 0.0234375 0.07170542635658915
0 0.13359375 0.3633720930232558 0.028125 0.0872093023255814
0 0.0859375 0.4932170542635659 0.028125 0.0872093023255814
0 0.14140625 0.4699612403100775 0.0265625 0.0872093023255814
0 0.21953125 0.5077519379844961 0.025 0.08527131782945736
0 0.24765625 0.46027131782945735 0.025 0.0755813953488372
0 0.2765625 0.5048449612403101 0.025 0.0755813953488372
0 0.33515625 0.46124031007751937 0.0265625 0.07364341085271318
0 0.38515625 0.48546511627906974 0.0265625 0.0872093023255814
0 0.441796875 0.5261627906976745 0.02734375 0.09496124031007752
0 0.5046875 0.5368217054263565 0.03125 0.08527131782945736
0 0.586328125 0.5300387596899225 0.02734375 0.09496124031007752
0 0.6828125 0.4951550387596899 0.0296875 0.09883720930232558
0 0.787109375 0.5077519379844961 0.02890625 0.09302325581395349
0 0.83515625 0.562984496124031 0.028125 0.09108527131782945
0 0.911328125 0.562984496124031 0.03359375 0.0872093023255814
0 0.582421875 0.623062015503876 0.02890625 0.09496124031007752
0 0.497265625 0.6124031007751938 0.02578125 0.09302325581395349
0 0.41640625 0.5843023255813954 0.028125 0.09108527131782945
0 0.33515625 0.5872093023255814 0.0265625 0.08914728682170543
0 0.244140625 0.5978682170542635 0.03046875 0.09496124031007752
0 0.1671875 0.625968992248062 0.0296875 0.08527131782945736
0 0.0921875 0.6211240310077519 0.0328125 0.09496124031007752
0 0.832421875 0.2819767441860465 0.02421875 0.07170542635658915
0 0.848046875 0.23255813953488372 0.02265625 0.06589147286821706
0 0.811328125 0.2238372093023256 0.02265625 0.07170542635658915
0 0.7875 0.22577519379844962 0.021875 0.060077519379844964
0 0.746875 0.2868217054263566 0.0234375 0.07364341085271318
0 0.315625 0.2054263565891473 0.021875 0.07364341085271318
0 0.358984375 0.2441860465116279 0.02421875 0.07364341085271318
