0 0.2239297475301866 0.42972181551976574 0.048298572996706916 0.0746705710102489
0 0.3556531284302964 0.4494875549048316 0.04610318331503842 0.07320644216691069
0 0.4270032930845225 0.43045387994143486 0.04610318331503842 0.05856515373352855
0 0.47200878155872666 0.42020497803806733 0.03951701427003293 0.05856515373352855
0 0.5488474204171241 0.40483162518301613 0.03512623490669594 0.0629575402635432
0 0.6037321624588364 0.4267935578330893 0.03293084522502744 0.05710102489019034
0 0.6344676180021954 0.404099560761347 0.03512623490669594 0.0527086383601757
0 0.6498353457738749 0.4407027818448023 0.030735455543358946 0.04978038067349927
0 0.7014270032930845 0.41654465592972184 0.030735455543358946 0.04538799414348463
0 0.7612513721185511 0.41142020497803805 0.031833150384193196 0.04685212298682284
0 0.8166849615806806 0.4158125915080527 0.02854006586169045 0.043923865300146414
0 0.007135016465422613 0.4355783308931186 0.020856201975850714 0.03367496339677892
0 0.09989023051591657 0.438506588579795 0.021953896816684963 0.03074670571010249
0 0.13391877058177826 0.43265007320644217 0.015367727771679473 0.03074670571010249
0 0.15697036223929747 0.43265007320644217 0.01756311745334797 0.027818448023426062
0 0.18990120746432493 0.42972181551976574 0.019758507135016465 0.03074670571010249
0 0.28210757409440174 0.4341142020497804 0.01756311745334797 0.027818448023426062
0 0.31229418221734356 0.43997071742313326 0.01646542261251372 0.024890190336749635
0 0.3732162458836443 0.44143484626647145 0.013172338090010977 0.016105417276720352
0 0.5038419319429198 0.42093704245973645 0.013172338090010977 0.01903367496339678
0 0.0005488474204171241 0.4084919472913616 0.018660812294182216 0.02635431918008785
0 0.09934138309549945 0.43704245973645683 0.018660812294182216 0.03074670571010249
