0 0.9892857142857143 0.657608695652174 0.009183673469387756 0.014492753623188406
0 0.9204081632653062 0.6684782608695652 0.006122448979591836 0.010869565217391304
0 0.8637755102040816 0.6557971014492754 0.007142857142857143 0.010869565217391304
0 0.7836734693877551 0.6603260869565217 0.00816326530612245 0.016304347826086956
0 0.7688775510204081 0.6666666666666666 0.007142857142857143 0.010869565217391304
0 0.7535714285714286 0.6530797101449275 0.007142857142857143 0.012681159420289856
0 0.7387755102040816 0.6530797101449275 0.00816326530612245 0.016304347826086956
0 0.7117346938775511 0.654891304347826 0.009183673469387756 0.016304347826086956
0 0.6938775510204082 0.6539855072463768 0.00816326530612245 0.014492753623188406
0 0.6739795918367347 0.6594202898550725 0.007142857142857143 0.014492753623188406
0 0.6494897959183673 0.6621376811594203 0.009183673469387756 0.016304347826086956
0 0.6403061224489796 0.6512681159420289 0.00510204081632653 0.009057971014492754
0 0.6295918367346939 0.6585144927536232 0.01020408163265306 0.016304347826086956
0 0.6142857142857143 0.6603260869565217 0.00816326530612245 0.016304347826086956
0 0.6035714285714285 0.6594202898550725 0.007142857142857143 0.014492753623188406
0 0.5229591836734694 0.6485507246376812 0.007142857142857143 0.014492753623188406
0 0.498469387755102 0.654891304347826 0.009183673469387756 0.016304347826086956
0 0.5494897959183673 0.6567028985507246 0.007142857142857143 0.012681159420289856
0 0.5591836734693878 0.654891304347826 0.00816326530612245 0.016304347826086956
0 0.5897959183673469 0.6539855072463768 0.00816326530612245 0.014492753623188406
0 0.7908163265306123 0.6503623188405797 0.006122448979591836 0.010869565217391304
