0 0.08807692307692308 0.3206066945606695 0.025384615384615384 0.038702928870292884
0 0.13884615384615384 0.3666317991631799 0.023846153846153847 0.036610878661087864
0 0.28307692307692306 0.3797071129707113 0.018461538461538463 0.029288702928870293
0 0.3030769230769231 0.20711297071129708 0.038461538461538464 0.06694560669456066
0 0.39653846153846156 0.1684100418410042 0.045384615384615384 0.0794979079497908
0 0.5038461538461538 0.20868200836820083 0.04 0.06589958158995816
0 0.5238461538461539 0.1694560669456067 0.04 0.08158995815899582
0 0.5823076923076923 0.20188284518828453 0.04 0.06276150627615062
0 0.6576923076923077 0.15585774058577406 0.046153846153846156 0.0794979079497908
0 0.7857692307692308 0.34989539748953974 0.025384615384615384 0.032426778242677826
0 0.8138461538461539 0.350418410041841 0.023076923076923078 0.03556485355648536
0 0.9742307692307692 0.2688284518828452 0.03461538461538462 0.043933054393305436
