0 0.03714040360669815 0.2717996289424861 0.06225848003434951 0.09090909090909091
0 0.17475311292400172 0.3042671614100185 0.056676685272649206 0.09400123685837972
0 0.28595963933018465 0.30952380952380953 0.05238299699441821 0.08967223252937538
0 0.4562043795620438 0.24458874458874458 0.05195362816659511 0.09709338280766852
0 0.5852297123228853 0.2912801484230056 0.048948046371833406 0.09400123685837972
0 0.6809789609274367 0.2631416202844774 0.0498067840274796 0.08967223252937538
0 0.7788750536711034 0.3320964749536178 0.048948046371833406 0.10018552875695733
0 0.8407041648776299 0.32653061224489793 0.05238299699441821 0.0878169449598021
0 0.9280807213396307 0.5983302411873841 0.05710605410047231 0.10327767470624613
0 0.8261056247316445 0.6388373531230674 0.0498067840274796 0.0878169449598021
0 0.7264920566766853 0.66573902288188 0.056676685272649206 0.09709338280766852
0 0.6655216831258051 0.6326530612244898 0.0498067840274796 0.09523809523809523
0 0.5697724345212538 0.6125541125541125 0.055817947617003004 0.09956709956709957
0 0.5764276513525118 0.40785405071119357 0.05195362816659511 0.09833024118738404
0 0.5064405324173465 0.5235003092145949 0.051094890510948905 0.11069882498453927
0 0.39759553456419067 0.38961038961038963 0.05238299699441821 0.09029066171923315
0 0.32073851438385576 0.42795299938157083 0.064405324173465 0.11131725417439703
0 0.3696865607556891 0.6586270871985158 0.05753542292829541 0.11997526283240569
0 0.1807642765135251 0.4390847247990105 0.056676685272649206 0.09400123685837972
0 0.12902533276084158 0.7155225726654298 0.06569343065693431 0.09894867037724181
