0 0.9598684210526316 0.6971235194585449 0.014473684210526316 0.02030456852791878
0 0.9348684210526316 0.6996615905245347 0.011842105263157895 0.018612521150592216
0 0.8585526315789473 0.6658206429780034 0.025 0.04230118443316413
0 0.2243421052631579 0.6759729272419628 0.02236842105263158 0.03553299492385787
0 0.30723684210526314 0.6776649746192893 0.02236842105263158 0.038917089678511
0 0.37763157894736843 0.6590524534686971 0.021052631578947368 0.032148900169204735
0 0.45921052631578946 0.6759729272419628 0.021052631578947368 0.03553299492385787
0 0.49276315789473685 0.7072758037225042 0.019736842105263157 0.030456852791878174
0 0.49473684210526314 0.6742808798646363 0.018421052631578946 0.032148900169204735
0 0.5513157894736842 0.6658206429780034 0.021052631578947368 0.028764805414551606
0 0.6328947368421053 0.6514382402707276 0.02368421052631579 0.03722504230118443
0 0.5671052631578948 0.6142131979695431 0.018421052631578946 0.02707275803722504
0 0.594078947368421 0.5879864636209814 0.017105263157894738 0.028764805414551606
0 0.7401315789473685 0.6455160744500846 0.025 0.04230118443316413
0 0.7638157894736842 0.6277495769881557 0.02236842105263158 0.03722504230118443
0 0.7460526315789474 0.5702199661590525 0.02368421052631579 0.0338409475465313
0 0.7157894736842105 0.5676818950930627 0.018421052631578946 0.032148900169204735
0 0.6914473684210526 0.5685279187817259 0.019736842105263157 0.0338409475465313
0 0.6421052631578947 0.5693739424703892 0.021052631578947368 0.03553299492385787
0 0.11644736842105263 0.6539763113367174 0.009210526315789473 0.011844331641285956
0 0.09802631578947368 0.6556683587140439 0.011842105263157895 0.015228426395939087
0 0.07828947368421052 0.6539763113367174 0.011842105263157895 0.018612521150592216
0 0.05592105263157895 0.6573604060913706 0.009210526315789473 0.015228426395939087
0 0.029605263157894735 0.6598984771573604 0.009210526315789473 0.01353637901861252
0 0.015789473684210527 0.6607445008460237 0.013157894736842105 0.018612521150592216
