0 0.0302734375 0.5797950219619327 0.04296875 0.07906295754026355
0 0.060546875 0.5453879941434846 0.03515625 0.05710102489019034
0 0.04931640625 0.5197657393850659 0.0302734375 0.04978038067349927
0 0.125 0.5519765739385066 0.041015625 0.07320644216691069
0 0.1669921875 0.5336749633967789 0.037109375 0.05710102489019034
0 0.30517578125 0.568081991215227 0.0380859375 0.07906295754026355
0 0.4365234375 0.5168374816983895 0.0390625 0.07320644216691069
0 0.46337890625 0.48975109809663253 0.0419921875 0.0746705710102489
0 0.48876953125 0.5783308931185944 0.0380859375 0.07320644216691069
0 0.61083984375 0.5431918008784773 0.0341796875 0.055636896046852125
0 0.7646484375 0.5021961932650073 0.0390625 0.06734992679355783
0 0.77880859375 0.5497803806734992 0.0322265625 0.05417276720351391
0 0.9296875 0.54099560761347 0.037109375 0.0629575402635432
0 0.9296875 0.5468521229868228 0.029296875 0.048316251830161056
