0 0.8461538461538461 0.30073221757322177 0.05384615384615385 0.09309623430962342
0 0.7411538461538462 0.27824267782426776 0.04846153846153846 0.08158995815899582
0 0.6265384615384615 0.35251046025104604 0.04846153846153846 0.09205020920502092
0 0.5126923076923077 0.2756276150627615 0.05 0.08682008368200837
0 0.41807692307692307 0.2813807531380753 0.05615384615384615 0.08786610878661087
0 0.235 0.25052301255230125 0.031538461538461536 0.05753138075313807
0 0.20076923076923076 0.25523012552301255 0.03076923076923077 0.05230125523012552
0 0.12192307692307693 0.22228033472803346 0.03 0.04707112970711297
0 0.14461538461538462 0.22751046025104602 0.026153846153846153 0.049163179916317995
0 0.04230769230769231 0.22489539748953974 0.033846153846153845 0.056485355648535567
0 0.010384615384615384 0.2452928870292887 0.026923076923076925 0.04707112970711297
