0 0.18 0.5544444444444444 0.01 0.02
0 0.261875 0.5844444444444444 0.01125 0.022222222222222223
0 0.301875 0.5222222222222223 0.01375 0.03111111111111111
0 0.353125 0.4777777777777778 0.02125 0.04888888888888889
0 0.41125 0.4922222222222222 0.0175 0.03333333333333333
0 0.5125 0.4222222222222222 0.03 0.057777777777777775
0 0.408125 0.17222222222222222 0.05875 0.10888888888888888
0 0.495 0.2633333333333333 0.055 0.09111111111111111
0 0.605625 0.3244444444444444 0.04375 0.09777777777777778
0 0.703125 0.31444444444444447 0.04875 0.08222222222222222
0 0.8675 0.21888888888888888 0.0625 0.1
