0 0.010273972602739725 0.7282608695652174 0.04033485540334855 0.09267734553775744
0 0.0624048706240487 0.7459954233409611 0.0410958904109589 0.06407322654462243
0 0.06735159817351598 0.8775743707093822 0.07686453576864535 0.14416475972540047
0 0.13051750380517504 0.7311212814645309 0.04490106544901065 0.06864988558352403
0 0.1948249619482496 0.7860411899313501 0.0487062404870624 0.08695652173913043
0 0.2161339421613394 0.7402745995423341 0.0228310502283105 0.041189931350114416
0 0.2644596651445967 0.75 0.02511415525114155 0.03775743707093822
0 0.278158295281583 0.8100686498855835 0.04490106544901065 0.07780320366132723
0 0.3474124809741248 0.7797482837528604 0.07838660578386605 0.15446224256292906
0 0.3942161339421613 0.772883295194508 0.0319634703196347 0.06521739130434782
0 0.4113394216133942 0.738558352402746 0.01445966514459665 0.02402745995423341
0 0.5285388127853882 0.8535469107551488 0.06012176560121765 0.11441647597254005
0 0.4710806697108067 0.782608695652174 0.0319634703196347 0.06636155606407322
0 0.4611872146118721 0.75 0.0243531202435312 0.04462242562929062
0 0.5057077625570776 0.755720823798627 0.01445966514459665 0.028604118993135013
0 0.5163622526636226 0.7688787185354691 0.01445966514459665 0.02745995423340961
0 0.5334855403348554 0.7505720823798627 0.0197869101978691 0.034324942791762014
0 0.5574581430745814 0.7419908466819222 0.01293759512937595 0.02402745995423341
0 0.5821917808219178 0.7477116704805492 0.0136986301369863 0.02402745995423341
0 0.563165905631659 0.7717391304347826 0.0228310502283105 0.04691075514874142
0 0.6510654490106544 0.7356979405034325 0.01141552511415525 0.016018306636155607
0 0.867579908675799 0.7763157894736842 0.0197869101978691 0.04233409610983982
0 0.18683409436834095 0.7168192219679634 0.02663622526636225 0.05148741418764302
0 0.6533485540334856 0.7254004576659039 0.00684931506849315 0.013729977116704805
