0 0.003205128205128205 0.5095057034220533 0.010683760683760684 0.026615969581749048
0 0.05982905982905983 0.5152091254752852 0.021367521367521368 0.03802281368821293
0 0.07318376068376069 0.5247148288973384 0.018162393162393164 0.03802281368821293
0 0.09668803418803419 0.5114068441064639 0.011752136752136752 0.019011406844106463
0 0.24893162393162394 0.48193916349809884 0.014957264957264958 0.028517110266159697
0 0.28899572649572647 0.48574144486692017 0.011752136752136752 0.02091254752851711
0 0.296474358974359 0.48859315589353614 0.009615384615384616 0.019011406844106463
0 0.34294871794871795 0.48003802281368824 0.014957264957264958 0.028517110266159697
0 0.15384615384615385 0.5123574144486692 0.008547008547008548 0.051330798479087454
0 0.14957264957264957 0.5313688212927756 0.008547008547008548 0.04752851711026616
