0 0.15478515625 0.2020497803806735 0.0048828125 0.008784773060029283
0 0.12158203125 0.35724743777452417 0.0068359375 0.01171303074670571
0 0.1357421875 0.45534407027818447 0.021484375 0.04685212298682284
0 0.068359375 0.17130307467057102 0.015625 0.029282576866764276
0 0.08935546875 0.16471449487554904 0.0029296875 0.004392386530014641
0 0.3056640625 0.40775988286969256 0.005859375 0.010248901903367497
0 0.32177734375 0.41800878477306 0.0205078125 0.0629575402635432
0 0.33349609375 0.3814055636896047 0.0068359375 0.010248901903367497
0 0.34228515625 0.3938506588579795 0.0166015625 0.06442166910688141
0 0.3515625 0.3623718887262079 0.005859375 0.010248901903367497
0 0.36865234375 0.3418740849194729 0.0048828125 0.010248901903367497
0 0.376953125 0.34699853587115664 0.005859375 0.008784773060029283
0 0.3818359375 0.32430453879941434 0.005859375 0.010248901903367497
0 0.35888671875 0.5036603221083455 0.0068359375 0.01171303074670571
0 0.3671875 0.465592972181552 0.0078125 0.014641288433382138
0 0.451171875 0.43484626647144947 0.0078125 0.014641288433382138
0 0.30517578125 0.2935578330893119 0.0166015625 0.048316251830161056
0 0.3330078125 0.3103953147877013 0.005859375 0.008784773060029283
0 0.4365234375 0.6464128843338214 0.01171875 0.01903367496339678
0 0.634765625 0.5893118594436311 0.0078125 0.016105417276720352
0 0.533203125 0.5161054172767203 0.0078125 0.013177159590043924
0 0.51806640625 0.4970717423133236 0.0107421875 0.016105417276720352
0 0.51953125 0.4882869692532943 0.009765625 0.016105417276720352
0 0.52099609375 0.4751098096632504 0.0087890625 0.013177159590043924
0 0.54345703125 0.4546120058565154 0.0068359375 0.010248901903367497
0 0.54150390625 0.445095168374817 0.0087890625 0.014641288433382138
0 0.57373046875 0.4568081991215227 0.0087890625 0.014641288433382138
0 0.57421875 0.4443631039531479 0.0078125 0.010248901903367497
0 0.591796875 0.4546120058565154 0.0078125 0.013177159590043924
0 0.685546875 0.6896046852122987 0.015625 0.02635431918008785
0 0.72119140625 0.7071742313323572 0.0146484375 0.02635431918008785
0 0.77587890625 0.7159590043923866 0.0146484375 0.029282576866764276
0 0.76953125 0.7335285505124451 0.017578125 0.032210834553440704
0 0.94580078125 0.4538799414348463 0.0556640625 0.09370424597364568
0 0.36083984375 0.36530014641288433 0.0048828125 0.010248901903367497
0 0.33154296875 0.38872620790629575 0.0068359375 0.010248901903367497
