0 0.04153846153846154 0.8234597156398105 0.021538461538461538 0.045023696682464455
0 0.09384615384615384 0.7997630331753555 0.018461538461538463 0.030805687203791468
0 0.11692307692307692 0.8234597156398105 0.012307692307692308 0.026066350710900472
0 0.14923076923076922 0.7819905213270142 0.012307692307692308 0.018957345971563982
0 0.1523076923076923 0.8281990521327014 0.027692307692307693 0.04028436018957346
0 0.18076923076923077 0.7879146919431279 0.013846153846153847 0.026066350710900472
0 0.21461538461538462 0.768957345971564 0.007692307692307693 0.011848341232227487
0 0.20461538461538462 0.7855450236966824 0.009230769230769232 0.016587677725118485
0 0.23307692307692307 0.7902843601895735 0.016923076923076923 0.026066350710900472
0 0.2469230769230769 0.7855450236966824 0.010769230769230769 0.026066350710900472
0 0.3853846153846154 0.764218009478673 0.007692307692307693 0.011848341232227487
0 0.40615384615384614 0.7760663507109005 0.009230769230769232 0.016587677725118485
0 0.4176923076923077 0.773696682464455 0.007692307692307693 0.011848341232227487
0 0.4815384615384615 0.735781990521327 0.015384615384615385 0.026066350710900472
0 0.5676923076923077 0.7819905213270142 0.021538461538461538 0.037914691943127965
0 0.5692307692307692 0.783175355450237 0.021538461538461538 0.030805687203791468
0 0.6323076923076923 0.79739336492891 0.021538461538461538 0.035545023696682464
0 0.6730769230769231 0.8992890995260664 0.016923076923076923 0.026066350710900472
0 0.6623076923076923 0.8021327014218009 0.016923076923076923 0.026066350710900472
0 0.6884615384615385 0.7843601895734598 0.016923076923076923 0.03317535545023697
0 0.7361538461538462 0.7902843601895735 0.013846153846153847 0.02132701421800948
0 0.7492307692307693 0.7819905213270142 0.012307692307692308 0.023696682464454975
0 0.7630769230769231 0.7784360189573459 0.012307692307692308 0.02132701421800948
0 0.7830769230769231 0.7665876777251185 0.006153846153846154 0.011848341232227487
0 0.7669230769230769 0.8009478672985783 0.016923076923076923 0.02843601895734597
0 0.7530769230769231 0.8542654028436019 0.013846153846153847 0.02132701421800948
0 0.7876923076923077 0.7962085308056872 0.015384615384615385 0.023696682464454975
0 0.8153846153846154 0.8471563981042654 0.015384615384615385 0.02132701421800948
0 0.81 0.7902843601895735 0.016923076923076923 0.026066350710900472
0 0.8384615384615385 0.7890995260663507 0.015384615384615385 0.023696682464454975
0 0.8615384615384616 0.8104265402843602 0.015384615384615385 0.023696682464454975
0 0.9038461538461539 0.8329383886255924 0.013846153846153847 0.02132701421800948
0 0.9053846153846153 0.7879146919431279 0.013846153846153847 0.02132701421800948
0 0.9092307692307692 0.7997630331753555 0.015384615384615385 0.02132701421800948
0 0.9238461538461539 0.8116113744075829 0.02 0.026066350710900472
0 0.9484615384615385 0.8258293838862559 0.016923076923076923 0.026066350710900472
