0 -0.03403755868544601 0.5260416666666666 0.046948356807511735 0.08541666666666667
0 0.02699530516431925 0.75625 0.02112676056338028 0.03333333333333333
0 0.05046948356807512 0.7708333333333334 0.01643192488262911 0.03333333333333333
0 0.08450704225352113 0.7979166666666667 0.011737089201877934 0.020833333333333332
0 0.1643192488262911 0.759375 0.014084507042253521 0.03125
0 0.17136150234741784 0.7822916666666667 0.018779342723004695 0.03125
0 0.2142018779342723 0.7895833333333333 0.015258215962441314 0.029166666666666667
0 0.24119718309859156 0.78125 0.017605633802816902 0.03333333333333333
0 0.2476525821596244 0.7572916666666667 0.01643192488262911 0.03125
0 0.2746478873239437 0.7739583333333333 0.018779342723004695 0.03125
0 0.3104460093896714 0.7729166666666667 0.017605633802816902 0.03333333333333333
0 0.3884976525821596 0.76875 0.018779342723004695 0.0375
0 0.4706572769953052 0.715625 0.025821596244131457 0.04791666666666667
0 0.4753521126760563 0.725 0.028169014084507043 0.04583333333333333
0 0.534037558685446 0.7041666666666667 0.023474178403755867 0.04583333333333333
0 0.5539906103286385 0.8177083333333334 0.02112676056338028 0.04791666666666667
0 0.5944835680751174 0.6739583333333333 0.03403755868544601 0.06875
0 0.6156103286384976 0.7010416666666667 0.02699530516431925 0.06875
0 0.6431924882629108 0.6125 0.04929577464788732 0.08333333333333333
0 0.7030516431924883 0.5947916666666667 0.03755868544600939 0.08541666666666667
0 0.7863849765258216 0.8354166666666667 0.09624413145539906 0.3416666666666667
0 0.9072769953051644 0.6104166666666667 0.04460093896713615 0.09583333333333334
0 0.8943661971830986 0.653125 0.03286384976525822 0.07291666666666667
