0 0.299 0.3989751098096633 0.006 0.004392386530014641
0 0.2755 0.3993411420204978 0.007 0.005124450951683748
0 0.3195 0.4128843338213763 0.007 0.005856515373352855
0 0.3425 0.4396046852122987 0.007 0.006588579795021962
0 0.342 0.45571010248901905 0.01 0.006588579795021962
0 0.295 0.45168374816983897 0.01 0.007320644216691069
0 0.3105 0.4538799414348463 0.009 0.008784773060029283
0 0.315 0.46010248901903367 0.008 0.006588579795021962
0 0.275 0.46010248901903367 0.012 0.008052708638360176
0 0.2565 0.45900439238653 0.009 0.008784773060029283
0 0.2685 0.48792093704245976 0.011 0.008052708638360176
0 0.2345 0.5010980966325037 0.011 0.008052708638360176
0 0.2505 0.5208638360175696 0.013 0.010980966325036604
0 0.266 0.5556368960468521 0.026 0.048316251830161056
0 0.3055 0.5073206442166911 0.015 0.01171303074670571
0 0.323 0.4978038067349927 0.008 0.005856515373352855
0 0.3315 0.5076866764275256 0.011 0.00951683748169839
0 0.285 0.49487554904831627 0.012 0.010248901903367497
0 0.308 0.4396046852122987 0.01 0.006588579795021962
0 0.387 0.5025622254758418 0.012 0.00951683748169839
0 0.1365 0.5505124450951684 0.017 0.013177159590043924
0 0.1375 0.5600292825768668 0.019 0.014641288433382138
0 0.088 0.6562957540263543 0.024 0.018301610541727673
0 0.306 0.7840409956076134 0.036 0.029282576866764276
0 0.6855 0.6885065885797951 0.023 0.019765739385065886
0 0.6845 0.5435578330893118 0.013 0.010980966325036604
0 0.704 0.5193997071742313 0.016 0.012445095168374817
0 0.4635 0.5248901903367497 0.015 0.013177159590043924
0 0.4985 0.5259882869692533 0.013 0.010980966325036604
0 0.5245 0.5256222547584187 0.011 0.01171303074670571
0 0.307 0.3898243045387994 0.004 0.0036603221083455345
0 0.285 0.40007320644216693 0.006 0.005124450951683748
0 0.268 0.4216691068814056 0.006 0.005856515373352855
0 0.312 0.4242313323572474 0.008 0.005124450951683748
0 0.286 0.4981698389458272 0.014 0.008052708638360176
0 0.4305 0.5036603221083455 0.011 0.008784773060029283
0 0.282 0.42093704245973645 0.006 0.005856515373352855
