0 -0.0024390243902439024 0.8140243902439024 0.15609756097560976 0.2597560975609756
0 0.06544715447154471 0.6926829268292682 0.03983739837398374 0.05853658536585366
0 0.21788617886178863 0.650609756097561 0.02926829268292683 0.0524390243902439
0 0.31178861788617884 0.6347560975609756 0.015447154471544716 0.03048780487804878
0 0.5321138211382114 0.6969512195121951 0.015447154471544716 0.02804878048780488
0 0.47073170731707314 0.6304878048780488 0.011382113821138212 0.01951219512195122
0 0.44146341463414634 0.7 0.04390243902439024 0.07804878048780488
0 0.39186991869918697 0.7170731707317073 0.032520325203252036 0.05853658536585366
0 0.6995934959349593 0.6780487804878049 0.03333333333333333 0.05853658536585366
0 0.7439024390243902 0.6804878048780488 0.016260162601626018 0.026829268292682926
0 0.7544715447154472 0.6475609756097561 0.016260162601626018 0.02926829268292683
0 0.7678861788617887 0.6408536585365854 0.01707317073170732 0.03048780487804878
0 0.7894308943089431 0.6585365853658537 0.014634146341463415 0.026829268292682926
0 0.8817073170731707 0.6457317073170732 0.015447154471544716 0.023170731707317073
0 0.890650406504065 0.6359756097560976 0.015447154471544716 0.023170731707317073
0 0.9040650406504065 0.6408536585365854 0.014634146341463415 0.023170731707317073
0 0.9601626016260163 0.6591463414634147 0.014634146341463415 0.025609756097560974
0 0.9394308943089431 0.6402439024390244 0.012195121951219513 0.01707317073170732
0 0.9605691056910569 0.6451219512195122 0.012195121951219513 0.01707317073170732
0 0.9784552845528456 0.6390243902439025 0.013821138211382113 0.01951219512195122
0 0.7142276422764228 0.6402439024390244 0.015447154471544716 0.02195121951219512
0 0.7808943089430894 0.6292682926829268 0.012195121951219513 0.01951219512195122
