0 0.14884615384615385 0.4858786610878661 0.025384615384615384 0.04079497907949791
0 0.08807692307692308 0.5015690376569037 0.026923076923076925 0.036610878661087864
0 0.012307692307692308 0.47751046025104604 0.024615384615384615 0.036610878661087864
0 0.04576923076923077 0.497907949790795 0.016153846153846154 0.02301255230125523
0 0.03230769230769231 0.4989539748953975 0.013846153846153847 0.02301255230125523
0 0.13115384615384615 0.47855648535564854 0.011538461538461539 0.015690376569037656
0 0.17615384615384616 0.49006276150627615 0.021538461538461538 0.032426778242677826
0 0.19423076923076923 0.49947698744769875 0.013076923076923076 0.0198744769874477
0 0.1426923076923077 0.43357740585774057 0.013076923076923076 0.015690376569037656
0 0.22076923076923077 0.4932008368200837 0.012307692307692308 0.0198744769874477
0 0.2373076923076923 0.4973849372384937 0.01 0.015690376569037656
0 0.2553846153846154 0.4884937238493724 0.012307692307692308 0.016736401673640166
0 0.2696153846153846 0.48326359832635984 0.011538461538461539 0.02092050209205021
0 0.27307692307692305 0.47280334728033474 0.009230769230769232 0.012552301255230125
0 0.28807692307692306 0.48064853556485354 0.011538461538461539 0.015690376569037656
0 0.3 0.4916317991631799 0.009230769230769232 0.012552301255230125
0 0.30846153846153845 0.4848326359832636 0.010769230769230769 0.013598326359832637
0 0.3323076923076923 0.5036610878661087 0.012307692307692308 0.01778242677824268
0 0.37461538461538463 0.4942468619246862 0.012307692307692308 0.021966527196652718
0 0.37153846153846154 0.48901673640167365 0.012307692307692308 0.0198744769874477
0 0.40384615384615385 0.5010460251046025 0.007692307692307693 0.012552301255230125
0 0.3923076923076923 0.49686192468619245 0.010769230769230769 0.016736401673640166
0 0.4257692307692308 0.5287656903765691 0.025384615384615384 0.04497907949790795
0 0.4246153846153846 0.497907949790795 0.015384615384615385 0.02301255230125523
0 0.4346153846153846 0.4952928870292887 0.009230769230769232 0.013598326359832637
0 0.4634615384615385 0.49215481171548114 0.008461538461538461 0.015690376569037656
0 0.4519230769230769 0.48797071129707115 0.008461538461538461 0.011506276150627616
0 0.47615384615384615 0.4884937238493724 0.007692307692307693 0.014644351464435146
0 0.49 0.497907949790795 0.009230769230769232 0.014644351464435146
0 0.4930769230769231 0.49215481171548114 0.009230769230769232 0.015690376569037656
0 0.5038461538461538 0.4884937238493724 0.007692307692307693 0.014644351464435146
0 0.5153846153846153 0.5031380753138075 0.007692307692307693 0.012552301255230125
0 0.5253846153846153 0.48901673640167365 0.009230769230769232 0.011506276150627616
0 0.5788461538461539 0.5094142259414226 0.023846153846153847 0.03347280334728033
0 0.61 0.5115062761506276 0.021538461538461538 0.03556485355648536
0 0.6523076923076923 0.5324267782426778 0.026153846153846153 0.043933054393305436
0 0.5565384615384615 0.49581589958158995 0.01 0.012552301255230125
0 0.5473076923076923 0.49476987447698745 0.006923076923076923 0.010460251046025104
0 0.568076923076923 0.4895397489539749 0.014615384615384615 0.01882845188284519
0 0.5984615384615385 0.5031380753138075 0.007692307692307693 0.012552301255230125
0 0.6323076923076923 0.4874476987447699 0.013846153846153847 0.01882845188284519
0 0.6596153846153846 0.4989539748953975 0.006923076923076923 0.010460251046025104
0 0.6823076923076923 0.49686192468619245 0.006153846153846154 0.008368200836820083
0 0.713076923076923 0.5057531380753139 0.006153846153846154 0.009414225941422594
0 0.7303846153846154 0.5052301255230126 0.006923076923076923 0.008368200836820083
0 0.7753846153846153 0.48430962343096234 0.013846153846153847 0.01882845188284519
0 0.7580769230769231 0.4989539748953975 0.005384615384615384 0.008368200836820083
0 0.7623076923076924 0.4963389121338912 0.004615384615384616 0.007322175732217573
0 0.7446153846153846 0.5360878661087866 0.027692307692307693 0.034518828451882845
0 0.8242307692307692 0.5486401673640168 0.02846153846153846 0.05543933054393305
0 0.7957692307692308 0.5135983263598326 0.023846153846153847 0.043933054393305436
0 0.8457692307692307 0.5496861924686193 0.02846153846153846 0.04707112970711297
0 0.9392307692307692 0.5528242677824268 0.03538461538461538 0.06171548117154812
0 0.9557692307692308 0.5523012552301255 0.022307692307692306 0.0397489539748954
0 0.9573076923076923 0.551255230125523 0.019230769230769232 0.03556485355648536
0 0.87 0.5036610878661087 0.013846153846153847 0.0198744769874477
0 0.8853846153846154 0.5507322175732218 0.010769230769230769 0.015690376569037656
0 0.9146153846153846 0.5088912133891214 0.013846153846153847 0.021966527196652718
0 0.9411538461538461 0.502092050209205 0.011538461538461539 0.01882845188284519
0 0.9561538461538461 0.5099372384937239 0.010769230769230769 0.015690376569037656
