0 0.05649202733485194 0.40297232661428084 0.023234624145785875 0.041339255210112745
0 0.12687927107061503 0.35787495729415786 0.030068337129840545 0.04680560300649129
0 0.14259681093394078 0.35736248718824737 0.023234624145785875 0.04783054321831227
0 0.18302961275626423 0.3611206012982576 0.0234624145785877 0.040314314998291766
0 0.23712984054669703 0.38862316364878713 0.027790432801822324 0.05773829859924838
0 0.21628701594533029 0.4912880081995217 0.023006833712984055 0.041680901947386405
0 0.25876993166287016 0.3964810386060813 0.03052391799544419 0.06525452681926888
0 0.2870159453302961 0.3908438674410659 0.007744874715261959 0.013665869490946362
0 0.33109339407744875 0.3688076528869149 0.03485193621867882 0.06320464639562692
0 0.38804100227790433 0.3853775196446874 0.0234624145785877 0.05124701059104886
0 0.42528473804100225 0.4026306798770072 0.02642369020501139 0.05363853775196447
0 0.4791571753986333 0.39972668261018107 0.02528473804100228 0.04783054321831227
0 0.47790432801822325 0.4292791253843526 0.02824601366742597 0.061154765971984965
0 0.5280182232346241 0.4166381961052272 0.03553530751708428 0.0700375811411001
0 0.5225512528473805 0.3824735223778613 0.022779043280182234 0.039972668261018106
0 0.55125284738041 0.4287666552784421 0.03143507972665148 0.05739665186197472
0 0.5712984054669704 0.3864024598565084 0.0255125284738041 0.040997608472839085
0 0.6534168564920273 0.4005807994533652 0.03302961275626424 0.06320464639562692
0 0.6728929384965832 0.43969935087119916 0.03189066059225513 0.05603006491288008
0 0.6866742596810934 0.40485138366928597 0.024829157175398634 0.04851383669285958
0 0.7430523917995444 0.40485138366928597 0.02369020501138952 0.03894772804919713
0 0.7582004555808656 0.37769046805603007 0.02437357630979499 0.04953877690468056
0 0.7496583143507972 0.42962077212162625 0.03280182232346242 0.05910488554834301
0 0.8017084282460136 0.46617697300990774 0.028929384965831435 0.05158865732832251
0 0.8514806378132118 0.39340621797061837 0.0387243735763098 0.07277075503928937
0 0.9138952164009112 0.44892381277758797 0.03143507972665148 0.05944653228561667
0 0.9429384965831435 0.434916296549368 0.03394077448747153 0.05876323881106935
0 0.9676537585421412 0.4554151007857875 0.026879271070615034 0.05466347796378545
