0 0.2215 0.6713333333333333 0.053 0.092
0 0.311 0.6533333333333333 0.042 0.08266666666666667
0 0.393 0.6253333333333333 0.042 0.072
0 0.5325 0.43333333333333335 0.037 0.06933333333333333
0 0.6055 0.44866666666666666 0.041 0.07333333333333333
0 0.698 0.4266666666666667 0.042 0.072
0 0.7825 0.39 0.047 0.084
0 0.732 0.3913333333333333 0.036 0.06533333333333333
0 0.6225 0.3953333333333333 0.035 0.05733333333333333
0 0.509 0.3873333333333333 0.036 0.06533333333333333
0 0.421 0.3893333333333333 0.036 0.06133333333333333
0 0.331 0.38466666666666666 0.036 0.06266666666666666
0 0.2605 0.4013333333333333 0.045 0.072
0 0.138 0.412 0.054 0.08266666666666667
