0 0.11 0.31222222222222223 0.08666666666666667 0.19333333333333333
0 0.22944444444444445 0.24444444444444444 0.06777777777777778 0.1688888888888889
0 0.2866666666666667 0.36 0.07555555555555556 0.17777777777777778
0 0.395 0.22333333333333333 0.06333333333333334 0.16666666666666666
0 0.43166666666666664 0.35333333333333333 0.07 0.18666666666666668
0 0.525 0.2011111111111111 0.06111111111111111 0.15777777777777777
0 0.5772222222222222 0.39111111111111113 0.06555555555555556 0.17777777777777778
0 0.6672222222222223 0.21 0.06777777777777778 0.1711111111111111
0 0.7422222222222222 0.42 0.07111111111111111 0.19555555555555557
0 0.7727777777777778 0.25 0.06333333333333334 0.15333333333333332
0 0.8594444444444445 0.27 0.07 0.15333333333333332
0 0.875 0.39555555555555555 0.07444444444444444 0.17777777777777778
