0 0.83154296875 0.3601756954612006 0.0595703125 0.09956076134699854
0 0.67724609375 0.40922401171303074 0.0615234375 0.10980966325036604
0 0.54345703125 0.2635431918008785 0.0322265625 0.0527086383601757
0 0.4072265625 0.2862371888726208 0.044921875 0.08052708638360176
0 0.2353515625 0.2796486090775988 0.04296875 0.0849194729136164
0 0.4755859375 0.2540263543191801 0.025390625 0.04538799414348463
0 0.4130859375 0.23718887262079064 0.029296875 0.055636896046852125
0 0.32861328125 0.23572474377745242 0.0224609375 0.043923865300146414
0 0.39501953125 0.21815519765739386 0.0244140625 0.04978038067349927
0 0.28564453125 0.2225475841874085 0.0205078125 0.03513909224011713
0 0.20556640625 0.232796486090776 0.0263671875 0.04978038067349927
0 0.2451171875 0.21010248901903367 0.01953125 0.036603221083455345
0 0.3564453125 0.22108345534407028 0.017578125 0.040995607613469986
0 0.7744140625 0.21961932650073207 0.017578125 0.032210834553440704
0 0.45361328125 0.23133235724743778 0.0185546875 0.03513909224011713
0 0.2763671875 0.19912152269399708 0.017578125 0.03513909224011713
0 0.4541015625 0.2591508052708638 0.01953125 0.043923865300146414
0 0.3193359375 0.19619326500732065 0.009765625 0.020497803806734993
