0 0.2353846153846154 0.4408376963350785 0.047692307692307694 0.06492146596858639
0 0.27192307692307693 0.43926701570680626 0.02846153846153846 0.04293193717277487
0 0.31384615384615383 0.42879581151832463 0.03230769230769231 0.04712041884816754
0 0.3219230769230769 0.4109947643979058 0.025384615384615384 0.0387434554973822
0 0.39807692307692305 0.44397905759162304 0.02846153846153846 0.04607329842931937
0 0.3392307692307692 0.4272251308900524 0.02 0.033507853403141365
0 0.4376923076923077 0.4350785340314136 0.023076923076923078 0.03664921465968586
0 0.4823076923076923 0.456020942408377 0.027692307692307693 0.04502617801047121
0 0.4969230769230769 0.4418848167539267 0.03538461538461538 0.048167539267015703
0 0.4046153846153846 0.4544502617801047 0.021538461538461538 0.02931937172774869
0 0.4207692307692308 0.44136125654450264 0.016923076923076923 0.030366492146596858
0 0.46615384615384614 0.43455497382198954 0.016923076923076923 0.027225130890052355
0 0.4857692307692308 0.4198952879581152 0.019230769230769232 0.031413612565445025
0 0.5188461538461538 0.41832460732984295 0.023846153846153847 0.03664921465968586
0 0.5288461538461539 0.4319371727748691 0.019230769230769232 0.030366492146596858
0 0.5534615384615384 0.42670157068062825 0.02076923076923077 0.030366492146596858
0 0.6134615384615385 0.42879581151832463 0.025384615384615384 0.03664921465968586
0 0.8357692307692308 0.40680628272251307 0.04230769230769231 0.05759162303664921
0 0.8857692307692308 0.42408376963350786 0.05307692307692308 0.0774869109947644
0 0.9792307692307692 0.4130890052356021 0.06461538461538462 0.08691099476439791
0 0.011153846153846153 0.4329842931937173 0.0038461538461538464 0.005235602094240838
0 0.02423076923076923 0.43036649214659684 0.0038461538461538464 0.0062827225130890054
