0 0.3225 0.6570370370370371 0.21333333333333335 0.40444444444444444
0 0.1575 0.38074074074074077 0.03333333333333333 0.06814814814814815
0 0.43291666666666667 0.8948148148148148 0.0575 0.13333333333333333
0 0.49125 0.6503703703703704 0.05416666666666667 0.1274074074074074
0 0.6783333333333333 0.642962962962963 0.051666666666666666 0.1362962962962963
0 0.82375 0.7111111111111111 0.05416666666666667 0.13925925925925925
0 0.9004166666666666 0.43555555555555553 0.04583333333333333 0.08888888888888889
0 0.8233333333333334 0.4659259259259259 0.051666666666666666 0.11703703703703704
0 0.6933333333333334 0.5170370370370371 0.043333333333333335 0.11851851851851852
0 0.55125 0.4762962962962963 0.0375 0.0962962962962963
0 0.66625 0.3422222222222222 0.0325 0.07407407407407407
0 0.8670833333333333 0.3488888888888889 0.030833333333333334 0.057777777777777775
0 0.5804166666666667 0.2762962962962963 0.04083333333333333 0.10222222222222223
0 0.4841666666666667 0.3362962962962963 0.035 0.08592592592592592
0 0.3279166666666667 0.34 0.04083333333333333 0.0874074074074074
0 0.2704166666666667 0.302962962962963 0.020833333333333332 0.054814814814814816
0 0.23541666666666666 0.2607407407407407 0.0225 0.05037037037037037
0 0.3908333333333333 0.23777777777777778 0.023333333333333334 0.04
0 0.52125 0.2518518518518518 0.025833333333333333 0.04148148148148148
0 0.5220833333333333 0.3585185185185185 0.025833333333333333 0.06814814814814815
