0 0.058333333333333334 0.4836206896551724 0.058888888888888886 0.10862068965517241
0 0.2477777777777778 0.503448275862069 0.06 0.10689655172413794
0 0.4738888888888889 0.49051724137931035 0.06111111111111111 0.10517241379310345
0 0.6055555555555555 0.3870689655172414 0.06444444444444444 0.12931034482758622
0 0.695 0.5465517241379311 0.06555555555555556 0.12758620689655173
0 0.8883333333333333 0.4353448275862069 0.06555555555555556 0.13275862068965516
0 0.9094444444444445 0.5560344827586207 0.06333333333333334 0.10862068965517241
0 0.10888888888888888 0.44741379310344825 0.06444444444444444 0.12586206896551724
0 0.3055555555555556 0.47413793103448276 0.05555555555555555 0.1
0 0.31166666666666665 0.3413793103448276 0.043333333333333335 0.09655172413793103
0 0.03222222222222222 -0.08362068965517241 0.03333333333333333 0.05344827586206897
0 0.12055555555555555 -0.2293103448275862 0.04555555555555556 0.07586206896551724
0 0.4011111111111111 -0.20086206896551725 0.05333333333333334 0.07413793103448275
0 0.5733333333333334 0.7327586206896551 0.08666666666666667 0.15517241379310345
