0 0.14671985815602837 0.498 0.038120567375886524 0.068
0 0.2127659574468085 0.676 0.0425531914893617 0.07466666666666667
0 0.22650709219858156 0.45066666666666666 0.034574468085106384 0.06666666666666667
0 0.2717198581560284 0.496 0.03634751773049645 0.064
0 0.32225177304964536 0.6426666666666667 0.038120567375886524 0.072
0 0.35638297872340424 0.35533333333333333 0.030141843971631204 0.06
0 0.39937943262411346 0.48533333333333334 0.038120567375886524 0.06933333333333333
0 0.40558510638297873 0.6273333333333333 0.038120567375886524 0.07066666666666667
0 0.4370567375886525 0.3586666666666667 0.03368794326241135 0.06666666666666667
0 0.5004432624113475 0.48933333333333334 0.03634751773049645 0.06666666666666667
0 0.4942375886524823 0.6093333333333333 0.038120567375886524 0.072
0 0.4875886524822695 0.35533333333333333 0.031914893617021274 0.05733333333333333
0 0.5283687943262412 0.4013333333333333 0.030141843971631204 0.056
0 0.5509751773049646 0.32066666666666666 0.03102836879432624 0.052
0 0.6303191489361702 0.346 0.026595744680851064 0.04933333333333333
0 0.6072695035460993 0.522 0.09574468085106383 0.2866666666666667
0 0.6006205673758865 0.47533333333333333 0.034574468085106384 0.06533333333333333
0 0.6090425531914894 0.5586666666666666 0.03368794326241135 0.064
0 0.5700354609929078 0.6393333333333333 0.040780141843971635 0.07866666666666666
0 0.7052304964539007 0.36 0.03280141843971631 0.06133333333333333
0 0.674645390070922 0.39866666666666667 0.031914893617021274 0.056
0 0.7012411347517731 0.5793333333333334 0.03900709219858156 0.076
0 0.6759751773049646 0.6753333333333333 0.038120567375886524 0.07066666666666667
0 0.7238475177304965 0.39266666666666666 0.0274822695035461 0.05466666666666667
0 0.711436170212766 0.49066666666666664 0.03280141843971631 0.06133333333333333
0 0.7774822695035462 0.38333333333333336 0.030141843971631204 0.05733333333333333
0 0.8102836879432624 0.4846666666666667 0.03723404255319149 0.068
0 0.7788120567375887 0.5586666666666666 0.038120567375886524 0.072
0 0.836436170212766 0.6266666666666667 0.04521276595744681 0.088
