0 0.263671875 0.258125 0.08515625 0.17375
0 0.49765625 0.31625 0.05 0.095
0 0.402734375 0.359375 0.03046875 0.05875
0 0.6140625 0.333125 0.0265625 0.04125
0 0.909375 0.290625 0.021875 0.04125
0 0.728515625 0.328125 0.01640625 0.02875
0 0.669921875 0.349375 0.01640625 0.02375
0 0.98359375 0.331875 0.021875 0.03125
0 0.7734375 0.323125 0.0109375 0.02125
0 0.7015625 0.34375 0.0078125 0.01
0 0.745703125 0.32875 0.01796875 0.0325
0 0.545703125 0.35 0.01484375 0.03
0 0.984375 0.33125 0.015625 0.0275
0 0.780859375 0.36 0.02578125 0.11
