0 0.2321875 0.38847235238987815 0.023125 0.044048734770384255
0 0.2859375 0.3753514526710403 0.021875 0.04592314901593252
0 0.336875 0.3739456419868791 0.02375 0.04311152764761012
0 0.389375 0.3847235238987816 0.02125 0.04592314901593252
0 0.39875 0.3598875351452671 0.0225 0.04498594189315839
0 0.4446875 0.3856607310215558 0.019375 0.04217432052483599
0 0.495625 0.40393626991565135 0.02375 0.03748828491096532
0 0.5396875 0.38003748828491096 0.021875 0.04029990627928772
0 0.59625 0.394095595126523 0.02125 0.03655107778819119
0 0.6365625 0.38706654170571697 0.021875 0.04311152764761012
0 0.7140625 0.39456419868791004 0.020625 0.03936269915651359
0 0.7840625 0.37300843486410495 0.023125 0.04498594189315839
