0 0.0625 0.7260479041916168 0.015625 0.020958083832335328
0 0.083984375 0.7365269461077845 0.013671875 0.023952095808383235
0 0.17431640625 0.7065868263473054 0.0087890625 0.017964071856287425
0 0.13427734375 0.7215568862275449 0.0224609375 0.029940119760479042
0 0.18896484375 0.7163173652694611 0.0166015625 0.03143712574850299
0 0.201171875 0.719311377245509 0.0234375 0.0344311377245509
0 0.232421875 0.7140718562874252 0.015625 0.029940119760479042
0 0.28369140625 0.7110778443113772 0.0205078125 0.03592814371257485
0 0.30322265625 0.7148203592814372 0.0107421875 0.016467065868263474
0 0.326171875 0.7125748502994012 0.013671875 0.023952095808383235
0 0.3291015625 0.7230538922155688 0.015625 0.023952095808383235
0 0.4052734375 0.7050898203592815 0.01171875 0.017964071856287425
0 0.4072265625 0.7080838323353293 0.013671875 0.020958083832335328
0 0.42236328125 0.7095808383233533 0.0107421875 0.017964071856287425
0 0.44287109375 0.7035928143712575 0.0146484375 0.023952095808383235
0 0.4541015625 0.7148203592814372 0.015625 0.02245508982035928
0 0.48095703125 0.7013473053892215 0.0107421875 0.016467065868263474
0 0.47509765625 0.7058383233532934 0.0068359375 0.010479041916167664
0 0.5126953125 0.7065868263473054 0.0078125 0.011976047904191617
0 0.53857421875 0.7267964071856288 0.0107421875 0.016467065868263474
0 0.55078125 0.7035928143712575 0.013671875 0.017964071856287425
0 0.56884765625 0.7110778443113772 0.0107421875 0.014970059880239521
0 0.580078125 0.7043413173652695 0.015625 0.02245508982035928
0 0.60107421875 0.7163173652694611 0.0166015625 0.02844311377245509
0 0.626953125 0.7058383233532934 0.009765625 0.016467065868263474
0 0.6455078125 0.7050898203592815 0.0078125 0.014970059880239521
0 0.66259765625 0.6818862275449101 0.0126953125 0.02245508982035928
0 0.6884765625 0.7155688622754491 0.009765625 0.014970059880239521
0 0.689453125 0.686377245508982 0.0078125 0.01347305389221557
0 0.7001953125 0.6841317365269461 0.0078125 0.011976047904191617
0 0.72802734375 0.7133233532934131 0.0126953125 0.019461077844311378
0 0.7431640625 0.6736526946107785 0.0078125 0.011976047904191617
0 0.81982421875 0.6744011976047904 0.0087890625 0.01347305389221557
0 0.853515625 0.6758982035928144 0.009765625 0.01347305389221557
0 0.875 0.7080838323353293 0.037109375 0.10179640718562874
0 0.90283203125 0.6654191616766467 0.0107421875 0.01347305389221557
0 0.96875 0.7065868263473054 0.04296875 0.09880239520958084
0 0.98388671875 0.6519461077844312 0.0166015625 0.025449101796407185
