0 0.5874413145539906 0.6802083333333333 0.029342723004694836 0.052083333333333336
0 0.5269953051643192 0.6458333333333334 0.025821596244131457 0.05416666666666667
0 0.43603286384976525 0.6760416666666667 0.02699530516431925 0.05625
0 0.011737089201877934 0.6770833333333334 0.028169014084507043 0.06666666666666667
0 0.2623239436619718 0.646875 0.02464788732394366 0.04375
0 0.3732394366197183 0.6583333333333333 0.018779342723004695 0.03333333333333333
0 0.3714788732394366 0.6604166666666667 0.017605633802816902 0.029166666666666667
0 0.3738262910798122 0.6552083333333333 0.01995305164319249 0.035416666666666666
0 0.45539906103286387 0.6520833333333333 0.02112676056338028 0.041666666666666664
0 0.16549295774647887 0.66875 0.01643192488262911 0.029166666666666667
0 0.10504694835680752 0.6697916666666667 0.01995305164319249 0.03125
0 0.22241784037558684 0.6875 0.012910798122065728 0.025
0 0.3075117370892019 0.69375 0.011737089201877934 0.020833333333333332
0 0.2975352112676056 0.69375 0.01056338028169014 0.020833333333333332
0 0.5534037558685446 0.6697916666666667 0.015258215962441314 0.035416666666666666
0 0.9859154929577465 0.6427083333333333 0.018779342723004695 0.03125
0 0.92018779342723 0.6322916666666667 0.02112676056338028 0.03125
0 0.8949530516431925 0.6854166666666667 0.01995305164319249 0.029166666666666667
0 0.835093896713615 0.6270833333333333 0.01995305164319249 0.029166666666666667
0 0.7946009389671361 0.6458333333333334 0.014084507042253521 0.029166666666666667
0 0.7634976525821596 0.6322916666666667 0.017605633802816902 0.035416666666666666
0 0.7828638497652582 0.6260416666666667 0.01643192488262911 0.03125
0 0.7634976525821596 0.6302083333333334 0.015258215962441314 0.03125
0 0.6373239436619719 0.653125 0.014084507042253521 0.027083333333333334
0 0.15258215962441316 0.684375 0.011737089201877934 0.022916666666666665
0 0.6737089201877934 0.6947916666666667 0.02112676056338028 0.06875
0 0.67018779342723 0.6541666666666667 0.009389671361502348 0.016666666666666666
0 0.727112676056338 0.6541666666666667 0.008215962441314555 0.0125
0 0.7065727699530516 0.68125 0.01643192488262911 0.075
0 0.6924882629107981 0.6833333333333333 0.02112676056338028 0.09166666666666666
0 0.4231220657276995 0.6739583333333333 0.01056338028169014 0.01875
0 0.14612676056338028 0.6833333333333333 0.008215962441314555 0.016666666666666666
0 0.07805164319248827 0.7385416666666667 0.03169014084507042 0.10208333333333333
