0 0.11326194398682043 0.5086526576019778 0.08978583196046129 0.1619283065512979
0 0.5333607907742999 0.5135970333745364 0.07660626029654036 0.13720642768850433
0 0.6857495881383855 0.453646477132262 0.07660626029654036 0.17058096415327564
0 0.8690280065897859 0.2830655129789864 0.3311367380560132 0.580964153275649
0 0.39332784184514 0.4932014833127318 0.05683690280065898 0.1211372064276885
0 0.514003294892916 0.4431396786155748 0.05601317957166392 0.10259579728059333
0 0.39332784184514 0.4901112484548826 0.05848434925864909 0.11742892459826947
0 0.2598846787479407 0.44746600741656367 0.04365733113673806 0.069221260815822
0 0.1956342668863262 0.4579728059332509 0.03377265238879736 0.06056860321384425
0 0.15815485996705106 0.3936959208899876 0.029654036243822075 0.05315203955500618
0 0.2170510708401977 0.4042027194066749 0.025535420098846788 0.049443757725587144
0 0.0757825370675453 0.45179233621755255 0.0642504118616145 0.11248454882571075
0 0.30766062602965405 0.4765142150803461 0.05024711696869852 0.08281829419035847
