0 0.064375 0.22875 0.01375 0.0175
0 0.160625 0.226875 0.019583333333333335 0.03
0 0.16625 0.21125 0.0175 0.03125
0 0.19333333333333333 0.198125 0.018333333333333333 0.03375
0 0.22895833333333335 0.2265625 0.012083333333333333 0.020625
0 0.2375 0.2771875 0.011666666666666667 0.015625
0 0.2775 0.225625 0.0125 0.02625
0 0.29020833333333335 0.2234375 0.012916666666666667 0.015625
0 0.320625 0.2171875 0.010416666666666666 0.016875
0 0.38125 0.2046875 0.015 0.025625
0 0.36583333333333334 0.21875 0.015833333333333335 0.0225
0 0.42895833333333333 0.193125 0.02125 0.0325
0 0.4166666666666667 0.214375 0.013333333333333334 0.02
0 0.415 0.2075 0.0125 0.02375
0 0.46270833333333333 0.21375 0.012083333333333333 0.02125
0 0.46875 0.2365625 0.020833333333333332 0.035625
0 0.5535416666666667 0.2196875 0.010416666666666666 0.015625
0 0.6829166666666666 0.2 0.024166666666666666 0.0475
0 0.7991666666666667 0.2046875 0.025833333333333333 0.046875
0 0.900625 0.230625 0.02625 0.04125
0 0.6054166666666667 0.16875 0.030833333333333334 0.065
