0 0.96625 0.5375 0.06916666666666667 0.1125
0 0.78625 0.594375 0.04416666666666667 0.06875
0 0.6125 0.569375 0.03333333333333333 0.06125
0 0.58375 0.55 0.024166666666666666 0.045
0 0.5491666666666667 0.57 0.01 0.0175
0 0.5220833333333333 0.584375 0.030833333333333334 0.05875
0 0.485 0.5625 0.03666666666666667 0.0675
0 0.44666666666666666 0.555625 0.016666666666666666 0.03125
0 0.42833333333333334 0.568125 0.016666666666666666 0.03125
0 0.40208333333333335 0.57125 0.0125 0.0225
0 0.385 0.56125 0.013333333333333334 0.0275
0 0.3595833333333333 0.57875 0.010833333333333334 0.02
0 0.36791666666666667 0.563125 0.0125 0.02125
0 0.3104166666666667 0.5425 0.0275 0.0475
0 0.27625 0.578125 0.019166666666666665 0.03375
0 0.2604166666666667 0.579375 0.0125 0.01625
0 0.23041666666666666 0.575 0.0125 0.0225
0 0.20041666666666666 0.56125 0.034166666666666665 0.0575
0 0.15875 0.550625 0.030833333333333334 0.04875
0 0.14458333333333334 0.54125 0.015833333333333335 0.0275
0 0.11375 0.579375 0.019166666666666665 0.02875
0 0.095 0.5625 0.023333333333333334 0.035
0 0.049166666666666664 0.5475 0.021666666666666667 0.035
0 0.019166666666666665 0.55125 0.02666666666666667 0.04
