0 0.20556640625 0.37109375 0.01953125 0.029947916666666668
0 0.2919921875 0.3889973958333333 0.0146484375 0.022786458333333332
0 0.369140625 0.4059244791666667 0.0205078125 0.029296875
0 0.38623046875 0.4049479166666667 0.015625 0.026041666666666668
0 0.414794921875 0.3899739583333333 0.01318359375 0.026041666666666668
0 0.440673828125 0.39453125 0.01123046875 0.01953125
0 0.45849609375 0.4055989583333333 0.009765625 0.016927083333333332
0 0.541748046875 0.4091796875 0.01123046875 0.017578125
0 0.53662109375 0.3942057291666667 0.0068359375 0.009765625
0 0.544677734375 0.3795572916666667 0.00634765625 0.009114583333333334
0 0.573486328125 0.3798828125 0.00634765625 0.009765625
0 0.585205078125 0.3961588541666667 0.00830078125 0.013671875
0 0.603515625 0.3974609375 0.0078125 0.011067708333333334
