0 0.1296875 0.3420138888888889 0.036458333333333336 0.0625
0 0.27708333333333335 0.3810763888888889 0.010416666666666666 0.019097222222222224
0 0.35989583333333336 0.3524305555555556 0.011458333333333333 0.017361111111111112
0 0.36875 0.3454861111111111 0.010416666666666666 0.017361111111111112
0 0.39895833333333336 0.3368055555555556 0.0125 0.020833333333333332
0 0.41458333333333336 0.3420138888888889 0.008333333333333333 0.013888888888888888
0 0.44375 0.3984375 0.010416666666666666 0.019097222222222224
0 0.49322916666666666 0.421875 0.011458333333333333 0.020833333333333332
0 0.5088541666666667 0.4019097222222222 0.017708333333333333 0.03298611111111111
0 0.51875 0.3828125 0.008333333333333333 0.019097222222222224
0 0.6661458333333333 0.3888888888888889 0.013541666666666667 0.024305555555555556
0 0.7046875 0.3758680555555556 0.009375 0.015625
0 0.7135416666666666 0.3897569444444444 0.029166666666666667 0.1232638888888889
0 0.8119791666666667 0.3810763888888889 0.019791666666666666 0.043402777777777776
