0 0.048846153846153845 0.5951882845188284 0.011538461538461539 0.01882845188284519
0 0.12615384615384614 0.4429916317991632 0.046153846153846156 0.053347280334728034
0 0.1473076923076923 0.49581589958158995 0.025384615384615384 0.04184100418410042
0 0.20576923076923076 0.4450836820083682 0.03 0.051255230125523014
0 0.26692307692307693 0.40585774058577406 0.046153846153846156 0.07322175732217573
0 0.3619230769230769 0.4100418410041841 0.036153846153846154 0.056485355648535567
0 0.4103846153846154 0.4419456066945607 0.03 0.04707112970711297
0 0.44884615384615384 0.42311715481171547 0.03923076923076923 0.0596234309623431
0 0.5411538461538462 0.4225941422594142 0.03307692307692308 0.05230125523012552
0 0.5823076923076923 0.4309623430962343 0.047692307692307694 0.07112970711297072
0 0.635 0.4299163179916318 0.04230769230769231 0.06903765690376569
0 0.615 0.45763598326359833 0.03307692307692308 0.049163179916317995
0 0.7076923076923077 0.3891213389121339 0.038461538461538464 0.043933054393305436
0 0.76 0.4273012552301255 0.036923076923076927 0.051255230125523014
0 0.7846153846153846 0.42207112970711297 0.02923076923076923 0.04707112970711297
0 0.8296153846153846 0.524581589958159 0.011538461538461539 0.015690376569037656
0 0.8826923076923077 0.5036610878661087 0.013076923076923076 0.0198744769874477
0 0.9176923076923077 0.49581589958158995 0.015384615384615385 0.02092050209205021
0 0.9407692307692308 0.5303347280334728 0.009230769230769232 0.014644351464435146
0 0.9669230769230769 0.5256276150627615 0.010769230769230769 0.015690376569037656
0 0.8665384615384616 0.5251046025104602 0.01 0.012552301255230125
