0 0.8728125 0.34875 0.079375 0.1025
0 0.7575 0.41583333333333333 0.01625 0.028333333333333332
0 0.6675 0.42083333333333334 0.0225 0.035
0 0.60375 0.4270833333333333 0.02625 0.04583333333333333
0 0.5565625 0.4033333333333333 0.019375 0.03166666666666667
0 0.5496875 0.38333333333333336 0.030625 0.055
0 0.5034375 0.39958333333333335 0.029375 0.04416666666666667
0 0.3809375 0.39125 0.028125 0.04083333333333333
0 0.405 0.35333333333333333 0.03625 0.06333333333333334
0 0.3059375 0.39666666666666667 0.049375 0.08166666666666667
0 0.2659375 0.35541666666666666 0.074375 0.10083333333333333
0 0.1465625 0.21125 0.085625 0.1325
0 0.1384375 0.20875 0.073125 0.13916666666666666
