0 0.10875 0.49666666666666665 0.01875 0.042222222222222223
0 0.246875 0.5038888888888889 0.02125 0.04111111111111111
0 0.2615625 0.5022222222222222 0.018125 0.03777777777777778
0 0.28625 0.4988888888888889 0.01875 0.042222222222222223
0 0.305625 0.5033333333333333 0.01875 0.035555555555555556
0 0.32375 0.475 0.0175 0.03666666666666667
0 0.336875 0.4988888888888889 0.01875 0.03777777777777778
0 0.3409375 0.5172222222222222 0.020625 0.04111111111111111
0 0.3634375 0.505 0.020625 0.05
0 0.39375 0.5033333333333333 0.02125 0.04
0 0.3953125 0.47333333333333333 0.009375 0.017777777777777778
0 0.42375 0.46555555555555556 0.00875 0.017777777777777778
0 0.4384375 0.46111111111111114 0.006875 0.013333333333333334
0 0.450625 0.49 0.01625 0.042222222222222223
0 0.4759375 0.46944444444444444 0.005625 0.01
0 0.480625 0.45444444444444443 0.005 0.008888888888888889
0 0.4940625 0.4622222222222222 0.004375 0.008888888888888889
0 0.4959375 0.4444444444444444 0.004375 0.008888888888888889
0 0.5096875 0.45166666666666666 0.005625 0.01
0 0.5103125 0.4588888888888889 0.005625 0.011111111111111112
0 0.5140625 0.45166666666666666 0.004375 0.0077777777777777776
0 0.5240625 0.5072222222222222 0.014375 0.03888888888888889
0 0.5353125 0.4683333333333333 0.008125 0.01888888888888889
0 0.526875 0.45055555555555554 0.005 0.01
0 0.540625 0.44277777777777777 0.00625 0.012222222222222223
0 0.5475 0.4411111111111111 0.005 0.008888888888888889
0 0.560625 0.4533333333333333 0.00625 0.011111111111111112
0 0.5634375 0.4461111111111111 0.004375 0.01
0 0.5684375 0.44333333333333336 0.005625 0.008888888888888889
0 0.5740625 0.4444444444444444 0.005625 0.008888888888888889
0 0.58125 0.44277777777777777 0.005 0.01
0 0.5946875 0.4388888888888889 0.004375 0.008888888888888889
0 0.61 0.44166666666666665 0.005 0.01
0 0.64 0.4527777777777778 0.00625 0.012222222222222223
0 0.6628125 0.47 0.006875 0.015555555555555555
0 0.77375 0.5061111111111111 0.01125 0.01888888888888889
0 0.7890625 0.4816666666666667 0.011875 0.021111111111111112
0 0.7565625 0.4305555555555556 0.004375 0.0077777777777777776
0 0.7421875 0.4338888888888889 0.004375 0.0077777777777777776
0 0.55625 0.4638888888888889 0.00375 0.0077777777777777776
0 0.5015625 0.4444444444444444 0.004375 0.008888888888888889
