0 0.71240234375 0.5212298682284041 0.0380859375 0.07320644216691069
0 0.7685546875 0.8030746705710102 0.068359375 0.13616398243045388
0 0.7265625 0.6449487554904831 0.0703125 0.12152269399707175
0 0.57568359375 0.6486090775988287 0.0517578125 0.07906295754026355
0 0.453125 0.6896046852122987 0.041015625 0.07320644216691069
0 0.5595703125 0.5153733528550513 0.025390625 0.04685212298682284
0 0.6064453125 0.44216691068814057 0.005859375 0.008784773060029283
0 0.60986328125 0.424597364568082 0.0048828125 0.005856515373352855
0 0.35986328125 0.6105417276720352 0.0556640625 0.09370424597364568
0 0.32373046875 0.9150805270863837 0.1259765625 0.2108345534407028
0 0.154296875 0.7386530014641288 0.05859375 0.10980966325036604
0 0.13037109375 0.6171303074670571 0.0419921875 0.06881405563689605
0 -0.01220703125 0.7218155197657394 0.0361328125 0.06149341142020498
0 0.04541015625 0.582723279648609 0.0361328125 0.05856515373352855
0 -0.0029296875 0.6215226939970717 0.033203125 0.05710102489019034
0 0.0048828125 0.5600292825768668 0.017578125 0.03074670571010249
0 0.0078125 0.5014641288433382 0.015625 0.024890190336749635
0 0.03955078125 0.48755490483162517 0.0068359375 0.01171303074670571
0 0.04296875 0.4838945827232797 0.0078125 0.013177159590043924
0 0.12060546875 0.5190336749633968 0.0185546875 0.027818448023426062
0 0.19775390625 0.5248901903367497 0.0224609375 0.0424597364568082
0 0.33935546875 0.48755490483162517 0.0146484375 0.029282576866764276
0 0.37451171875 0.4765739385065886 0.0185546875 0.03074670571010249
0 0.3935546875 0.4751098096632504 0.015625 0.024890190336749635
0 0.23046875 0.4838945827232797 0.009765625 0.016105417276720352
0 0.20947265625 0.4816983894582723 0.0068359375 0.014641288433382138
0 0.04443359375 0.582723279648609 0.0341796875 0.055636896046852125
0 0.08740234375 0.5710102489019033 0.0263671875 0.040995607613469986
0 0.27783203125 0.5915080527086384 0.0361328125 0.05856515373352855
0 0.22021484375 0.5226939970717424 0.0146484375 0.02635431918008785
0 0.26708984375 0.6120058565153733 0.0458984375 0.08199121522693997
