0 0.465625 0.2684563758389262 0.015625 0.026845637583892617
0 0.49921875 0.28187919463087246 0.0140625 0.02237136465324385
0 0.52421875 0.2751677852348993 0.0109375 0.017897091722595078
0 0.5515625 0.27293064876957496 0.0125 0.02237136465324385
0 0.56015625 0.27293064876957496 0.0109375 0.02237136465324385
0 0.58203125 0.2639821029082774 0.0109375 0.017897091722595078
0 0.62109375 0.27628635346756153 0.0140625 0.024608501118568233
0 0.72265625 0.28747203579418346 0.0078125 0.011185682326621925
0 0.7328125 0.28523489932885904 0.00625 0.011185682326621925
0 0.71875 0.28187919463087246 0.00625 0.008948545861297539
0 0.778125 0.28747203579418346 0.0125 0.020134228187919462
0 0.84609375 0.27069351230425054 0.0109375 0.017897091722595078
0 0.87109375 0.26174496644295303 0.0140625 0.02237136465324385
0 0.87109375 0.28635346756152125 0.0171875 0.026845637583892617
0 0.90859375 0.24608501118568232 0.0203125 0.026845637583892617
0 0.93125 0.27181208053691275 0.025 0.042505592841163314
0 0.95234375 0.25727069351230425 0.0171875 0.02237136465324385
