0 0.7584635416666666 0.463768115942029 0.037760416666666664 0.0463768115942029
0 0.712890625 0.4391304347826087 0.032552083333333336 0.04927536231884058
0 0.6666666666666666 0.42391304347826086 0.0390625 0.050724637681159424
0 0.6725260416666666 0.31521739130434784 0.032552083333333336 0.04492753623188406
0 0.6608072916666666 0.35797101449275365 0.032552083333333336 0.043478260869565216
0 0.6380208333333334 0.38333333333333336 0.03125 0.04492753623188406
0 0.6080729166666666 0.4289855072463768 0.041666666666666664 0.05217391304347826
0 0.5989583333333334 0.3782608695652174 0.036458333333333336 0.04927536231884058
0 0.59765625 0.2942028985507246 0.03125 0.04057971014492753
0 0.22265625 0.48333333333333334 0.046875 0.07391304347826087
0 0.275390625 0.44710144927536233 0.05078125 0.07391304347826087
0 0.228515625 0.35579710144927534 0.053385416666666664 0.07971014492753623
0 0.16276041666666666 0.2702898550724638 0.046875 0.07101449275362319
0 0.12825520833333334 0.20579710144927535 0.048177083333333336 0.06086956521739131
0 0.20833333333333334 0.24420289855072463 0.041666666666666664 0.06231884057971015
0 0.3509114583333333 0.45869565217391306 0.048177083333333336 0.059420289855072465
0 0.4186197916666667 0.4543478260869565 0.048177083333333336 0.06231884057971015
0 0.462890625 0.4601449275362319 0.037760416666666664 0.05652173913043478
0 0.5071614583333334 0.45869565217391306 0.04296875 0.059420289855072465
0 0.560546875 0.4492753623188406 0.037760416666666664 0.05217391304347826
0 0.5319010416666666 0.40507246376811595 0.037760416666666664 0.0536231884057971
0 0.5625 0.37318840579710144 0.033854166666666664 0.04782608695652174
0 0.5625 0.33043478260869563 0.036458333333333336 0.0463768115942029
0 0.5234375 0.3601449275362319 0.036458333333333336 0.04782608695652174
0 0.4700520833333333 0.3565217391304348 0.041666666666666664 0.057971014492753624
0 0.4134114583333333 0.3753623188405797 0.037760416666666664 0.05507246376811594
0 0.3489583333333333 0.37028985507246376 0.0390625 0.05652173913043478
0 0.2884114583333333 0.36376811594202896 0.04296875 0.06086956521739131
0 0.25 0.2956521739130435 0.0390625 0.057971014492753624
0 0.3177083333333333 0.29057971014492756 0.044270833333333336 0.06231884057971015
0 0.2565104166666667 0.25072463768115943 0.0390625 0.05217391304347826
0 0.3138020833333333 0.2427536231884058 0.041666666666666664 0.05652173913043478
0 0.392578125 0.3072463768115942 0.037760416666666664 0.05507246376811594
0 0.5520833333333334 0.3115942028985507 0.0234375 0.03188405797101449
0 0.5338541666666666 0.30289855072463767 0.028645833333333332 0.0463768115942029
0 0.5104166666666666 0.31666666666666665 0.033854166666666664 0.04492753623188406
0 0.4830729166666667 0.2920289855072464 0.028645833333333332 0.0391304347826087
0 0.4557291666666667 0.2826086956521739 0.033854166666666664 0.043478260869565216
0 0.427734375 0.2717391304347826 0.032552083333333336 0.04492753623188406
0 0.3971354166666667 0.2717391304347826 0.033854166666666664 0.04492753623188406
0 0.3619791666666667 0.2818840579710145 0.033854166666666664 0.04492753623188406
0 0.34375 0.2644927536231884 0.028645833333333332 0.050724637681159424
0 0.4388020833333333 0.31666666666666665 0.041666666666666664 0.0536231884057971
