0 0.201171875 0.259765625 0.005859375 0.01953125
0 0.4013671875 0.30078125 0.013671875 0.049479166666666664
0 0.41259765625 0.283203125 0.0068359375 0.009114583333333334
0 0.40478515625 0.17057291666666666 0.0107421875 0.018229166666666668
0 0.4248046875 0.166015625 0.009765625 0.014322916666666666
0 0.46337890625 0.17317708333333334 0.0107421875 0.015625
0 0.4921875 0.18098958333333334 0.009765625 0.013020833333333334
0 0.4453125 0.2962239583333333 0.048828125 0.09244791666666667
0 0.6416015625 0.2643229166666667 0.0703125 0.13020833333333334
0 0.7587890625 0.3001302083333333 0.03515625 0.06640625
0 0.79931640625 0.298828125 0.0146484375 0.01953125
0 0.79541015625 0.2740885416666667 0.0068359375 0.009114583333333334
0 0.814453125 0.2669270833333333 0.0078125 0.010416666666666666
0 0.8154296875 0.2760416666666667 0.005859375 0.0078125
0 0.828125 0.2669270833333333 0.005859375 0.0078125
0 0.896484375 0.28125 0.02734375 0.0390625
0 0.97607421875 0.2649739583333333 0.0283203125 0.048177083333333336
0 0.98779296875 0.2565104166666667 0.0166015625 0.03125
0 0.8427734375 0.255859375 0.00390625 0.006510416666666667
0 0.85498046875 0.2526041666666667 0.0048828125 0.0078125
