0 0.04088541666666667 0.46064814814814814 0.016145833333333335 0.03425925925925926
0 0.01171875 0.4888888888888889 0.0140625 0.024074074074074074
0 0.08984375 0.4462962962962963 0.015104166666666667 0.03518518518518519
0 0.16171875 0.487962962962963 0.0109375 0.022222222222222223
0 0.10859375 0.48703703703703705 0.0109375 0.022222222222222223
0 0.1140625 0.48009259259259257 0.013541666666666667 0.026851851851851852
0 0.13489583333333333 0.5 0.010416666666666666 0.016666666666666666
0 0.18541666666666667 0.5263888888888889 0.007291666666666667 0.01574074074074074
0 0.2078125 0.49398148148148147 0.010416666666666666 0.021296296296296296
0 0.19140625 0.5106481481481482 0.0067708333333333336 0.01574074074074074
0 0.21744791666666666 0.5 0.0078125 0.014814814814814815
0 0.23489583333333333 0.5087962962962963 0.007291666666666667 0.012037037037037037
0 0.259375 0.43425925925925923 0.019791666666666666 0.04259259259259259
0 0.30130208333333336 0.4527777777777778 0.016145833333333335 0.03333333333333333
0 0.27760416666666665 0.5097222222222222 0.008333333333333333 0.01574074074074074
0 0.32395833333333335 0.48148148148148145 0.009375 0.016666666666666666
0 0.34375 0.5148148148148148 0.007291666666666667 0.016666666666666666
0 0.35390625 0.5111111111111111 0.0078125 0.016666666666666666
0 0.37604166666666666 0.5203703703703704 0.005208333333333333 0.012962962962962963
0 0.3875 0.5282407407407408 0.005208333333333333 0.010185185185185186
0 0.36822916666666666 0.5425925925925926 0.003125 0.007407407407407408
0 0.40078125 0.49907407407407406 0.008854166666666666 0.016666666666666666
0 0.4236979166666667 0.5143518518518518 0.0067708333333333336 0.012037037037037037
0 0.41901041666666666 0.5175925925925926 0.005729166666666666 0.011111111111111112
0 0.4484375 0.4546296296296296 0.016666666666666666 0.03518518518518519
0 0.46953125 0.45231481481481484 0.013020833333333334 0.026851851851851852
0 0.5041666666666667 0.48148148148148145 0.009375 0.016666666666666666
0 0.5138020833333333 0.49537037037037035 0.0078125 0.016666666666666666
0 0.5328125 0.48564814814814816 0.009375 0.019444444444444445
0 0.559375 0.5319444444444444 0.004166666666666667 0.008333333333333333
0 0.5736979166666667 0.525 0.005729166666666666 0.011111111111111112
0 0.5963541666666666 0.5060185185185185 0.009375 0.019444444444444445
0 0.6169270833333333 0.43842592592592594 0.027604166666666666 0.05092592592592592
0 0.6799479166666667 0.39166666666666666 0.030729166666666665 0.05555555555555555
0 0.6419270833333334 0.37175925925925923 0.027604166666666666 0.05462962962962963
0 0.6283854166666667 0.3787037037037037 0.0203125 0.053703703703703705
0 0.7286458333333333 0.4722222222222222 0.015625 0.027777777777777776
0 0.7161458333333334 0.5018518518518519 0.009375 0.018518518518518517
0 0.76484375 0.4078703703703704 0.0203125 0.032407407407407406
0 0.7932291666666667 0.43796296296296294 0.013541666666666667 0.02962962962962963
0 0.8127604166666667 0.4912037037037037 0.0390625 0.1287037037037037
0 0.8111979166666666 0.45046296296296295 0.0109375 0.026851851851851852
0 0.9078125 0.4703703703703704 0.016666666666666666 0.03333333333333333
0 0.9140625 0.4949074074074074 0.0125 0.026851851851851852
0 0.9669270833333333 0.5032407407407408 0.011979166666666667 0.023148148148148147
0 0.9760416666666667 0.5055555555555555 0.011458333333333333 0.024074074074074074
0 0.9940104166666667 0.4930555555555556 0.011979166666666667 0.025
