0 0.2942830365510778 0.49416666666666664 0.02999062792877226 0.065
0 0.10918462980318651 0.4691666666666667 0.029053420805998126 0.07166666666666667
0 0.20056232427366447 0.48333333333333334 0.02999062792877226 0.06666666666666667
0 0.37722586691658855 0.49583333333333335 0.023430178069353328 0.04833333333333333
0 0.45173383317713217 0.45666666666666667 0.02436738519212746 0.05333333333333334
0 0.5838800374882849 0.47583333333333333 0.020618556701030927 0.041666666666666664
0 0.7338331771321462 0.5 0.02436738519212746 0.05
0 0.7071227741330834 0.4866666666666667 0.019681349578256794 0.04
0 0.6330834114339269 0.4766666666666667 0.019681349578256794 0.04
0 0.6677600749765699 0.4691666666666667 0.019681349578256794 0.041666666666666664
0 0.5304592314901593 0.49083333333333334 0.020618556701030927 0.04833333333333333
0 0.5079662605435802 0.525 0.022492970946579195 0.04
0 0.2511715089034677 0.4825 0.026241799437675725 0.058333333333333334
0 0.3261480787253983 0.5016666666666667 0.020618556701030927 0.04666666666666667
0 0.18791002811621368 0.4575 0.02717900656044986 0.051666666666666666
0 0.5852858481724461 0.44166666666666665 0.01780693533270853 0.03666666666666667
0 0.40487347703842547 0.4708333333333333 0.020618556701030927 0.041666666666666664
0 0.30740393626991563 0.4708333333333333 0.026241799437675725 0.06166666666666667
0 0.7488284910965324 0.49333333333333335 0.020618556701030927 0.03666666666666667
0 0.6087160262417994 0.42916666666666664 0.01780693533270853 0.03166666666666667
