0 0.1574468085106383 0.1967509025270758 0.03971631205673759 0.08062575210589651
0 0.2673758865248227 0.3868832731648616 0.0425531914893617 0.09265944645006016
0 0.23049645390070922 0.2575210589651023 0.032624113475177303 0.06498194945848375
0 0.33865248226950356 0.3694344163658243 0.036170212765957444 0.07460890493381468
0 0.4421985815602837 0.3989169675090253 0.031914893617021274 0.06618531889290012
0 0.5042553191489362 0.39290012033694344 0.031205673758865248 0.06859205776173286
0 0.5670212765957446 0.36161251504211794 0.03333333333333333 0.07821901323706378
0 0.6347517730496454 0.37545126353790614 0.032624113475177303 0.07220216606498195
0 0.26666666666666666 0.21299638989169675 0.032624113475177303 0.06498194945848375
0 0.31950354609929077 0.2713598074608905 0.029078014184397163 0.06377858002406739
0 0.34645390070921983 0.22442839951865223 0.03049645390070922 0.06618531889290012
0 0.4078014184397163 0.2713598074608905 0.028368794326241134 0.056558363417569195
0 0.47588652482269506 0.2581227436823105 0.02695035460992908 0.06377858002406739
0 0.5039007092198582 0.21720818291215402 0.029078014184397163 0.061371841155234655
0 0.548936170212766 0.24488567990373045 0.029787234042553193 0.07099879663056559
0 0.6028368794326241 0.2605294825511432 0.029787234042553193 0.061371841155234655
0 0.675531914893617 0.24127557160048135 0.03475177304964539 0.06859205776173286
0 0.7407801418439717 0.2328519855595668 0.03475177304964539 0.07099879663056559
0 0.8120567375886525 0.2851985559566787 0.04113475177304964 0.08182912154031288
0 0.8358156028368794 0.24488567990373045 0.04184397163120567 0.08543922984356198
