0 0.20833333333333334 0.53875 0.02 0.0325
0 0.24708333333333332 0.534375 0.014166666666666666 0.02375
0 0.2789583333333333 0.53875 0.01625 0.025
0 0.375625 0.523125 0.007916666666666667 0.0125
0 0.3933333333333333 0.52375 0.0075 0.0125
0 0.41291666666666665 0.526875 0.006666666666666667 0.01125
0 0.321875 0.525625 0.00625 0.00875
0 0.340625 0.5246875 0.00375 0.005625
0 0.47770833333333335 0.5534375 0.007916666666666667 0.013125
0 0.6572916666666667 0.5190625 0.01125 0.018125
0 0.6360416666666666 0.516875 0.01125 0.02
0 0.7214583333333333 0.5271875 0.010416666666666666 0.019375
0 0.7783333333333333 0.5240625 0.025833333333333333 0.049375
0 0.750625 0.5146875 0.017916666666666668 0.028125
0 0.8129166666666666 0.5171875 0.018333333333333333 0.029375
0 0.8820833333333333 0.5 0.02 0.03625
