0 0.02951096121416526 0.4549492385786802 0.00505902192242833 0.006345177664974619
0 0.012225969645868466 0.47779187817258884 0.0042158516020236085 0.008883248730964468
0 0.01011804384485666 0.5145939086294417 0.006745362563237774 0.011421319796954314
0 0.040893760539629 0.47017766497461927 0.005902192242833052 0.008883248730964468
0 0.03962900505902192 0.5050761421319797 0.006745362563237774 0.01015228426395939
0 0.05227655986509275 0.44225888324873097 0.00505902192242833 0.008883248730964468
0 0.06323777403035413 0.4600253807106599 0.00505902192242833 0.008883248730964468
0 0.0990725126475548 0.46383248730964466 0.0042158516020236085 0.008883248730964468
0 0.11045531197301856 0.4467005076142132 0.003372681281618887 0.005076142131979695
0 0.3102866779089376 0.49555837563451777 0.00505902192242833 0.008883248730964468
0 0.3005902192242833 0.5323604060913706 0.007588532883642495 0.011421319796954314
0 0.290893760539629 0.5463197969543148 0.006745362563237774 0.013959390862944163
0 0.331787521079258 0.5342639593908629 0.007588532883642495 0.012690355329949238
0 0.342327150084317 0.5209390862944162 0.006745362563237774 0.011421319796954314
0 0.35961214165261385 0.4549492385786802 0.005902192242833052 0.008883248730964468
0 0.3882799325463744 0.44416243654822335 0.0042158516020236085 0.007614213197969543
0 0.3785834738617201 0.5171319796954315 0.006745362563237774 0.011421319796954314
0 0.3777403035413153 0.5913705583756346 0.006745362563237774 0.012690355329949238
0 0.34190556492411467 0.6046954314720813 0.00927487352445194 0.013959390862944163
0 0.39038785834738615 0.5932741116751269 0.008431703204047217 0.013959390862944163
0 0.38406408094435074 0.6472081218274112 0.00927487352445194 0.015228426395939087
0 0.32377740303541314 0.6979695431472082 0.011804384485666104 0.017766497461928935
0 0.3039629005059022 0.6592639593908629 0.00927487352445194 0.01903553299492386
0 0.30902192242833054 0.6383248730964467 0.005902192242833052 0.01015228426395939
0 0.3241989881956155 0.7404822335025381 0.010961214165261383 0.01903553299492386
0 0.3722596964586847 0.7189086294416244 0.010961214165261383 0.021573604060913704
0 0.35623946037099496 0.7963197969543148 0.016020236087689713 0.024111675126903553
0 0.38322091062394603 0.7874365482233503 0.010961214165261383 0.021573604060913704
0 0.45320404721753793 0.5818527918781726 0.005902192242833052 0.008883248730964468
0 0.5421585160202361 0.4866751269035533 0.00505902192242833 0.008883248730964468
0 0.6112984822934233 0.4866751269035533 0.006745362563237774 0.013959390862944163
0 0.5602866779089376 0.559010152284264 0.007588532883642495 0.013959390862944163
0 0.5299325463743676 0.5748730964467005 0.007588532883642495 0.015228426395939087
0 0.5623946037099494 0.6104060913705583 0.008431703204047217 0.012690355329949238
0 0.6100337268128162 0.549492385786802 0.007588532883642495 0.012690355329949238
0 0.42706576728499157 0.6186548223350253 0.007588532883642495 0.013959390862944163
0 0.4279089376053963 0.6269035532994924 0.00927487352445194 0.012690355329949238
0 0.4274873524451939 0.6789340101522843 0.011804384485666104 0.02030456852791878
0 0.43296795952782463 0.7810913705583756 0.010961214165261383 0.024111675126903553
0 0.47470489038785835 0.6763959390862944 0.008431703204047217 0.015228426395939087
0 0.49704890387858347 0.7024111675126904 0.010961214165261383 0.01903553299492386
0 0.4734401349072513 0.7436548223350253 0.010961214165261383 0.02030456852791878
0 0.4759696458684654 0.8013959390862944 0.010961214165261383 0.01649746192893401
0 0.5383642495784149 0.8972081218274112 0.00927487352445194 0.012690355329949238
0 0.572512647554806 0.8445431472081218 0.011804384485666104 0.01903553299492386
0 0.653035413153457 0.46573604060913704 0.005902192242833052 0.01015228426395939
0 0.6732715008431703 0.5031725888324873 0.007588532883642495 0.011421319796954314
0 0.6728499156829679 0.5602791878172588 0.006745362563237774 0.011421319796954314
0 0.6715851602023609 0.5767766497461929 0.010961214165261383 0.01649746192893401
0 0.6618887015177066 0.7722081218274112 0.013490725126475547 0.021573604060913704
0 0.6749578414839797 0.7817258883248731 0.01433389544688027 0.025380710659898477
0 0.6779089376053963 0.7271573604060914 0.013490725126475547 0.017766497461928935
0 0.7036256323777403 0.7810913705583756 0.02951096121416526 0.12055837563451777
0 0.7280775716694773 0.6681472081218274 0.010961214165261383 0.013959390862944163
0 0.7027824620573356 0.9086294416243654 0.01770657672849916 0.03299492385786802
0 0.7272344013490725 0.8318527918781726 0.016020236087689713 0.024111675126903553
0 0.7369308600337268 0.7791878172588832 0.013490725126475547 0.02284263959390863
0 0.815345699831366 0.8451776649746193 0.01517706576728499 0.025380710659898477
0 0.7668634064080945 0.7303299492385786 0.01433389544688027 0.01903553299492386
0 0.7588532883642496 0.6269035532994924 0.008431703204047217 0.015228426395939087
0 0.7689713322091062 0.666243654822335 0.006745362563237774 0.012690355329949238
0 0.8022765598650927 0.549492385786802 0.00927487352445194 0.012690355329949238
0 0.8284148397976391 0.6015228426395939 0.007588532883642495 0.012690355329949238
0 0.8393760539629005 0.5602791878172588 0.007588532883642495 0.011421319796954314
0 0.8490725126475548 0.625 0.01011804384485666 0.01649746192893401
0 0.8494940978077572 0.6478426395939086 0.010961214165261383 0.01903553299492386
0 0.8182967959527825 0.6833756345177665 0.010961214165261383 0.01903553299492386
0 0.8056492411467117 0.6637055837563451 0.012647554806070826 0.017766497461928935
0 0.7866779089376054 0.6700507614213198 0.01011804384485666 0.015228426395939087
0 0.9498313659359191 0.6395939086294417 0.010961214165261383 0.017766497461928935
0 0.9249578414839797 0.6465736040609137 0.01011804384485666 0.01649746192893401
0 0.9059865092748736 0.7189086294416244 0.016020236087689713 0.024111675126903553
0 0.9017706576728499 0.6548223350253807 0.010961214165261383 0.017766497461928935
0 0.9097807757166948 0.6173857868020305 0.006745362563237774 0.013959390862944163
0 0.9009274873524452 0.5691624365482234 0.00927487352445194 0.013959390862944163
0 0.29047217537942666 0.5279187817258884 0.005902192242833052 0.01015228426395939
0 0.29215851602023607 0.5177664974619289 0.005902192242833052 0.01015228426395939
0 0.29595278246205736 0.5076142131979695 0.00505902192242833 0.007614213197969543
0 0.2824620573355818 0.4517766497461929 0.003372681281618887 0.005076142131979695
0 0.286256323777403 0.4631979695431472 0.00927487352445194 0.030456852791878174
0 0.2934232715008432 0.45621827411167515 0.003372681281618887 0.006345177664974619
0 0.42074198988195616 0.4866751269035533 0.00505902192242833 0.011421319796954314
0 0.4413996627318718 0.4879441624365482 0.005902192242833052 0.011421319796954314
0 0.4317032040472175 0.4815989847715736 0.00505902192242833 0.008883248730964468
0 0.7702360876897133 0.5463197969543148 0.005902192242833052 0.011421319796954314
0 0.7946880269814502 0.550761421319797 0.005902192242833052 0.01015228426395939
0 0.25126475548060706 0.9701776649746193 0.01517706576728499 0.02918781725888325
