0 0.227 0.3 0.058 0.10082644628099173
0 0.313 0.30330578512396694 0.052 0.10743801652892562
0 0.4485 0.2793388429752066 0.045 0.1024793388429752
0 0.5655 0.31239669421487604 0.047 0.09917355371900827
0 0.675 0.24297520661157024 0.05 0.09256198347107437
0 0.777 0.1884297520661157 0.048 0.11239669421487604
0 0.8405 0.17355371900826447 0.049 0.09917355371900827
0 0.1345 0.4371900826446281 0.071 0.1371900826446281
0 0.2615 0.5115702479338843 0.059 0.12396694214876033
0 0.43 0.5677685950413223 0.05 0.11074380165289256
0 0.463 0.40826446280991735 0.04 0.08925619834710743
0 0.523 0.40743801652892564 0.046 0.08760330578512397
0 0.594 0.428099173553719 0.042 0.08264462809917356
0 0.65 0.4090909090909091 0.04 0.08099173553719008
0 0.7695 0.38925619834710745 0.047 0.09421487603305785
0 0.8555 0.41735537190082644 0.041 0.08099173553719008
0 0.519 0.6148760330578512 0.046 0.0859504132231405
0 0.6485 0.6206611570247934 0.057 0.1305785123966942
0 0.727 0.5264462809917355 0.08 0.15702479338842976
0 0.911 0.5785123966942148 0.064 0.11570247933884298
