0 0.29609375 0.3157894736842105 0.0109375 0.019138755980861243
0 0.35390625 0.30023923444976075 0.0109375 0.0215311004784689
0 0.3265625 0.3157894736842105 0.0125 0.023923444976076555
0 0.36953125 0.3444976076555024 0.0140625 0.028708133971291867
0 0.36015625 0.37799043062200954 0.0203125 0.03827751196172249
0 0.34609375 0.39712918660287083 0.0234375 0.03827751196172249
0 0.33046875 0.4007177033492823 0.0171875 0.03110047846889952
0 0.2890625 0.4342105263157895 0.021875 0.04066985645933014
0 0.2421875 0.41866028708133973 0.021875 0.03827751196172249
0 0.2484375 0.4772727272727273 0.025 0.03588516746411483
0 0.253125 0.5299043062200957 0.028125 0.050239234449760764
0 0.3859375 0.5502392344497608 0.01875 0.03827751196172249
0 0.334375 0.48444976076555024 0.028125 0.05502392344497608
0 0.4546875 0.3672248803827751 0.01875 0.03588516746411483
0 0.42421875 0.4784688995215311 0.0296875 0.06220095693779904
0 0.3984375 0.4090909090909091 0.021875 0.0430622009569378
0 0.29921875 0.5980861244019139 0.0359375 0.07177033492822966
0 0.41484375 0.7894736842105263 0.0296875 0.05741626794258373
0 0.2984375 0.8875598086124402 0.028125 0.05263157894736842
0 0.4296875 0.742822966507177 0.06875 0.12200956937799043
0 0.09609375 0.8971291866028708 0.0546875 0.09569377990430622
0 0.20703125 0.8624401913875598 0.0515625 0.08373205741626795
0 0.3875 0.916267942583732 0.05625 0.09569377990430622
0 0.5140625 0.7320574162679426 0.040625 0.07655502392344497
0 0.63359375 0.8361244019138756 0.0453125 0.08851674641148326
0 0.78515625 0.8181818181818182 0.0453125 0.09569377990430622
0 0.703125 0.6543062200956937 0.0375 0.08373205741626795
0 0.74140625 0.6471291866028708 0.0265625 0.05980861244019139
0 0.79140625 0.6674641148325359 0.0359375 0.07655502392344497
0 0.65234375 0.6016746411483254 0.0328125 0.07416267942583732
0 0.559375 0.5765550239234449 0.040625 0.08133971291866028
0 0.46328125 0.6016746411483254 0.0359375 0.06937799043062201
0 0.50390625 0.5334928229665071 0.0328125 0.06220095693779904
0 0.59453125 0.48325358851674644 0.0328125 0.06220095693779904
0 0.6703125 0.5 0.025 0.04784688995215311
0 0.7453125 0.4904306220095694 0.025 0.04784688995215311
0 0.76484375 0.59688995215311 0.0296875 0.0645933014354067
0 0.7734375 0.47248803827751196 0.015625 0.03110047846889952
0 0.80546875 0.5239234449760766 0.0234375 0.05263157894736842
0 0.83046875 0.4892344497607656 0.0203125 0.045454545454545456
0 0.871875 0.5358851674641149 0.028125 0.06698564593301436
0 0.87421875 0.6543062200956937 0.0296875 0.05980861244019139
0 0.865625 0.7488038277511961 0.040625 0.09090909090909091
0 0.5265625 0.46291866028708134 0.025 0.05502392344497608
0 0.5 0.458133971291866 0.021875 0.03588516746411483
0 0.4890625 0.39952153110047844 0.01875 0.03349282296650718
0 0.4515625 0.42105263157894735 0.01875 0.03827751196172249
0 0.540625 0.4007177033492823 0.025 0.03588516746411483
0 0.67578125 0.39473684210526316 0.0171875 0.03349282296650718
0 0.64765625 0.4090909090909091 0.0203125 0.0430622009569378
0 0.60234375 0.4246411483253589 0.0203125 0.03110047846889952
0 0.5609375 0.36483253588516745 0.01875 0.03110047846889952
0 0.51796875 0.3361244019138756 0.0140625 0.02631578947368421
0 0.54921875 0.32894736842105265 0.0140625 0.02631578947368421
0 0.46953125 0.3145933014354067 0.0171875 0.02631578947368421
0 0.4546875 0.3373205741626794 0.015625 0.028708133971291867
0 0.425 0.3409090909090909 0.0125 0.0215311004784689
0 0.41015625 0.3014354066985646 0.0109375 0.023923444976076555
0 0.05703125 0.8038277511961722 0.0390625 0.08133971291866028
0 0.021875 0.7906698564593302 0.034375 0.0645933014354067
0 0.16953125 0.6794258373205742 0.0484375 0.07655502392344497
0 0.1328125 0.687799043062201 0.03125 0.050239234449760764
0 0.01015625 0.6854066985645934 0.0171875 0.03588516746411483
0 0.08125 0.6267942583732058 0.034375 0.06220095693779904
0 0.11953125 0.5729665071770335 0.0234375 0.04066985645933014
0 0.18671875 0.5753588516746412 0.0296875 0.05502392344497608
0 0.18984375 0.5322966507177034 0.0265625 0.04066985645933014
0 0.0359375 0.5825358851674641 0.021875 0.03588516746411483
0 0.05625 0.5155502392344498 0.01875 0.03110047846889952
0 0.1328125 0.4916267942583732 0.021875 0.045454545454545456
0 0.103125 0.5382775119617225 0.021875 0.03349282296650718
0 0.1046875 0.49282296650717705 0.021875 0.03827751196172249
0 0.1875 0.45454545454545453 0.01875 0.03827751196172249
0 0.16328125 0.4449760765550239 0.0171875 0.028708133971291867
0 0.953125 0.930622009569378 0.034375 0.05263157894736842
0 0.921875 0.7547846889952153 0.03125 0.0645933014354067
0 0.94140625 0.6782296650717703 0.0328125 0.0645933014354067
0 0.95390625 0.5717703349282297 0.0140625 0.028708133971291867
0 0.91953125 0.5059808612440191 0.0203125 0.03588516746411483
0 0.99453125 0.7129186602870813 0.0296875 0.06220095693779904
0 0.97578125 0.9043062200956937 0.0484375 0.17703349282296652
0 0.98515625 0.8361244019138756 0.0703125 0.145933014354067
0 0.9859375 0.6770334928229665 0.0625 0.14354066985645933
0 0.9953125 0.5765550239234449 0.01875 0.03827751196172249
0 0.98359375 0.5143540669856459 0.0140625 0.023923444976076555
0 0.95234375 0.5083732057416268 0.0140625 0.02631578947368421
0 0.9015625 0.4688995215311005 0.0125 0.023923444976076555
0 0.86171875 0.45933014354066987 0.0171875 0.03349282296650718
0 0.8515625 0.4461722488038278 0.015625 0.02631578947368421
0 0.81875 0.4354066985645933 0.0125 0.028708133971291867
0 0.79765625 0.42105263157894735 0.0171875 0.028708133971291867
0 0.74765625 0.4270334928229665 0.0140625 0.03110047846889952
0 0.70078125 0.42942583732057416 0.0171875 0.03110047846889952
0 0.63671875 0.28588516746411485 0.0109375 0.0215311004784689
0 0.6234375 0.3397129186602871 0.009375 0.019138755980861243
0 0.67265625 0.3576555023923445 0.0140625 0.03110047846889952
0 0.75 0.31698564593301437 0.009375 0.01674641148325359
0 0.740625 0.3827751196172249 0.0125 0.023923444976076555
0 0.6046875 0.28588516746411485 0.009375 0.01674641148325359
0 0.58984375 0.319377990430622 0.0078125 0.01674641148325359
0 0.028125 0.583732057416268 0.015625 0.028708133971291867
0 0.08359375 0.6327751196172249 0.0265625 0.05980861244019139
0 0.98984375 0.5502392344497608 0.0140625 0.023923444976076555
0 0.95703125 0.5382775119617225 0.0171875 0.023923444976076555
0 0.76796875 0.37799043062200954 0.0140625 0.023923444976076555
0 0.446875 0.44976076555023925 0.025 0.0430622009569378
0 0.40234375 0.3815789473684211 0.0171875 0.02631578947368421
