0 0.13204656862745098 0.6719771241830066 0.00428921568627451 0.006535947712418301
0 0.16651348039215685 0.6070261437908496 0.0027573529411764708 0.004084967320261438
0 0.04963235294117647 0.5690359477124183 0.03308823529411765 0.05392156862745098
0 0.18336397058823528 0.5269607843137255 0.0033700980392156864 0.004901960784313725
0 0.3037683823529412 0.5292075163398693 0.0027573529411764708 0.004493464052287581
0 0.3102022058823529 0.528390522875817 0.002144607843137255 0.003676470588235294
0 0.42662377450980393 0.5245098039215687 0.0027573529411764708 0.004084967320261438
0 0.5248161764705882 0.5347222222222222 0.013480392156862746 0.018790849673202614
0 0.5473345588235294 0.5332924836601307 0.013786764705882353 0.020016339869281044
0 0.6963848039215687 0.519812091503268 0.004901960784313725 0.006127450980392157
0 0.6962316176470589 0.5185866013071896 0.005208333333333333 0.00857843137254902
0 0.7057291666666666 0.5149101307189542 0.004595588235294118 0.006944444444444444
0 0.7931985294117647 0.5122549019607843 0.00428921568627451 0.005718954248366013
0 0.8181678921568627 0.525531045751634 0.003982843137254902 0.006127450980392157
0 0.8511029411764706 0.5600490196078431 0.006740196078431373 0.011437908496732025
0 0.8903186274509803 0.5772058823529411 0.00980392156862745 0.017973856209150325
0 0.8711703431372549 0.5757761437908496 0.01133578431372549 0.016748366013071895
0 0.8854166666666666 0.5841503267973857 0.012254901960784314 0.021241830065359478
0 0.9333639705882353 0.6113153594771242 0.01685049019607843 0.024918300653594773
0 0.985140931372549 0.6519607843137255 0.01991421568627451 0.031862745098039214
