0 0.03345070422535211 0.13541666666666666 0.022300469483568074 0.04583333333333333
0 0.052230046948356805 0.084375 0.01995305164319249 0.035416666666666666
0 0.06455399061032864 0.10208333333333333 0.01643192488262911 0.03333333333333333
0 0.08392018779342723 0.06770833333333333 0.012910798122065728 0.022916666666666665
0 0.11737089201877934 0.09375 0.014084507042253521 0.03333333333333333
0 0.13497652582159625 0.12083333333333333 0.01643192488262911 0.029166666666666667
0 -0.0029342723004694834 0.265625 0.02699530516431925 0.05625
0 0.017605633802816902 0.225 0.03051643192488263 0.058333333333333334
0 0.10035211267605634 0.296875 0.03873239436619718 0.06875
0 0.1602112676056338 0.14895833333333333 0.01995305164319249 0.035416666666666666
0 0.1602112676056338 0.20416666666666666 0.02464788732394366 0.04583333333333333
0 0.1936619718309859 0.2125 0.03286384976525822 0.058333333333333334
0 0.22476525821596244 0.0875 0.012910798122065728 0.025
0 0.22241784037558684 0.15104166666666666 0.017605633802816902 0.035416666666666666
0 0.24589201877934272 0.20520833333333333 0.02464788732394366 0.04791666666666667
0 0.2846244131455399 0.13541666666666666 0.017605633802816902 0.0375
0 0.30985915492957744 0.09895833333333333 0.028169014084507043 0.16875
0 0.37734741784037557 0.084375 0.015258215962441314 0.03125
0 0.4107981220657277 0.0875 0.014084507042253521 0.03333333333333333
0 0.4166666666666667 0.09583333333333334 0.014084507042253521 0.025
0 0.31866197183098594 0.17708333333333334 0.01995305164319249 0.0375
0 0.31690140845070425 0.22083333333333333 0.02112676056338028 0.041666666666666664
0 0.3221830985915493 0.2916666666666667 0.017605633802816902 0.0375
0 0.34624413145539906 0.25729166666666664 0.025821596244131457 0.04791666666666667
0 0.3591549295774648 0.3125 0.03286384976525822 0.06666666666666667
0 0.24178403755868544 0.28229166666666666 0.03051643192488263 0.052083333333333336
0 0.3714788732394366 0.2677083333333333 0.022300469483568074 0.04791666666666667
0 0.42077464788732394 0.25833333333333336 0.02699530516431925 0.04583333333333333
0 0.4935446009389671 0.22916666666666666 0.02464788732394366 0.05
0 0.3485915492957746 0.38125 0.035211267605633804 0.06666666666666667
0 0.43603286384976525 0.38125 0.03873239436619718 0.0875
0 0.17194835680751175 0.4270833333333333 0.04107981220657277 0.09583333333333334
0 0.3086854460093897 0.475 0.03990610328638498 0.07916666666666666
0 0.08157276995305164 0.7385416666666667 0.05985915492957746 0.09791666666666667
0 0.2705399061032864 0.7239583333333334 0.05516431924882629 0.10625
0 0.48708920187793425 0.5020833333333333 0.04929577464788732 0.07916666666666666
0 0.528755868544601 0.4947916666666667 0.036384976525821594 0.07708333333333334
0 0.6203051643192489 0.8145833333333333 0.06690140845070422 0.125
0 0.5117370892018779 0.29791666666666666 0.025821596244131457 0.05
0 0.5463615023474179 0.29270833333333335 0.02464788732394366 0.052083333333333336
0 0.5416666666666666 0.38125 0.03403755868544601 0.07916666666666666
0 0.6179577464788732 0.415625 0.03403755868544601 0.06875
0 0.5715962441314554 0.2375 0.011737089201877934 0.020833333333333332
0 0.5821596244131455 0.05625 0.011737089201877934 0.025
0 0.5985915492957746 0.04895833333333333 0.009389671361502348 0.022916666666666665
0 0.6156103286384976 0.04895833333333333 0.01056338028169014 0.022916666666666665
0 0.6519953051643192 0.04479166666666667 0.015258215962441314 0.027083333333333334
0 0.5921361502347418 0.29583333333333334 0.029342723004694836 0.05416666666666667
0 0.6203051643192489 0.4739583333333333 0.03873239436619718 0.07291666666666667
0 0.6772300469483568 0.440625 0.04225352112676056 0.08541666666666667
0 0.7206572769953051 0.575 0.051643192488262914 0.1
0 0.6496478873239436 0.2864583333333333 0.03169014084507042 0.06458333333333334
0 0.704225352112676 0.33541666666666664 0.028169014084507043 0.05416666666666667
0 0.7353286384976526 0.215625 0.01995305164319249 0.03958333333333333
0 0.7001173708920188 0.17708333333333334 0.022300469483568074 0.041666666666666664
0 0.7482394366197183 0.146875 0.017605633802816902 0.035416666666666666
0 0.6484741784037559 0.153125 0.01995305164319249 0.035416666666666666
0 0.6267605633802817 0.13541666666666666 0.01643192488262911 0.029166666666666667
0 0.6032863849765259 0.12708333333333333 0.014084507042253521 0.03333333333333333
0 0.789906103286385 0.10520833333333333 0.011737089201877934 0.022916666666666665
0 0.8215962441314554 0.178125 0.02112676056338028 0.03958333333333333
0 0.8427230046948356 0.16458333333333333 0.018779342723004695 0.03333333333333333
0 0.7740610328638498 0.428125 0.03403755868544601 0.06041666666666667
0 0.8280516431924883 0.4083333333333333 0.029342723004694836 0.058333333333333334
0 0.846244131455399 0.37916666666666665 0.028169014084507043 0.05416666666666667
0 0.8896713615023474 0.33125 0.028169014084507043 0.05416666666666667
0 0.9272300469483568 0.38125 0.035211267605633804 0.058333333333333334
0 0.9342723004694836 0.5479166666666667 0.051643192488262914 0.1125
0 0.8174882629107981 0.490625 0.045774647887323945 0.08958333333333333
0 0.9612676056338029 0.3385416666666667 0.03051643192488263 0.06041666666666667
0 0.892018779342723 0.178125 0.018779342723004695 0.03125
0 0.9436619718309859 0.196875 0.02112676056338028 0.03958333333333333
0 0.8251173708920188 0.10520833333333333 0.01643192488262911 0.035416666666666666
0 0.8380281690140845 0.10833333333333334 0.011737089201877934 0.025
0 0.880868544600939 0.11979166666666667 0.012910798122065728 0.027083333333333334
0 0.9313380281690141 0.07916666666666666 0.012910798122065728 0.029166666666666667
0 0.9665492957746479 0.07083333333333333 0.01056338028169014 0.020833333333333332
0 0.9589201877934272 0.040625 0.011737089201877934 0.01875
0 0.0721830985915493 0.10208333333333333 0.01995305164319249 0.0375
0 0.2863849765258216 0.2833333333333333 0.06807511737089202 0.21666666666666667
0 0.352112676056338 0.27708333333333335 0.04929577464788732 0.25833333333333336
0 0.19718309859154928 0.26875 0.03051643192488263 0.04583333333333333
0 0.2934272300469484 0.24791666666666667 0.023474178403755867 0.041666666666666664
0 0.7265258215962441 0.16458333333333333 0.018779342723004695 0.0375
0 0.6795774647887324 0.16354166666666667 0.02112676056338028 0.03958333333333333
0 0.6349765258215962 0.18229166666666666 0.023474178403755867 0.04375
0 0.8080985915492958 0.1375 0.017605633802816902 0.03333333333333333
0 0.9483568075117371 0.10208333333333333 0.018779342723004695 0.0375
