0 0.6308365758754864 0.7 0.024319066147859923 0.04
0 0.546692607003891 0.6674074074074074 0.02529182879377432 0.04296296296296296
0 0.4674124513618677 0.677037037037037 0.026264591439688716 0.03851851851851852
0 0.3224708171206226 0.697037037037037 0.024319066147859923 0.04888888888888889
0 0.3098249027237354 0.6888888888888889 0.02237354085603113 0.04148148148148148
0 0.14542801556420235 0.6503703703703704 0.020428015564202335 0.04148148148148148
0 0.2144941634241245 0.6570370370370371 0.02237354085603113 0.045925925925925926
0 0.13861867704280156 0.6962962962962963 0.020428015564202335 0.04148148148148148
0 0.14883268482490272 0.6955555555555556 0.027237354085603113 0.04296296296296296
0 0.20622568093385213 0.725925925925926 0.02529182879377432 0.044444444444444446
