0 0.28541666666666665 0.48148148148148145 0.0375 0.07777777777777778
0 0.3385416666666667 0.5092592592592593 0.03333333333333333 0.07777777777777778
0 0.4041666666666667 0.4638888888888889 0.035416666666666666 0.07962962962962963
0 0.4505208333333333 0.4777777777777778 0.034375 0.07037037037037037
0 0.5072916666666667 0.49444444444444446 0.035416666666666666 0.07777777777777778
0 0.571875 0.44722222222222224 0.0375 0.07962962962962963
0 0.6588541666666666 0.42407407407407405 0.046875 0.1037037037037037
0 0.7286458333333333 0.4601851851851852 0.042708333333333334 0.09444444444444444
0 0.8 0.45 0.04375 0.08518518518518518
0 0.8479166666666667 0.3824074074074074 0.05 0.11666666666666667
