0 0.61669921875 0.5864468864468865 0.041015625 0.06227106227106227
0 0.714599609375 0.6142857142857143 0.03955078125 0.06813186813186813
0 0.742431640625 0.48754578754578753 0.03955078125 0.06373626373626373
0 0.8388671875 0.5032967032967033 0.0341796875 0.05567765567765568
0 0.90625 0.4597069597069597 0.03515625 0.06373626373626373
0 1.019287109375 0.5036630036630036 0.03466796875 0.05201465201465202
0 0.900146484375 0.25677655677655675 0.03662109375 0.06373626373626373
0 0.98388671875 0.23809523809523808 0.033203125 0.054212454212454214
0 0.923583984375 0.16263736263736264 0.03076171875 0.05714285714285714
0 0.88427734375 0.06190476190476191 0.03125 0.05934065934065934
0 0.98681640625 0.011721611721611722 0.03125 0.04395604395604396
0 0.679443359375 0.2358974358974359 0.02685546875 0.04835164835164835
0 0.687744140625 0.3384615384615385 0.03271484375 0.05274725274725275
0 0.804443359375 0.24358974358974358 0.03271484375 0.054945054945054944
0 0.800048828125 0.8183150183150183 0.04541015625 0.0761904761904762
0 0.68994140625 0.8282051282051283 0.0498046875 0.07692307692307693
0 0.56787109375 0.9465201465201465 0.0400390625 0.07032967032967033
0 0.318359375 0.8256410256410256 0.046875 0.06593406593406594
0 0.351318359375 0.663003663003663 0.03955078125 0.07326007326007326
0 0.459228515625 0.6373626373626373 0.04248046875 0.06886446886446887
0 0.33056640625 0.4641025641025641 0.0380859375 0.06666666666666667
0 0.3115234375 0.5703296703296703 0.03515625 0.05641025641025641
0 0.20458984375 0.5293040293040293 0.0400390625 0.06666666666666667
0 0.140380859375 0.47692307692307695 0.03662109375 0.06886446886446887
0 0.0419921875 0.4666666666666667 0.0400390625 0.0761904761904762
0 0.114501953125 0.6098901098901099 0.03466796875 0.05934065934065934
0 0.07275390625 0.7750915750915751 0.046875 0.06593406593406594
0 0.489990234375 0.2915750915750916 0.03466796875 0.06153846153846154
0 0.590576171875 0.3274725274725275 0.03076171875 0.05128205128205128
0 0.60009765625 0.10989010989010989 0.0283203125 0.05860805860805861
0 0.61474609375 0.03076923076923077 0.0263671875 0.05567765567765568
0 0.71240234375 0.07142857142857142 0.029296875 0.046153846153846156
0 0.7724609375 0.05311355311355311 0.029296875 0.054945054945054944
0 0.807373046875 0.12454212454212454 0.03369140625 0.04981684981684982
0 0.398681640625 0.3249084249084249 0.02978515625 0.046153846153846156
0 0.41748046875 0.2454212454212454 0.029296875 0.04835164835164835
0 0.375 0.17326007326007326 0.02734375 0.05934065934065934
0 0.52099609375 0.044322344322344324 0.037109375 0.05347985347985348
0 0.444091796875 0.11391941391941392 0.03076171875 0.04908424908424908
0 0.4658203125 0.1761904761904762 0.033203125 0.05787545787545788
0 0.24365234375 0.10586080586080586 0.0302734375 0.04908424908424908
0 0.438232421875 0.04468864468864469 0.02685546875 0.046886446886446886
0 0.189453125 0.04395604395604396 0.029296875 0.05128205128205128
0 0.125244140625 0.09816849816849817 0.02783203125 0.05860805860805861
0 0.164794921875 0.15421245421245422 0.02978515625 0.05641025641025641
0 0.18994140625 0.2956043956043956 0.0322265625 0.05787545787545788
0 0.091064453125 0.27912087912087913 0.03564453125 0.060073260073260075
0 0.00732421875 0.14725274725274726 0.03125 0.04835164835164835
0 0.02099609375 0.09230769230769231 0.0283203125 0.04835164835164835
0 0.060791015625 0.024175824175824177 0.02880859375 0.05128205128205128
0 0.1376953125 0.03296703296703297 0.0244140625 0.05567765567765568
0 0.019287109375 0.023443223443223443 0.02978515625 0.05274725274725275
0 -0.00341796875 0.31978021978021975 0.0234375 0.04468864468864469
0 0.32421875 0.026373626373626374 0.025390625 0.03956043956043956
0 0.556396484375 0.7498168498168498 0.04150390625 0.06227106227106227
0 0.243408203125 0.6908424908424908 0.04345703125 0.063003663003663
0 0.0400390625 0.25384615384615383 0.0322265625 0.05347985347985348
0 0.04541015625 0.9380952380952381 0.048828125 0.07838827838827839
