0 0.72216796875 0.4448476052249637 0.0478515625 0.07111756168359942
0 -0.015625 0.41872278664731494 0.017578125 0.030478955007256895
0 0.22998046875 0.4158200290275762 0.0087890625 0.015965166908563134
0 0.22265625 0.41654571843251087 0.009765625 0.01741654571843251
0 0.24853515625 0.41509433962264153 0.0068359375 0.011611030478955007
0 0.330078125 0.41944847605224966 0.01171875 0.023222060957910014
0 0.31884765625 0.420899854862119 0.0087890625 0.01451378809869376
0 0.26806640625 0.42017416545718433 0.0146484375 0.02177068214804064
0 0.27490234375 0.4346879535558781 0.0166015625 0.027576197387518143
0 0.29931640625 0.4230769230769231 0.0224609375 0.03918722786647315
0 0.18017578125 0.3548621190130624 0.0849609375 0.12917271407837447
