0 0.469721767594108 0.4518779342723005 0.07528641571194762 0.12441314553990611
0 0.602291325695581 0.5164319248826291 0.07201309328968904 0.14084507042253522
0 0.011456628477905073 0.4471830985915493 0.062193126022913256 0.1056338028169014
0 0.14238952536824878 0.24178403755868544 0.03600654664484452 0.051643192488262914
0 0.0867430441898527 0.27816901408450706 0.029459901800327332 0.04460093896713615
0 0.044189852700491 0.27582159624413144 0.03600654664484452 0.0539906103286385
0 0.030278232405891982 0.16314553990610328 0.031096563011456628 0.0539906103286385
0 0.031096563011456628 0.0715962441314554 0.02618657937806874 0.03990610328638498
0 0.06710310965630115 0.046948356807511735 0.029459901800327332 0.04225352112676056
0 0.1579378068739771 0.15023474178403756 0.02127659574468085 0.03755868544600939
