0 0.08307692307692308 0.5235355648535565 0.023076923076923078 0.036610878661087864
0 0.10038461538461538 0.5036610878661087 0.02846153846153846 0.04497907949790795
0 0.16846153846153847 0.5434100418410042 0.026153846153846153 0.049163179916317995
0 0.32076923076923075 0.569560669456067 0.026153846153846153 0.04497907949790795
0 0.3180769230769231 0.5026150627615062 0.014615384615384615 0.02405857740585774
0 0.3546153846153846 0.5334728033472803 0.016923076923076923 0.027196652719665274
0 0.4103846153846154 0.5334728033472803 0.019230769230769232 0.029288702928870293
0 0.4907692307692308 0.520397489539749 0.03076923076923077 0.051255230125523014
0 0.4376923076923077 0.5109832635983264 0.012307692307692308 0.01778242677824268
0 0.4573076923076923 0.5141213389121339 0.008461538461538461 0.015690376569037656
0 0.4796153846153846 0.5036610878661087 0.01 0.015690376569037656
0 0.515 0.518305439330544 0.013076923076923076 0.015690376569037656
0 0.54 0.5094142259414226 0.007692307692307693 0.012552301255230125
0 0.5538461538461539 0.5083682008368201 0.012307692307692308 0.016736401673640166
0 0.5646153846153846 0.5627615062761506 0.009230769230769232 0.014644351464435146
0 0.5707692307692308 0.5167364016736402 0.007692307692307693 0.010460251046025104
0 0.5811538461538461 0.5151673640167364 0.006923076923076923 0.009414225941422594
0 0.6092307692307692 0.5083682008368201 0.010769230769230769 0.016736401673640166
0 0.6011538461538461 0.5167364016736402 0.016153846153846154 0.027196652719665274
0 0.6392307692307693 0.5010460251046025 0.016923076923076923 0.02510460251046025
0 0.6584615384615384 0.5047071129707112 0.009230769230769232 0.011506276150627616
0 0.6676923076923077 0.5078451882845189 0.009230769230769232 0.013598326359832637
0 0.69 0.5083682008368201 0.010769230769230769 0.016736401673640166
0 0.7180769230769231 0.5104602510460251 0.006923076923076923 0.010460251046025104
0 0.7226923076923077 0.516213389121339 0.006923076923076923 0.009414225941422594
0 0.8273076923076923 0.49947698744769875 0.005384615384615384 0.007322175732217573
0 0.8473076923076923 0.5005230125523012 0.006923076923076923 0.009414225941422594
0 0.85 0.5135983263598326 0.007692307692307693 0.012552301255230125
0 0.8657692307692307 0.49686192468619245 0.008461538461538461 0.014644351464435146
0 0.89 0.4858786610878661 0.009230769230769232 0.013598326359832637
0 0.916923076923077 0.5 0.012307692307692308 0.02092050209205021
0 0.9246153846153846 0.48535564853556484 0.012307692307692308 0.016736401673640166
0 0.9803846153846154 0.44612970711297073 0.03307692307692308 0.051255230125523014
0 0.8680769230769231 0.5690376569037657 0.025384615384615384 0.043933054393305436
