0 0.07365364308342133 0.7690023752969121 0.02164730728616684 0.017022961203483768
0 0.07022175290390707 0.7707838479809976 0.014783526927138331 0.011084718923198733
0 0.14836325237592396 0.7889944576405384 0.013727560718057022 0.015043547110055424
0 0.27613516367476243 0.7743467933491687 0.02006335797254488 0.01583531274742676
0 0.3492608236536431 0.7717735550277118 0.019535374868004225 0.015439429928741092
0 0.4123548046462513 0.778701504354711 0.01689545934530095 0.014251781472684086
0 0.49736008447729674 0.7785035629453682 0.004223864836325237 0.0027711797307996833
0 0.5084477296726505 0.7832541567695962 0.011615628299894404 0.019398258115597783
0 0.5269271383315733 0.7757323832145685 0.0031678986272439284 0.0027711797307996833
0 0.4458817317845829 0.7838479809976246 0.0501583949313622 0.04196357878068092
