0 0.10888671875 0.22105263157894736 0.0634765625 0.12368421052631579
0 0.19091796875 0.20657894736842106 0.0595703125 0.1
0 0.2734375 0.2901315789473684 0.064453125 0.1118421052631579
0 0.26416015625 0.15855263157894736 0.0595703125 0.1118421052631579
0 0.349609375 0.1980263157894737 0.05078125 0.09078947368421053
0 0.34423828125 0.3243421052631579 0.0595703125 0.0881578947368421
0 0.41943359375 0.2565789473684211 0.0517578125 0.1
0 0.498046875 0.2131578947368421 0.05859375 0.10263157894736842
0 0.57763671875 0.1986842105263158 0.0537109375 0.1
0 0.67431640625 0.17763157894736842 0.0673828125 0.11052631578947368
0 0.77294921875 0.16644736842105262 0.0634765625 0.10394736842105264
0 0.89111328125 0.16842105263157894 0.0712890625 0.11315789473684211
