0 0.99658203125 0.487962962962963 0.0126953125 0.03148148148148148
0 0.9658203125 0.4675925925925926 0.015625 0.027777777777777776
0 0.92822265625 0.46944444444444444 0.0126953125 0.03148148148148148
0 0.951171875 0.4740740740740741 0.01171875 0.025925925925925925
0 0.82666015625 0.4583333333333333 0.0126953125 0.024074074074074074
0 0.814453125 0.46296296296296297 0.009765625 0.022222222222222223
0 0.78955078125 0.46574074074074073 0.0107421875 0.027777777777777776
0 0.89208984375 0.4212962962962963 0.0478515625 0.07592592592592592
0 0.7578125 0.4148148148148148 0.025390625 0.05925925925925926
0 0.6953125 0.4685185185185185 0.009765625 0.025925925925925925
0 0.67431640625 0.46111111111111114 0.0087890625 0.022222222222222223
0 0.68310546875 0.4601851851851852 0.0146484375 0.03518518518518519
0 0.65380859375 0.47685185185185186 0.0087890625 0.020370370370370372
0 0.6328125 0.4685185185185185 0.01171875 0.025925925925925925
0 0.583984375 0.4564814814814815 0.01171875 0.027777777777777776
0 0.5703125 0.4740740740740741 0.01171875 0.03333333333333333
0 0.53662109375 0.46574074074074073 0.0087890625 0.020370370370370372
0 0.54833984375 0.4601851851851852 0.0126953125 0.027777777777777776
0 0.51953125 0.5416666666666666 0.013671875 0.03888888888888889
0 0.51220703125 0.4638888888888889 0.0126953125 0.027777777777777776
0 0.47509765625 0.45555555555555555 0.0107421875 0.025925925925925925
0 0.4521484375 0.4666666666666667 0.013671875 0.03333333333333333
0 0.4287109375 0.44907407407407407 0.01171875 0.024074074074074074
0 0.43017578125 0.4685185185185185 0.0146484375 0.02962962962962963
0 0.40087890625 0.4583333333333333 0.0107421875 0.024074074074074074
0 0.388671875 0.44907407407407407 0.01171875 0.024074074074074074
0 0.37548828125 0.44351851851851853 0.0146484375 0.03148148148148148
0 0.35546875 0.4759259259259259 0.0078125 0.018518518518518517
0 0.3466796875 0.47685185185185186 0.0078125 0.016666666666666666
0 0.35498046875 0.45740740740740743 0.0087890625 0.018518518518518517
0 0.3291015625 0.5342592592592592 0.021484375 0.10555555555555556
0 0.33349609375 0.46574074074074073 0.0087890625 0.020370370370370372
0 0.3095703125 0.47685185185185186 0.009765625 0.020370370370370372
0 0.28955078125 0.4675925925925926 0.0087890625 0.020370370370370372
0 0.30517578125 0.4638888888888889 0.0087890625 0.020370370370370372
0 0.27783203125 0.4583333333333333 0.0087890625 0.016666666666666666
0 0.26318359375 0.46296296296296297 0.0087890625 0.018518518518518517
0 0.24755859375 0.37962962962962965 0.0263671875 0.05555555555555555
0 0.2080078125 0.48148148148148145 0.009765625 0.014814814814814815
0 0.18017578125 0.43796296296296294 0.0146484375 0.024074074074074074
0 0.13818359375 0.412962962962963 0.0419921875 0.06666666666666667
0 0.1083984375 0.4537037037037037 0.013671875 0.025925925925925925
0 0.09033203125 0.44166666666666665 0.0126953125 0.024074074074074074
0 0.08984375 0.46111111111111114 0.01953125 0.037037037037037035
0 0.0751953125 0.4351851851851852 0.015625 0.025925925925925925
0 0.05712890625 0.44537037037037036 0.0166015625 0.03148148148148148
0 0.02392578125 0.43703703703703706 0.0126953125 0.02962962962962963
0 0.00439453125 0.4425925925925926 0.0146484375 0.040740740740740744
0 0.1572265625 0.5148148148148148 0.033203125 0.17407407407407408
0 0.81982421875 0.23796296296296296 0.0224609375 0.09444444444444444
0 0.83837890625 0.2074074074074074 0.0087890625 0.014814814814814815
0 0.48974609375 0.47129629629629627 0.0068359375 0.016666666666666666
