0 0.11666666666666667 0.5971241170534813 0.058333333333333334 0.08526740665993945
0 0.2574652777777778 0.5544904137235116 0.03784722222222222 0.060544904137235116
0 0.3536458333333333 0.5923309788092835 0.028125 0.05348133198789102
0 0.38333333333333336 0.5993945509586277 0.029861111111111113 0.05348133198789102
0 0.41631944444444446 0.5986377396569122 0.03263888888888889 0.05701311806256307
0 0.40642361111111114 0.15918264379414732 0.01840277777777778 0.03985872855701312
0 0.4317708333333333 0.13269424823410697 0.019791666666666666 0.039354187689202826
0 0.4732638888888889 0.11427850655903128 0.021527777777777778 0.042885973763874874
0 0.5274305555555555 0.10872855701311807 0.02361111111111111 0.03985872855701312
0 0.5628472222222223 0.09939455095862765 0.022222222222222223 0.04339051463168517
0 0.6298611111111111 0.12663975782038345 0.025694444444444443 0.04944500504540868
0 0.7010416666666667 0.2063572149344097 0.024305555555555556 0.04944500504540868
