0 0.218505859375 0.4744367417677643 0.09326171875 0.22616984402079723
0 0.39453125 0.28119584055459274 0.0703125 0.16204506065857885
0 0.462890625 0.3578856152512998 0.0634765625 0.13344887348353554
0 0.14892578125 0.39428076256499134 0.072265625 0.1265164644714038
0 0.06787109375 0.33362218370883884 0.0478515625 0.09358752166377816
0 0.103515625 0.3210571923743501 0.0380859375 0.08925476603119584
0 0.16455078125 0.2621317157712305 0.04296875 0.07538994800693241
0 0.146240234375 0.3076256499133449 0.02783203125 0.060658578856152515
0 0.34228515625 0.33708838821490467 0.0498046875 0.09185441941074524
0 0.3466796875 0.2582322357019064 0.0390625 0.07105719237435008
0 0.307861328125 0.32885615251299827 0.03857421875 0.08578856152512998
