0 0.12529411764705883 0.4444444444444444 0.010588235294117647 0.014109347442680775
0 0.058823529411764705 0.5881834215167548 0.01411764705882353 0.026455026455026454
0 0.06823529411764706 0.5925925925925926 0.01411764705882353 0.021164021164021163
0 0.14823529411764705 0.6102292768959435 0.01411764705882353 0.024691358024691357
0 0.14588235294117646 0.58994708994709 0.01411764705882353 0.02292768959435626
0 0.18411764705882352 0.599647266313933 0.015294117647058824 0.02821869488536155
0 0.20529411764705882 0.599647266313933 0.012941176470588235 0.02821869488536155
0 0.20647058823529413 0.6014109347442681 0.015294117647058824 0.02821869488536155
0 0.22058823529411764 0.6040564373897708 0.01764705882352941 0.026455026455026454
0 0.24823529411764705 0.6111111111111112 0.01411764705882353 0.026455026455026454
0 0.26529411764705885 0.582010582010582 0.012941176470588235 0.02821869488536155
0 0.28294117647058825 0.6005291005291006 0.015294117647058824 0.026455026455026454
0 0.2876470588235294 0.5934744268077602 0.015294117647058824 0.029982363315696647
0 0.3052941176470588 0.5908289241622575 0.015294117647058824 0.02821869488536155
0 0.31588235294117645 0.6058201058201058 0.01764705882352941 0.029982363315696647
0 0.32529411764705884 0.5934744268077602 0.015294117647058824 0.026455026455026454
0 0.3423529411764706 0.6049382716049383 0.01647058823529412 0.024691358024691357
0 0.37529411764705883 0.5908289241622575 0.01411764705882353 0.024691358024691357
0 0.3876470588235294 0.5846560846560847 0.015294117647058824 0.026455026455026454
0 0.4211764705882353 0.5573192239858906 0.018823529411764704 0.02821869488536155
0 0.43411764705882355 0.5414462081128748 0.01647058823529412 0.02821869488536155
0 0.48764705882352943 0.47883597883597884 0.015294117647058824 0.026455026455026454
0 0.5176470588235295 0.47795414462081126 0.01647058823529412 0.031746031746031744
0 0.5435294117647059 0.47354497354497355 0.01647058823529412 0.029982363315696647
0 0.5964705882352941 0.41005291005291006 0.01411764705882353 0.026455026455026454
