0 0.9314800313234143 0.2719298245614035 0.09005481597494126 0.14619883040935672
0 0.889193422083007 0.18362573099415205 0.07126076742364917 0.14269005847953217
0 0.7725137039937353 0.2222222222222222 0.07909162098668755 0.14269005847953217
0 0.7122161315583398 0.22690058479532163 0.058731401722787784 0.12631578947368421
0 0.6123727486296007 0.5198830409356725 0.07517619420516837 0.15087719298245614
0 0.5927956147220047 0.23976608187134502 0.06421299921691465 0.12631578947368421
0 0.42521534847298353 0.5573099415204679 0.07204385277995301 0.13450292397660818
0 0.30892717306186374 0.543859649122807 0.07909162098668755 0.1567251461988304
0 0.4878621769772905 0.25263157894736843 0.06891151135473766 0.13333333333333333
0 0.5493343774471418 0.17251461988304093 0.06342991386061081 0.12748538011695906
0 0.4291307752545027 0.11695906432748537 0.07204385277995301 0.1286549707602339
0 0.3312451057165231 0.20350877192982456 0.06421299921691465 0.1216374269005848
0 0.25215348472983556 0.16374269005847952 0.07204385277995301 0.13099415204678364
0 0.07870007830853563 0.1280701754385965 0.07439310884886452 0.1368421052631579
