0 0.0738 0.488002399520096 0.0308 0.05458908218356329
0 0.131 0.34403119376124774 0.034 0.05698860227954409
0 0.1992 0.48050389922015596 0.028 0.05038992201559688
0 0.2244 0.20785842831433712 0.0288 0.0629874025194961
0 0.3992 0.21565686862627476 0.0728 0.11817636472705459
0 0.4956 0.3749250149970006 0.028 0.055188962207558485
0 0.477 0.1799640071985603 0.03 0.05038992201559688
0 0.5354 0.16646670665866828 0.0276 0.05458908218356329
0 0.5518 0.3005398920215957 0.0196 0.026394721055788842
0 0.5982 0.2633473305338932 0.0412 0.06718656268746251
0 0.777 0.5 0.446 1.0
