0 0.08 0.20833333333333334 0.04285714285714286 0.07380952380952381
0 0.24857142857142858 0.16785714285714284 0.04 0.0880952380952381
0 0.37142857142857144 0.12142857142857143 0.04285714285714286 0.09047619047619047
0 0.41285714285714287 0.0869047619047619 0.04 0.08333333333333333
0 0.46285714285714286 0.14047619047619048 0.04 0.08571428571428572
0 0.495 0.11666666666666667 0.03857142857142857 0.08571428571428572
0 0.5142857142857142 0.16547619047619047 0.037142857142857144 0.0880952380952381
0 0.58 0.15119047619047618 0.037142857142857144 0.07380952380952381
0 0.6164285714285714 0.20833333333333334 0.04428571428571428 0.0880952380952381
0 0.6514285714285715 0.23809523809523808 0.03428571428571429 0.0761904761904762
0 0.7257142857142858 0.33214285714285713 0.03428571428571429 0.07380952380952381
0 0.8692857142857143 0.2 0.04428571428571428 0.08571428571428572
0 0.9242857142857143 0.23809523809523808 0.037142857142857144 0.08571428571428572
0 1.005 0.2726190476190476 0.024285714285714285 0.04523809523809524
0 0.27214285714285713 0.4595238095238095 0.03857142857142857 0.0761904761904762
0 0.37714285714285717 0.4166666666666667 0.04857142857142857 0.08095238095238096
0 0.46214285714285713 0.4845238095238095 0.03857142857142857 0.0880952380952381
0 0.5592857142857143 0.4773809523809524 0.04428571428571428 0.09285714285714286
