0 0.2828125 0.12858719646799116 0.04375 0.09381898454746136
0 0.36666666666666664 0.1683222958057395 0.036458333333333336 0.09381898454746136
0 0.4588541666666667 0.15286975717439294 0.040625 0.11147902869757174
0 0.49192708333333335 0.11092715231788079 0.028645833333333332 0.0695364238410596
0 0.56328125 0.1605960264900662 0.0359375 0.08940397350993377
0 0.6442708333333333 0.10044150110375276 0.03958333333333333 0.09492273730684327
0 0.7692708333333333 0.2108167770419426 0.052083333333333336 0.11920529801324503
0 0.6458333333333334 0.20695364238410596 0.05520833333333333 0.15562913907284767
0 0.51953125 0.23841059602649006 0.04635416666666667 0.11479028697571744
0 0.40286458333333336 0.23896247240618101 0.0453125 0.12251655629139073
0 0.2994791666666667 0.22792494481236203 0.051041666666666666 0.12030905077262694
0 0.20546875 0.23841059602649006 0.0484375 0.12362030905077263
0 0.40182291666666664 0.07008830022075055 0.008854166666666666 0.018763796909492272
