0 0.1525 0.3271349862258953 0.083 0.11983471074380166
0 0.303 0.3023415977961432 0.05 0.07851239669421488
0 0.4645 0.3154269972451791 0.043 0.06887052341597796
0 0.624 0.27548209366391185 0.034 0.05509641873278237
0 0.758 0.30165289256198347 0.046 0.0743801652892562
0 0.8765 0.1859504132231405 0.105 0.14325068870523416
0 0.992 0.2568870523415978 0.028 0.04269972451790634
0 0.3445 0.2975206611570248 0.033 0.06611570247933884
0 0.3765 0.284435261707989 0.033 0.05922865013774105
0 0.506 0.28856749311294766 0.028 0.045454545454545456
0 0.557 0.30991735537190085 0.028 0.049586776859504134
0 0.66 0.296831955922865 0.022 0.03994490358126722
0 0.6905 0.29614325068870523 0.023 0.03305785123966942
0 0.7985 0.2665289256198347 0.027 0.045454545454545456
0 0.603 0.2734159779614325 0.018 0.03168044077134986
0 0.2355 0.32575757575757575 0.023 0.03443526170798898
0 0.106 0.2988980716253444 0.036 0.05234159779614325
0 0.04 0.34366391184573003 0.022 0.03443526170798898
0 -0.0275 0.3415977961432507 0.049 0.06611570247933884
0 0.4305 0.4462809917355372 0.021 0.03305785123966942
