0 0.12158203125 0.4583333333333333 0.0341796875 0.0546875
0 0.203125 0.4583333333333333 0.03125 0.0546875
0 0.2744140625 0.4654947916666667 0.03125 0.05078125
0 0.34423828125 0.44921875 0.0322265625 0.046875
0 0.4033203125 0.4694010416666667 0.03125 0.05078125
0 0.46044921875 0.4251302083333333 0.0322265625 0.055989583333333336
0 0.537109375 0.4596354166666667 0.029296875 0.052083333333333336
0 0.6015625 0.462890625 0.03125 0.05078125
0 0.66064453125 0.4641927083333333 0.0302734375 0.048177083333333336
0 0.71630859375 0.455078125 0.0322265625 0.048177083333333336
0 0.783203125 0.4563802083333333 0.033203125 0.055989583333333336
0 0.9453125 0.4459635416666667 0.01171875 0.01953125
0 0.92431640625 0.443359375 0.0107421875 0.01953125
0 0.89892578125 0.443359375 0.0126953125 0.01953125
0 0.87841796875 0.443359375 0.0126953125 0.01953125
0 0.86279296875 0.4459635416666667 0.0126953125 0.01953125
0 0.8486328125 0.443359375 0.01171875 0.01953125
0 0.6435546875 0.4114583333333333 0.013671875 0.020833333333333332
0 0.50390625 0.404296875 0.01171875 0.016927083333333332
0 0.4794921875 0.404296875 0.013671875 0.01953125
0 0.48583984375 0.3834635416666667 0.0107421875 0.016927083333333332
0 0.47021484375 0.3821614583333333 0.0107421875 0.016927083333333332
0 0.45654296875 0.3756510416666667 0.0126953125 0.01953125
0 0.43408203125 0.3971354166666667 0.0107421875 0.015625
0 0.3974609375 0.3997395833333333 0.013671875 0.018229166666666668
0 0.37353515625 0.3997395833333333 0.0087890625 0.015625
0 0.3818359375 0.3977864583333333 0.005859375 0.009114583333333334
0 0.35498046875 0.3854166666666667 0.0126953125 0.018229166666666668
0 0.3388671875 0.400390625 0.01171875 0.01953125
0 0.35888671875 0.3782552083333333 0.0107421875 0.016927083333333332
0 0.32861328125 0.3899739583333333 0.0107421875 0.014322916666666666
0 0.32958984375 0.42578125 0.0263671875 0.09895833333333333
0 0.3046875 0.3860677083333333 0.013671875 0.01953125
0 0.31591796875 0.376953125 0.0126953125 0.01953125
0 0.3974609375 0.3984375 0.01171875 0.018229166666666668
