0 0.012692307692307692 0.5027624309392266 0.005384615384615384 0.011049723756906077
0 0.024615384615384615 0.5034530386740331 0.007692307692307693 0.015193370165745856
0 0.03653846153846154 0.5048342541436464 0.005384615384615384 0.012430939226519336
0 0.11461538461538462 0.5407458563535912 0.05076923076923077 0.11187845303867404
0 0.13615384615384615 0.4530386740331492 0.04923076923076923 0.0856353591160221
0 0.18884615384615386 0.518646408839779 0.03 0.0649171270718232
0 0.22384615384615383 0.4910220994475138 0.03230769230769231 0.07044198895027624
0 0.2680769230769231 0.5207182320441989 0.02846153846153846 0.0718232044198895
0 0.28615384615384615 0.4972375690607735 0.013846153846153847 0.03591160220994475
0 0.33884615384615385 0.5255524861878453 0.02076923076923077 0.04558011049723757
0 0.35346153846153844 0.5200276243093923 0.025384615384615384 0.05386740331491713
0 0.3773076923076923 0.5262430939226519 0.016153846153846154 0.03867403314917127
0 0.4123076923076923 0.5269337016574586 0.015384615384615385 0.034530386740331494
0 0.4376923076923077 0.5345303867403315 0.012307692307692308 0.027624309392265192
0 0.47846153846153844 0.4937845303867403 0.03230769230769231 0.05386740331491713
0 0.37615384615384617 0.7133977900552486 0.026153846153846153 0.05662983425414365
0 0.23961538461538462 0.7838397790055248 0.054615384615384614 0.10082872928176796
0 0.9465384615384616 0.7727900552486188 0.045384615384615384 0.09530386740331492
0 0.9903846153846154 0.6747237569060773 0.03769230769230769 0.07320441988950276
0 0.9542307692307692 0.5676795580110497 0.02076923076923077 0.049723756906077346
0 0.8892307692307693 0.5269337016574586 0.02923076923076923 0.05662983425414365
0 0.8557692307692307 0.5587016574585635 0.03307692307692308 0.06767955801104972
0 0.82 0.7292817679558011 0.036923076923076927 0.0718232044198895
0 0.7996153846153846 0.5407458563535912 0.026923076923076925 0.05110497237569061
0 0.8026923076923077 0.6229281767955801 0.02846153846153846 0.06077348066298342
0 0.7488461538461538 0.7803867403314917 0.03461538461538462 0.055248618784530384
0 0.7726923076923077 0.6657458563535912 0.023846153846153847 0.049723756906077346
0 0.7357692307692307 0.550414364640884 0.022307692307692306 0.04834254143646409
0 0.7542307692307693 0.5352209944751382 0.01769230769230769 0.03729281767955801
0 0.678076923076923 0.7734806629834254 0.02076923076923077 0.04696132596685083
0 0.691923076923077 0.5517955801104972 0.01769230769230769 0.04558011049723757
0 0.7111538461538461 0.5366022099447514 0.016153846153846154 0.034530386740331494
0 0.6630769230769231 0.5428176795580111 0.015384615384615385 0.03314917127071823
0 0.9784615384615385 0.5794198895027625 0.026153846153846153 0.05939226519337017
