0 0.9317073170731708 0.78 0.01951219512195122 0.03636363636363636
0 0.9152439024390244 0.7981818181818182 0.025609756097560974 0.04
0 0.9140243902439025 0.9227272727272727 0.03048780487804878 0.045454545454545456
0 0.7634146341463415 0.9545454545454546 0.036585365853658534 0.06545454545454546
0 0.7164634146341463 0.9118181818181819 0.032926829268292684 0.05272727272727273
0 0.6719512195121952 0.8927272727272727 0.03414634146341464 0.05454545454545454
0 0.6310975609756098 0.9090909090909091 0.02804878048780488 0.04363636363636364
0 0.7475609756097561 0.8063636363636364 0.026829268292682926 0.04909090909090909
0 0.6371951219512195 0.8581818181818182 0.03048780487804878 0.04727272727272727
0 0.574390243902439 0.8772727272727273 0.024390243902439025 0.038181818181818185
0 0.43109756097560975 0.8445454545454546 0.02804878048780488 0.045454545454545456
0 0.3548780487804878 0.8072727272727273 0.02195121951219512 0.03636363636363636
0 0.276219512195122 0.7672727272727272 0.020731707317073172 0.03272727272727273
0 0.14268292682926828 0.8290909090909091 0.026829268292682926 0.04363636363636364
0 0.08597560975609755 0.7518181818181818 0.020731707317073172 0.02727272727272727
0 0.6548780487804878 0.6481818181818182 0.012195121951219513 0.02
0 0.6420731707317073 0.6072727272727273 0.006097560975609756 0.01090909090909091
0 0.6786585365853659 0.600909090909091 0.00853658536585366 0.016363636363636365
0 0.801829268292683 0.6245454545454545 0.013414634146341463 0.023636363636363636
0 0.8682926829268293 0.6218181818181818 0.012195121951219513 0.01818181818181818
0 0.9347560975609757 0.6172727272727273 0.01097560975609756 0.023636363636363636
0 0.9920731707317073 0.6072727272727273 0.01097560975609756 0.01818181818181818
0 0.3908536585365854 0.6036363636363636 0.00853658536585366 0.014545454545454545
0 0.5030487804878049 0.6154545454545455 0.00853658536585366 0.012727272727272728
0 0.6902439024390243 0.8590909090909091 0.024390243902439025 0.04181818181818182
0 0.676829268292683 0.8054545454545454 0.02926829268292683 0.05090909090909091
0 0.5036585365853659 0.7990909090909091 0.01951219512195122 0.03090909090909091
0 0.4768292682926829 0.8054545454545454 0.026829268292682926 0.04
0 0.4097560975609756 0.8072727272727273 0.02926829268292683 0.04727272727272727
0 0.21097560975609755 0.8554545454545455 0.026829268292682926 0.04181818181818182
0 0.23109756097560977 0.8072727272727273 0.02804878048780488 0.04
0 0.15792682926829268 0.83 0.025609756097560974 0.04181818181818182
0 0.16158536585365854 0.79 0.025609756097560974 0.034545454545454546
0 0.04085365853658537 0.8827272727272727 0.023170731707317073 0.04181818181818182
0 0.027439024390243903 0.8863636363636364 0.03780487804878049 0.05272727272727273
0 0.03414634146341464 0.7190909090909091 0.02195121951219512 0.02727272727272727
0 0.003658536585365854 0.7609090909090909 0.01707317073170732 0.034545454545454546
0 0.13414634146341464 0.7863636363636364 0.02195121951219512 0.02727272727272727
0 0.23841463414634145 0.7745454545454545 0.018292682926829267 0.025454545454545455
0 0.21158536585365853 0.7481818181818182 0.023170731707317073 0.034545454545454546
0 0.18536585365853658 0.7381818181818182 0.02195121951219512 0.02909090909090909
0 0.14329268292682926 0.73 0.020731707317073172 0.02727272727272727
0 0.5945121951219512 0.6081818181818182 0.006097560975609756 0.012727272727272728
0 0.6030487804878049 0.6018181818181818 0.006097560975609756 0.01090909090909091
0 0.349390243902439 0.6609090909090909 0.01097560975609756 0.016363636363636365
0 0.35121951219512193 0.6018181818181818 0.007317073170731708 0.01090909090909091
0 0.3445121951219512 0.600909090909091 0.006097560975609756 0.012727272727272728
0 0.5164634146341464 0.7990909090909091 0.020731707317073172 0.034545454545454546
0 0.0871951219512195 0.5981818181818181 0.006097560975609756 0.01090909090909091
0 0.03353658536585366 0.5972727272727273 0.006097560975609756 0.00909090909090909
0 0.02378048780487805 0.5990909090909091 0.006097560975609756 0.00909090909090909
0 0.075 0.7436363636363637 0.015853658536585366 0.025454545454545455
0 0.30060975609756097 0.78 0.018292682926829267 0.025454545454545455
0 0.325609756097561 0.7545454545454545 0.01951219512195122 0.02909090909090909
0 0.3621951219512195 0.7727272727272727 0.02195121951219512 0.03272727272727273
0 0.4115853658536585 0.7754545454545455 0.023170731707317073 0.038181818181818185
0 0.5920731707317073 0.7981818181818182 0.020731707317073172 0.03272727272727273
0 0.5493902439024391 0.8363636363636363 0.020731707317073172 0.03272727272727273
0 0.5804878048780487 0.7572727272727273 0.01707317073170732 0.02727272727272727
0 0.44878048780487806 0.7445454545454545 0.01707317073170732 0.02727272727272727
