0 0.9928571428571429 0.9547368421052631 0.1 0.3473684210526316
0 0.8246031746031746 0.9652631578947368 0.05555555555555555 0.27157894736842103
0 0.9452380952380952 0.94 0.03333333333333333 0.04842105263157895
0 0.7476190476190476 0.9084210526315789 0.06984126984126984 0.2168421052631579
0 0.6619047619047619 0.8442105263157895 0.025396825396825397 0.03368421052631579
0 0.5587301587301587 0.7789473684210526 0.015873015873015872 0.02526315789473684
0 0.4936507936507937 0.7589473684210526 0.012698412698412698 0.023157894736842106
0 0.44841269841269843 0.8105263157894737 0.020634920634920634 0.029473684210526315
0 0.39365079365079364 0.8168421052631579 0.022222222222222223 0.029473684210526315
0 0.373015873015873 0.7452631578947368 0.012698412698412698 0.021052631578947368
0 0.32301587301587303 0.7663157894736842 0.01746031746031746 0.02526315789473684
0 0.20555555555555555 0.7810526315789473 0.06190476190476191 0.10105263157894737
0 0.08571428571428572 0.6789473684210526 0.044444444444444446 0.07368421052631578
0 0.3007936507936508 0.7789473684210526 0.01746031746031746 0.02526315789473684
0 0.28174603174603174 0.76 0.01746031746031746 0.021052631578947368
0 0.23253968253968255 0.7421052631578947 0.01746031746031746 0.02736842105263158
0 0.16587301587301587 0.7505263157894737 0.026984126984126985 0.04421052631578947
0 0.1365079365079365 0.7368421052631579 0.02857142857142857 0.04631578947368421
0 0.012698412698412698 0.6789473684210526 0.02857142857142857 0.04421052631578947
0 0.2634920634920635 0.7957894736842105 0.031746031746031744 0.04631578947368421
