0 0.8868131868131868 0.9520833333333333 0.017582417582417582 0.04583333333333333
0 0.8412087912087912 0.9489583333333333 0.020879120879120878 0.03958333333333333
0 0.8846153846153846 0.878125 0.015384615384615385 0.035416666666666666
0 0.8368131868131868 0.8614583333333333 0.01868131868131868 0.03958333333333333
0 0.9214285714285714 0.7375 0.014285714285714285 0.03333333333333333
0 0.9126373626373626 0.7083333333333334 0.012087912087912088 0.025
0 0.9335164835164835 0.609375 0.012087912087912088 0.022916666666666665
0 0.9115384615384615 0.4635416666666667 0.007692307692307693 0.014583333333333334
0 0.628021978021978 0.91875 0.01868131868131868 0.0375
0 0.6725274725274726 0.7614583333333333 0.013186813186813187 0.03125
0 0.6087912087912087 0.85 0.015384615384615385 0.03333333333333333
0 0.55 0.8572916666666667 0.016483516483516484 0.035416666666666666
0 0.6170329670329671 0.840625 0.014285714285714285 0.03125
0 0.6291208791208791 0.725 0.012087912087912088 0.029166666666666667
0 0.5840659340659341 0.71875 0.012087912087912088 0.029166666666666667
0 0.5840659340659341 0.6885416666666667 0.00989010989010989 0.01875
0 0.5725274725274725 0.821875 0.01098901098901099 0.022916666666666665
0 0.515934065934066 0.928125 0.016483516483516484 0.035416666666666666
0 0.47637362637362635 0.8989583333333333 0.01868131868131868 0.035416666666666666
0 0.4412087912087912 0.9010416666666666 0.016483516483516484 0.04375
0 0.5021978021978022 0.828125 0.01098901098901099 0.022916666666666665
0 0.48846153846153845 0.8166666666666667 0.014285714285714285 0.03333333333333333
0 0.45274725274725275 0.8 0.015384615384615385 0.0375
0 0.42032967032967034 0.8635416666666667 0.014285714285714285 0.027083333333333334
0 0.37747252747252746 0.878125 0.016483516483516484 0.03125
0 0.33791208791208793 0.9197916666666667 0.01868131868131868 0.03958333333333333
0 0.2846153846153846 0.9166666666666666 0.01978021978021978 0.041666666666666664
0 0.3357142857142857 0.9177083333333333 0.014285714285714285 0.035416666666666666
0 0.22362637362637364 0.8916666666666667 0.016483516483516484 0.041666666666666664
0 0.41703296703296705 0.8375 0.012087912087912088 0.03333333333333333
0 0.5923076923076923 0.603125 0.01098901098901099 0.022916666666666665
0 0.6258241758241758 0.640625 0.012087912087912088 0.022916666666666665
0 0.6708791208791208 0.6364583333333333 0.012087912087912088 0.027083333333333334
0 0.7032967032967034 0.590625 0.01098901098901099 0.022916666666666665
0 0.7538461538461538 0.5770833333333333 0.008791208791208791 0.020833333333333332
0 0.8241758241758241 0.45208333333333334 0.006593406593406593 0.016666666666666666
0 0.11263736263736264 0.946875 0.01868131868131868 0.035416666666666666
0 0.13351648351648351 0.8510416666666667 0.016483516483516484 0.035416666666666666
0 0.014835164835164835 0.8635416666666667 0.01868131868131868 0.035416666666666666
0 0.11593406593406594 0.746875 0.012087912087912088 0.027083333333333334
0 0.07912087912087912 0.7510416666666667 0.013186813186813187 0.027083333333333334
0 0.0489010989010989 0.7583333333333333 0.014285714285714285 0.025
0 0.1357142857142857 0.65 0.012087912087912088 0.025
0 0.1543956043956044 0.621875 0.00989010989010989 0.022916666666666665
0 0.1021978021978022 0.6625 0.01098901098901099 0.020833333333333332
0 0.06538461538461539 0.678125 0.00989010989010989 0.027083333333333334
0 0.07747252747252747 0.6447916666666667 0.00989010989010989 0.01875
0 0.0956043956043956 0.6354166666666666 0.01098901098901099 0.020833333333333332
0 0.11648351648351649 0.6583333333333333 0.008791208791208791 0.016666666666666666
0 0.1357142857142857 0.5958333333333333 0.00989010989010989 0.016666666666666666
0 0.10604395604395604 0.59375 0.007692307692307693 0.016666666666666666
0 0.16538461538461538 0.5791666666666667 0.00989010989010989 0.020833333333333332
0 0.15989010989010988 0.55625 0.007692307692307693 0.016666666666666666
0 0.1879120879120879 0.5770833333333333 0.006593406593406593 0.0125
0 0.20714285714285716 0.5885416666666666 0.00989010989010989 0.01875
0 0.23736263736263735 0.646875 0.017582417582417582 0.10625
