0 0.84716796875 0.536986301369863 0.0615234375 0.09315068493150686
0 0.88525390625 0.3102739726027397 0.0419921875 0.0863013698630137
0 0.8115234375 0.3116438356164384 0.046875 0.09178082191780822
0 0.73193359375 0.23835616438356164 0.0458984375 0.0821917808219178
0 0.67724609375 0.32123287671232875 0.0439453125 0.09178082191780822
0 0.65673828125 0.2465753424657534 0.0458984375 0.0821917808219178
0 0.60009765625 0.413013698630137 0.0595703125 0.10821917808219178
0 0.591796875 0.2410958904109589 0.046875 0.07671232876712329
0 0.50634765625 0.41643835616438357 0.0458984375 0.08767123287671233
0 0.53857421875 0.2732876712328767 0.0419921875 0.08356164383561644
0 0.45654296875 0.21712328767123287 0.0458984375 0.08356164383561644
0 0.41845703125 0.3917808219178082 0.0478515625 0.07397260273972603
0 0.3662109375 0.22534246575342465 0.048828125 0.08082191780821918
0 0.3291015625 0.39863013698630134 0.056640625 0.09315068493150686
0 0.16748046875 0.5575342465753425 0.0634765625 0.1178082191780822
0 0.11328125 0.32808219178082193 0.0546875 0.09178082191780822
0 0.19677734375 0.30684931506849317 0.0556640625 0.10410958904109589
0 0.24658203125 0.3136986301369863 0.0517578125 0.09041095890410959
0 0.21142578125 0.2232876712328767 0.0537109375 0.0821917808219178
0 0.28955078125 0.20753424657534247 0.0478515625 0.09178082191780822
