0 0.13291666666666666 0.20962962962962964 0.015833333333333335 0.034074074074074076
0 0.05541666666666667 0.28296296296296297 0.014166666666666666 0.03259259259259259
0 0.10833333333333334 0.39481481481481484 0.03333333333333333 0.06962962962962962
0 0.2975 0.3925925925925926 0.041666666666666664 0.07407407407407407
0 0.27541666666666664 0.35185185185185186 0.024166666666666666 0.05185185185185185
0 0.3883333333333333 0.3762962962962963 0.02666666666666667 0.047407407407407405
0 0.39125 0.2288888888888889 0.015833333333333335 0.03111111111111111
0 0.4245833333333333 0.2733333333333333 0.014166666666666666 0.034074074074074076
0 0.44916666666666666 0.33925925925925926 0.025 0.044444444444444446
0 0.52125 0.34444444444444444 0.020833333333333332 0.04296296296296296
0 0.5754166666666667 0.422962962962963 0.0375 0.0725925925925926
0 0.6008333333333333 0.2607407407407407 0.013333333333333334 0.02962962962962963
0 0.64375 0.2437037037037037 0.014166666666666666 0.03111111111111111
0 0.6741666666666667 0.2518518518518518 0.013333333333333334 0.03259259259259259
0 0.6245833333333334 0.37703703703703706 0.0275 0.04888888888888889
0 0.7125 0.4014814814814815 0.03833333333333333 0.05333333333333334
0 0.7004166666666667 0.30962962962962964 0.015833333333333335 0.02962962962962963
0 0.7370833333333333 0.35259259259259257 0.024166666666666666 0.047407407407407405
0 0.7870833333333334 0.30148148148148146 0.015833333333333335 0.034074074074074076
