0 0.9482421875 0.8565153733528551 0.103515625 0.2869692532942899
0 0.6728515625 0.7869692532942899 0.02734375 0.05710102489019034
0 0.84912109375 0.66398243045388 0.0224609375 0.036603221083455345
0 0.796875 0.6866764275256223 0.01953125 0.029282576866764276
0 0.740234375 0.6837481698389458 0.021484375 0.03513909224011713
0 0.5537109375 0.6969253294289898 0.0234375 0.03806734992679356
0 0.45263671875 0.7342606149341142 0.0244140625 0.0424597364568082
0 0.345703125 0.7986822840409956 0.025390625 0.0629575402635432
0 0.294921875 0.8162518301610542 0.0390625 0.0746705710102489
0 0.2548828125 0.7833089311859444 0.037109375 0.06734992679355783
0 0.60986328125 0.7130307467057101 0.0224609375 0.040995607613469986
0 0.71923828125 0.8806734992679356 0.0732421875 0.3850658857979502
0 0.93212890625 0.6427525622254758 0.0166015625 0.02635431918008785
0 0.9833984375 0.568814055636896 0.005859375 0.010248901903367497
0 0.099609375 0.6691068814055637 0.021484375 0.032210834553440704
0 0.041015625 0.6361639824304539 0.017578125 0.024890190336749635
0 0.02197265625 0.62298682284041 0.0146484375 0.03074670571010249
0 0.1904296875 0.6544655929721815 0.015625 0.020497803806734993
0 0.35009765625 0.6288433382137628 0.0146484375 0.021961932650073207
0 0.3994140625 0.6493411420204978 0.015625 0.024890190336749635
0 0.40576171875 0.6669106881405563 0.0126953125 0.021961932650073207
0 0.45068359375 0.6244509516837482 0.0146484375 0.021961932650073207
0 0.498046875 0.657393850658858 0.015625 0.02635431918008785
0 0.5107421875 0.5995607613469985 0.0078125 0.013177159590043924
0 0.46044921875 0.5885797950219619 0.0068359375 0.01171303074670571
0 0.63720703125 0.5915080527086384 0.0126953125 0.017569546120058566
0 0.65673828125 0.6566617862371888 0.0185546875 0.027818448023426062
0 0.6865234375 0.6727672035139092 0.017578125 0.03074670571010249
0 0.60888671875 0.7101024890190337 0.0205078125 0.03806734992679356
0 0.599609375 0.6756954612005857 0.017578125 0.027818448023426062
0 0.78759765625 0.6661786237188873 0.0244140625 0.03513909224011713
0 0.880859375 0.6837481698389458 0.017578125 0.029282576866764276
0 0.7294921875 0.5863836017569546 0.0078125 0.013177159590043924
0 0.7421875 0.5995607613469985 0.009765625 0.016105417276720352
0 0.7080078125 0.5995607613469985 0.0078125 0.013177159590043924
0 0.14794921875 0.6149341142020498 0.0126953125 0.017569546120058566
0 0.0791015625 0.6259150805270863 0.013671875 0.021961932650073207
0 0.1181640625 0.6178623718887262 0.013671875 0.020497803806734993
0 0.11767578125 0.5995607613469985 0.0068359375 0.013177159590043924
0 0.10693359375 0.5980966325036603 0.0087890625 0.016105417276720352
0 0.16357421875 0.6742313323572474 0.0205078125 0.13616398243045388
0 0.177734375 0.6156661786237189 0.015625 0.024890190336749635
0 0.20068359375 0.6317715959004392 0.0166015625 0.024890190336749635
0 0.3134765625 0.637628111273792 0.013671875 0.01903367496339678
0 0.22607421875 0.6281112737920937 0.0107421875 0.014641288433382138
0 0.21484375 0.6002928257686676 0.0078125 0.01171303074670571
0 0.201171875 0.595900439238653 0.0078125 0.014641288433382138
0 0.4921875 0.5871156661786238 0.005859375 0.008784773060029283
0 0.5986328125 0.5907759882869692 0.0078125 0.013177159590043924
0 0.62353515625 0.6061493411420205 0.0146484375 0.055636896046852125
0 0.67236328125 0.5849194729136163 0.0087890625 0.013177159590043924
0 0.6884765625 0.6171303074670571 0.0234375 0.09224011713030747
0 1.00244140625 0.9363103953147877 0.1337890625 0.4172767203513909
0 0.3740234375 0.6420204978038068 0.013671875 0.021961932650073207
0 0.328125 0.6317715959004392 0.01171875 0.016105417276720352
0 0.6064453125 0.5929721815519766 0.009765625 0.014641288433382138
