0 0.023125 0.345679012345679 0.01375 0.0205761316872428
0 0.04375 0.4176954732510288 0.04 0.1646090534979424
0 0.07875 0.404320987654321 0.04 0.1748971193415638
0 0.014375 0.3950617283950617 0.01625 0.102880658436214
0 0.085 0.3333333333333333 0.01 0.0205761316872428
0 0.098125 0.389917695473251 0.01875 0.10493827160493827
0 0.110625 0.38065843621399176 0.01875 0.07407407407407407
0 0.124375 0.3816872427983539 0.01875 0.0720164609053498
0 0.135625 0.3508230452674897 0.00625 0.0102880658436214
0 0.139375 0.39094650205761317 0.01625 0.05761316872427984
0 0.14375 0.36213991769547327 0.0175 0.04938271604938271
0 0.09625 0.6666666666666666 0.02 0.037037037037037035
0 0.13875 0.7016460905349794 0.065 0.20987654320987653
0 0.196875 0.6800411522633745 0.07875 0.2366255144032922
0 0.2275 0.2037037037037037 0.055 0.10699588477366255
0 0.298125 0.16872427983539096 0.05125 0.10699588477366255
0 0.354375 0.2294238683127572 0.05375 0.12551440329218108
0 0.39875 0.21707818930041153 0.0425 0.09259259259259259
0 0.43375 0.24279835390946503 0.0475 0.09465020576131687
0 0.5225 0.25411522633744854 0.045 0.09670781893004116
0 0.49625 0.18106995884773663 0.0425 0.09465020576131687
0 0.575 0.21604938271604937 0.04 0.07818930041152264
0 0.614375 0.24588477366255143 0.04625 0.09259259259259259
0 0.665 0.2602880658436214 0.0475 0.08847736625514403
0 0.690625 0.1697530864197531 0.04125 0.07613168724279835
0 0.7325 0.21296296296296297 0.0125 0.026748971193415638
0 0.75875 0.2736625514403292 0.055 0.10699588477366255
