0 0.93125 0.140625 0.08958333333333333 0.159375
0 0.8354166666666667 0.2234375 0.075 0.121875
0 0.8078125 0.234375 0.06145833333333333 0.11875
0 0.7520833333333333 0.259375 0.06458333333333334 0.121875
0 0.6302083333333334 0.19296875 0.07083333333333333 0.1265625
0 0.47552083333333334 0.209375 0.06354166666666666 0.13125
0 0.375 0.346875 0.05416666666666667 0.103125
0 0.29635416666666664 0.35859375 0.04895833333333333 0.0734375
0 0.2359375 0.3296875 0.07604166666666666 0.1125
0 0.1234375 0.25 0.06770833333333333 0.1
0 -0.0015625 0.315625 0.036458333333333336 0.078125
0 0.014583333333333334 0.25859375 0.03333333333333333 0.0671875
0 0.05364583333333333 0.33046875 0.046875 0.0859375
0 0.26875 0.26953125 0.05 0.0984375
0 0.32447916666666665 0.32890625 0.04895833333333333 0.0859375
0 0.40729166666666666 0.2859375 0.052083333333333336 0.096875
0 0.35520833333333335 0.29375 0.041666666666666664 0.08125
0 0.5223958333333333 0.29609375 0.057291666666666664 0.1046875
0 0.5848958333333333 0.26640625 0.03854166666666667 0.0765625
0 0.1625 0.334375 0.04375 0.071875
0 0.20885416666666667 0.29140625 0.053125 0.0953125
