0 0.19210526315789472 0.3747534516765286 0.039473684210526314 0.07100591715976332
0 0.09210526315789473 0.398422090729783 0.04473684210526316 0.07100591715976332
0 0.2868421052631579 0.373767258382643 0.018421052631578946 0.03353057199211045
0 0.3736842105263158 0.3974358974358974 0.021052631578947368 0.03747534516765286
0 0.4072368421052632 0.368836291913215 0.019736842105263157 0.03155818540433925
0 0.4486842105263158 0.38560157790927024 0.021052631578947368 0.03747534516765286
0 0.48157894736842105 0.34911242603550297 0.015789473684210527 0.023668639053254437
0 0.5519736842105263 0.35601577909270216 0.019736842105263157 0.029585798816568046
0 0.593421052631579 0.39546351084812625 0.018421052631578946 0.03353057199211045
0 0.5815789473684211 0.3629191321499014 0.015789473684210527 0.023668639053254437
0 0.7546052631578948 0.3609467455621302 0.025 0.03944773175542406
0 0.8072368421052631 0.3777120315581854 0.025 0.03747534516765286
0 0.8802631578947369 0.3757396449704142 0.021052631578947368 0.03747534516765286
0 0.9703947368421053 0.3343195266272189 0.014473684210526316 0.021696252465483234
0 0.6953947368421053 0.4368836291913215 0.02763157894736842 0.0611439842209073
