0 0.1021875 0.4295833333333333 0.010625 0.015833333333333335
0 0.15625 0.43 0.01125 0.018333333333333333
0 0.209375 0.4275 0.00875 0.013333333333333334
0 0.2284375 0.43625 0.011875 0.015833333333333335
0 0.250625 0.43333333333333335 0.01 0.016666666666666666
0 0.263125 0.42791666666666667 0.01125 0.0175
0 0.2971875 0.41291666666666665 0.010625 0.0175
0 0.3290625 0.4191666666666667 0.010625 0.02
0 0.370625 0.42125 0.01125 0.019166666666666665
0 0.43375 0.40625 0.0125 0.020833333333333332
0 0.528125 0.39625 0.0125 0.024166666666666666
0 0.5528125 0.39208333333333334 0.014375 0.020833333333333332
0 0.635 0.41333333333333333 0.01375 0.018333333333333333
0 0.6696875 0.43375 0.013125 0.024166666666666666
0 0.6975 0.40458333333333335 0.015 0.0225
0 0.7878125 0.3779166666666667 0.016875 0.025833333333333333
0 0.955 0.3875 0.01375 0.025
0 0.023125 0.46291666666666664 0.0075 0.0125
0 0.11875 0.45916666666666667 0.01125 0.015
0 0.1440625 0.43833333333333335 0.006875 0.011666666666666667
0 0.14875 0.46625 0.00875 0.0125
0 0.1903125 0.42833333333333334 0.008125 0.011666666666666667
0 0.1928125 0.45458333333333334 0.008125 0.0125
0 0.2203125 0.4191666666666667 0.010625 0.016666666666666666
0 0.250625 0.4175 0.01 0.016666666666666666
0 0.4671875 0.44458333333333333 0.010625 0.0175
0 0.49625 0.44208333333333333 0.01125 0.019166666666666665
0 0.738125 0.43 0.01375 0.021666666666666667
0 0.86625 0.4220833333333333 0.015 0.024166666666666666
0 0.888125 0.42 0.0175 0.023333333333333334
0 0.91375 0.42041666666666666 0.0125 0.024166666666666666
