0 0.9996153846153846 0.8995381062355658 0.045384615384615384 0.10161662817551963
0 0.7303846153846154 0.8983833718244804 0.057692307692307696 0.10623556581986143
0 0.551923076923077 0.6905311778290993 0.04846153846153846 0.09699769053117784
0 0.6126923076923076 0.6454965357967667 0.04846153846153846 0.11547344110854503
0 0.6553846153846153 0.6784064665127021 0.06 0.10508083140877598
0 0.9046153846153846 0.33140877598152424 0.047692307692307694 0.08314087759815242
0 0.3942307692307692 0.6963048498845266 0.05923076923076923 0.10392609699769054
0 0.2680769230769231 0.8475750577367206 0.057692307692307696 0.07621247113163972
0 0.031538461538461536 0.7153579676674365 0.05076923076923077 0.09815242494226328
0 0.18076923076923077 0.6466512702078522 0.05076923076923077 0.08545034642032333
0 0.23115384615384615 0.726905311778291 0.05 0.09122401847575058
0 0.3076923076923077 0.6403002309468823 0.05076923076923077 0.09353348729792148
0 0.2353846153846154 0.47113163972286376 0.04923076923076923 0.09468822170900693
0 0.546923076923077 0.39780600461893767 0.04461538461538461 0.061200923787528866
0 0.485 0.34295612009237875 0.045384615384615384 0.07621247113163972
0 0.5457692307692308 0.3325635103926097 0.04692307692307692 0.08545034642032333
0 0.685 0.2996535796766744 0.04230769230769231 0.07505773672055427
0 0.69 0.39780600461893767 0.04 0.07043879907621248
0 0.715 0.3244803695150115 0.04384615384615385 0.06928406466512702
0 0.7653846153846153 0.25 0.047692307692307694 0.07967667436489607
0 0.935 0.025404157043879907 0.03769230769230769 0.057736720554272515
0 0.9811538461538462 0.03695150115473441 0.04846153846153846 0.07390300230946882
0 0.8415384615384616 0.05023094688221709 0.038461538461538464 0.07736720554272518
0 0.825 0.053117782909930716 0.04230769230769231 0.06466512702078522
0 0.8819230769230769 0.014434180138568129 0.03923076923076923 0.04734411085450346
0 0.7538461538461538 -0.04214780600461894 0.038461538461538464 0.05889145496535797
0 0.6588461538461539 -0.025404157043879907 0.03769230769230769 0.07159353348729793
0 0.5330769230769231 0.04734411085450346 0.04461538461538461 0.07159353348729793
0 0.41615384615384615 0.037528868360277134 0.04461538461538461 0.07043879907621248
0 0.4015384615384615 0.1766743648960739 0.033846153846153845 0.07390300230946882
0 0.4857692307692308 0.14549653579676675 0.03923076923076923 0.08083140877598152
0 0.5707692307692308 0.2061200923787529 0.04461538461538461 0.08198614318706697
0 0.6746153846153846 0.1195150115473441 0.04 0.07967667436489607
0 0.32384615384615384 0.23267898383371824 0.04 0.07274826789838337
0 0.33384615384615385 0.16628175519630484 0.04 0.07852193995381063
0 0.21076923076923076 0.12528868360277137 0.036923076923076927 0.06812933025404157
0 0.23846153846153847 0.027136258660508082 0.047692307692307694 0.07967667436489607
0 0.0726923076923077 0.23556581986143188 0.04846153846153846 0.08314087759815242
0 0.05307692307692308 0.23441108545034642 0.038461538461538464 0.08314087759815242
0 0.06653846153846153 0.1812933025404157 0.05 0.08545034642032333
0 0.045384615384615384 0.10392609699769054 0.046153846153846156 0.07159353348729793
0 0.1176923076923077 0.04734411085450346 0.046153846153846156 0.08775981524249422
0 0.21269230769230768 0.0005773672055427252 0.040769230769230766 0.06351039260969978
0 0.31423076923076926 0.006928406466512702 0.03923076923076923 0.06004618937644342
0 0.45269230769230767 0.06062355658198614 0.03769230769230769 0.06581986143187067
0 0.2903846153846154 0.0011547344110854503 0.031538461538461536 0.06235565819861432
0 0.051923076923076926 0.04157043879907621 0.040769230769230766 0.06928406466512702
0 0.5903846153846154 -0.016166281755196306 0.036153846153846154 0.046189376443418015
0 0.4157692307692308 0.03579676674364896 0.04384615384615385 0.06697459584295612
0 0.45153846153846156 0.15242494226327943 0.04153846153846154 0.06697459584295612
