0 0.049444444444444444 0.6198275862068966 0.027777777777777776 0.05
0 0.05277777777777778 0.631896551724138 0.021111111111111112 0.039655172413793106
0 0.11555555555555555 0.6327586206896552 0.028888888888888888 0.04827586206896552
0 0.17277777777777778 0.631896551724138 0.027777777777777776 0.04655172413793104
0 0.22944444444444445 0.6603448275862069 0.025555555555555557 0.04482758620689655
0 0.2833333333333333 0.6629310344827586 0.022222222222222223 0.04310344827586207
0 0.28 0.6448275862068965 0.022222222222222223 0.034482758620689655
0 0.34944444444444445 0.6508620689655172 0.025555555555555557 0.04655172413793104
0 0.32722222222222225 0.6422413793103449 0.023333333333333334 0.03620689655172414
0 0.35777777777777775 0.6094827586206897 0.024444444444444446 0.05
0 0.4033333333333333 0.6206896551724138 0.02666666666666667 0.04827586206896552
0 0.4444444444444444 0.6732758620689655 0.017777777777777778 0.032758620689655175
0 0.4816666666666667 0.6525862068965518 0.016666666666666666 0.03620689655172414
0 0.5333333333333333 0.6525862068965518 0.02 0.03620689655172414
0 0.5555555555555556 0.6474137931034483 0.017777777777777778 0.03620689655172414
0 0.5761111111111111 0.6844827586206896 0.016666666666666666 0.034482758620689655
0 0.5988888888888889 0.6706896551724137 0.017777777777777778 0.027586206896551724
0 0.6344444444444445 0.675 0.017777777777777778 0.03620689655172414
0 0.62 0.6698275862068965 0.015555555555555555 0.029310344827586206
0 0.6561111111111111 0.675 0.014444444444444444 0.032758620689655175
0 0.6933333333333334 0.6327586206896552 0.03111111111111111 0.04827586206896552
0 0.7211111111111111 0.6672413793103448 0.013333333333333334 0.027586206896551724
0 0.7505555555555555 0.6775862068965517 0.016666666666666666 0.027586206896551724
0 0.7861111111111111 0.6905172413793104 0.012222222222222223 0.029310344827586206
0 0.8133333333333334 0.6724137931034483 0.015555555555555555 0.027586206896551724
0 0.8388888888888889 0.6879310344827586 0.015555555555555555 0.027586206896551724
0 0.8783333333333333 0.6793103448275862 0.01888888888888889 0.03103448275862069
0 0.8994444444444445 0.6810344827586207 0.016666666666666666 0.027586206896551724
0 0.9261111111111111 0.6948275862068966 0.016666666666666666 0.02413793103448276
0 0.9627777777777777 0.6991379310344827 0.014444444444444444 0.02586206896551724
0 0.99 0.6810344827586207 0.013333333333333334 0.02413793103448276
