0 0.7575 0.37166666666666665 0.0375 0.06
0 0.73 0.3875 0.035 0.06833333333333333
0 0.63875 0.30833333333333335 0.0375 0.06333333333333334
0 0.638125 0.365 0.03875 0.06
0 0.5375 0.44333333333333336 0.0425 0.07666666666666666
0 0.599375 0.42833333333333334 0.04125 0.07
0 0.52125 0.3575 0.0325 0.06166666666666667
0 0.5525 0.3541666666666667 0.035 0.06166666666666667
0 0.454375 0.415 0.04375 0.07333333333333333
0 0.4725 0.3175 0.03 0.051666666666666666
0 0.431875 0.3325 0.03625 0.06833333333333333
0 0.3875 0.35333333333333333 0.04 0.07
0 0.370625 0.455 0.04625 0.08666666666666667
0 0.275 0.41 0.0525 0.09333333333333334
0 0.32125 0.4083333333333333 0.04 0.07666666666666666
0 0.31875 0.36583333333333334 0.04 0.065
0 0.27375 0.3358333333333333 0.0325 0.06166666666666667
0 0.143125 0.38416666666666666 0.05125 0.08166666666666667
0 0.205 0.3883333333333333 0.045 0.07333333333333333
0 0.220625 0.33 0.03375 0.06
0 0.18 0.32416666666666666 0.045 0.065
0 0.14125 0.27666666666666667 0.0475 0.08
0 0.536875 0.78 0.04875 0.08
0 0.428125 0.7583333333333333 0.04625 0.08
