0 0.014166666666666666 0.4397905759162304 0.03666666666666667 0.06544502617801047
0 0.0275 0.47774869109947643 0.025 0.0549738219895288
0 0.06583333333333333 0.4849476439790576 0.03166666666666667 0.04581151832460733
0 0.11375 0.4862565445026178 0.029166666666666667 0.04842931937172775
0 0.16166666666666665 0.48887434554973824 0.028333333333333332 0.04842931937172775
0 0.37166666666666665 0.3854712041884817 0.07833333333333334 0.1505235602094241
0 0.52 0.3174083769633508 0.085 0.19240837696335078
0 0.65375 0.3704188481675393 0.0925 0.1518324607329843
0 0.7125 0.3658376963350785 0.05 0.09031413612565445
0 0.7941666666666667 0.3298429319371728 0.06833333333333333 0.112565445026178
0 0.90125 0.3606020942408377 0.0425 0.07460732984293193
0 0.9504166666666667 0.40903141361256545 0.035833333333333335 0.058900523560209424
0 0.99 0.4096858638743455 0.02666666666666667 0.05235602094240838
