0 0.107421875 0.9153284671532846 0.005859375 0.008759124087591242
0 0.1376953125 0.9153284671532846 0.005859375 0.008759124087591242
0 0.154296875 0.9153284671532846 0.005859375 0.008759124087591242
0 0.17431640625 0.9116788321167884 0.0048828125 0.0072992700729927005
0 0.19921875 0.9087591240875912 0.00390625 0.0072992700729927005
0 0.2109375 0.9102189781021898 0.005859375 0.0072992700729927005
0 0.236328125 0.9167883211678832 0.005859375 0.008759124087591242
0 0.248046875 0.9124087591240876 0.005859375 0.008759124087591242
0 0.2685546875 0.9197080291970803 0.005859375 0.008759124087591242
0 0.27392578125 0.9197080291970803 0.0048828125 0.008759124087591242
0 0.28857421875 0.9182481751824818 0.0048828125 0.008759124087591242
0 0.28857421875 0.9167883211678832 0.0048828125 0.008759124087591242
0 0.2998046875 0.916058394160584 0.005859375 0.010218978102189781
0 0.31396484375 0.9211678832116789 0.0048828125 0.008759124087591242
0 0.32763671875 0.9233576642335767 0.0048828125 0.0072992700729927005
0 0.34228515625 0.9218978102189781 0.0048828125 0.010218978102189781
0 0.3681640625 0.9240875912408759 0.005859375 0.008759124087591242
0 0.37255859375 0.918978102189781 0.0048828125 0.0072992700729927005
0 0.40966796875 0.9226277372262773 0.0048828125 0.008759124087591242
0 0.4169921875 0.9204379562043795 0.00390625 0.0072992700729927005
0 0.41748046875 0.9204379562043795 0.0048828125 0.0072992700729927005
0 0.4931640625 0.9343065693430657 0.00390625 0.00583941605839416
0 0.52783203125 0.9204379562043795 0.0029296875 0.004379562043795621
0 0.6083984375 0.9343065693430657 0.01171875 0.03795620437956204
0 0.7763671875 0.9175182481751825 0.0078125 0.010218978102189781
0 0.85693359375 0.9197080291970803 0.0048828125 0.008759124087591242
0 0.826171875 0.9204379562043795 0.00390625 0.0072992700729927005
0 0.994140625 0.927007299270073 0.005859375 0.008759124087591242
0 0.98388671875 0.9182481751824818 0.0048828125 0.008759124087591242
0 0.88525390625 0.9131386861313868 0.0048828125 0.0072992700729927005
0 0.83935546875 0.935036496350365 0.0146484375 0.051094890510948905
0 0.87060546875 0.9218978102189781 0.0048828125 0.0072992700729927005
0 0.79541015625 0.9394160583941605 0.0146484375 0.04817518248175182
0 0.5908203125 0.9248175182481752 0.00390625 0.0072992700729927005
