0 0.9719334719334719 0.5485133020344288 0.02079002079002079 0.0297339593114241
0 0.9745322245322245 0.52660406885759 0.02182952182952183 0.03286384976525822
0 0.9927234927234927 0.5226917057902973 0.016632016632016633 0.025039123630672927
0 0.7650727650727651 0.5500782472613458 0.016632016632016633 0.0297339593114241
0 0.6138253638253638 0.5211267605633803 0.017671517671517672 0.03442879499217527
0 0.5717255717255717 0.5273865414710485 0.014553014553014554 0.03442879499217527
0 0.46361746361746364 0.5594679186228482 0.012474012474012475 0.026604068857589983
0 0.4911642411642412 0.5297339593114241 0.013513513513513514 0.023474178403755867
0 0.4287941787941788 0.5273865414710485 0.013513513513513514 0.018779342723004695
0 0.433991683991684 0.5164319248826291 0.013513513513513514 0.025039123630672927
0 0.39293139293139295 0.5117370892018779 0.014553014553014554 0.025039123630672927
0 0.3705821205821206 0.5203442879499217 0.013513513513513514 0.023474178403755867
0 0.34511434511434513 0.5273865414710485 0.014553014553014554 0.025039123630672927
0 0.3305613305613306 0.5211267605633803 0.016632016632016633 0.02190923317683881
0 0.31392931392931395 0.5258215962441315 0.016632016632016633 0.025039123630672927
0 0.30613305613305614 0.52660406885759 0.011434511434511435 0.02034428794992175
0 0.27754677754677753 0.5297339593114241 0.016632016632016633 0.023474178403755867
0 0.24220374220374222 0.5242566510172144 0.014553014553014554 0.025039123630672927
0 0.2234927234927235 0.5070422535211268 0.014553014553014554 0.025039123630672927
0 0.19386694386694386 0.5023474178403756 0.015592515592515593 0.025039123630672927
0 0.1288981288981289 0.5289514866979655 0.014553014553014554 0.025039123630672927
0 0.09303534303534304 0.5273865414710485 0.013513513513513514 0.02190923317683881
0 0.11278586278586279 0.5164319248826291 0.013513513513513514 0.025039123630672927
0 0.13721413721413722 0.5062597809076682 0.014553014553014554 0.023474178403755867
0 0.08264033264033264 0.5140845070422535 0.015592515592515593 0.026604068857589983
0 0.036902286902286904 0.5336463223787168 0.013513513513513514 0.02190923317683881
0 0.016632016632016633 0.514866979655712 0.010395010395010396 0.02190923317683881
0 0.16424116424116425 0.5046948356807511 0.008316008316008316 0.014084507042253521
0 0.45582120582120583 0.5 0.005197505197505198 0.00782472613458529
0 0.45997920997921 0.5046948356807511 0.005197505197505198 0.00782472613458529
0 0.5197505197505198 0.5172143974960877 0.018711018711018712 0.048513302034428794
0 0.5155925155925156 0.5164319248826291 0.016632016632016633 0.046948356807511735
0 0.5410602910602911 0.49765258215962443 0.005197505197505198 0.009389671361502348
0 0.5446985446985447 0.5023474178403756 0.004158004158004158 0.006259780907668232
0 0.5769230769230769 0.49608763693270735 0.004158004158004158 0.006259780907668232
0 0.5582120582120582 0.5179968701095462 0.012474012474012475 0.04381846635367762
0 0.6595634095634095 0.5015649452269171 0.005197505197505198 0.00782472613458529
0 0.6538461538461539 0.5062597809076682 0.004158004158004158 0.00782472613458529
0 0.6366943866943867 0.5234741784037559 0.011434511434511435 0.051643192488262914
0 0.7260914760914761 0.5015649452269171 0.005197505197505198 0.00782472613458529
0 0.7546777546777547 0.49765258215962443 0.004158004158004158 0.006259780907668232
0 0.7744282744282744 0.49765258215962443 0.004158004158004158 0.006259780907668232
0 0.7863825363825364 0.4984350547730829 0.005197505197505198 0.00782472613458529
0 0.8097713097713097 0.49921752738654146 0.006237006237006237 0.009389671361502348
0 0.8305613305613305 0.5054773082942097 0.006237006237006237 0.009389671361502348
0 0.8929313929313929 0.49608763693270735 0.006237006237006237 0.009389671361502348
0 0.9256756756756757 0.5015649452269171 0.005197505197505198 0.00782472613458529
0 0.8659043659043659 0.5054773082942097 0.006237006237006237 0.009389671361502348
0 0.49064449064449067 0.5156494522691706 0.014553014553014554 0.023474178403755867
0 0.7141372141372141 0.5007824726134585 0.004158004158004158 0.006259780907668232
0 0.7349272349272349 0.5007824726134585 0.004158004158004158 0.006259780907668232
