0 0.04635463546354635 0.47696476964769646 0.0387038703870387 0.05962059620596206
0 0.05130513051305131 0.5020325203252033 0.032403240324032405 0.05013550135501355
0 0.13591359135913592 0.40447154471544716 0.045004500450045004 0.08536585365853659
0 0.15706570657065708 0.739159891598916 0.05850585058505851 0.1016260162601626
0 0.21197119711971196 0.44715447154471544 0.0387038703870387 0.07859078590785908
0 0.26372637263726373 0.46747967479674796 0.034203420342034205 0.06504065040650407
0 0.29162916291629165 0.4817073170731707 0.0306030603060306 0.05555555555555555
0 0.355985598559856 0.44986449864498645 0.0405040504050405 0.07317073170731707
0 0.31233123312331235 0.5155826558265583 0.041404140414041404 0.07994579945799458
0 0.3811881188118812 0.47764227642276424 0.0315031503150315 0.06097560975609756
0 0.34743474347434744 0.4742547425474255 0.023402340234023402 0.04607046070460705
0 0.38208820882088207 0.4803523035230352 0.0279027902790279 0.05555555555555555
0 0.4585958595859586 0.4830623306233062 0.0279027902790279 0.05013550135501355
0 0.47614761476147616 0.48509485094850946 0.032403240324032405 0.05962059620596206
0 0.5292529252925292 0.5182926829268293 0.023402340234023402 0.04742547425474255
0 0.6237623762376238 0.48712737127371275 0.032403240324032405 0.05555555555555555
0 0.7241224122412241 0.4329268292682927 0.08730873087308731 0.14769647696476965
