0 0.7388888888888889 0.25833333333333336 0.014814814814814815 0.03
0 0.8550925925925926 0.4475 0.03981481481481482 0.085
0 0.9476851851851852 0.2608333333333333 0.028703703703703703 0.07166666666666667
0 0.8337962962962963 0.2825 0.032407407407407406 0.075
0 0.5986111111111111 0.2425 0.041666666666666664 0.09166666666666666
0 0.6453703703703704 0.305 0.03518518518518519 0.056666666666666664
0 0.5101851851851852 0.20833333333333334 0.07962962962962963 0.14333333333333334
0 0.22962962962962963 0.3358333333333333 0.04259259259259259 0.07166666666666667
0 0.04490740740740741 0.31166666666666665 0.025 0.06333333333333334
0 0.36018518518518516 0.32916666666666666 0.03518518518518519 0.16166666666666665
0 0.16805555555555557 0.2658333333333333 0.010185185185185186 0.018333333333333333
0 0.12361111111111112 0.2808333333333333 0.013888888888888888 0.028333333333333332
0 0.08981481481481482 0.3541666666666667 0.03148148148148148 0.19833333333333333
0 0.2523148148148148 0.27416666666666667 0.010185185185185186 0.021666666666666667
0 0.3282407407407407 0.3025 0.023148148148148147 0.12833333333333333
0 0.29907407407407405 0.33666666666666667 0.024074074074074074 0.12666666666666668
