0 0.05810546875 0.1906158357771261 0.0048828125 0.005865102639296188
0 0.16552734375 0.1495601173020528 0.0087890625 0.02346041055718475
0 0.40380859375 0.17375366568914957 0.0029296875 0.007331378299120235
0 0.41943359375 0.17008797653958943 0.0048828125 0.005865102639296188
0 0.04931640625 0.2998533724340176 0.0166015625 0.024926686217008796
0 0.078125 0.2793255131964809 0.013671875 0.021994134897360705
0 0.0869140625 0.2785923753665689 0.01171875 0.020527859237536656
0 0.0224609375 0.34017595307917886 0.03125 0.0469208211143695
0 0.001953125 0.4252199413489736 0.0625 0.09970674486803519
0 0.13623046875 0.30058651026392963 0.0341796875 0.05865102639296188
0 0.189453125 0.2749266862170088 0.03515625 0.054252199413489736
0 0.23779296875 0.25146627565982405 0.0166015625 0.02785923753665689
0 0.3115234375 0.23533724340175954 0.0234375 0.04252199413489736
0 0.34912109375 0.2155425219941349 0.0166015625 0.02346041055718475
0 0.38427734375 0.20454545454545456 0.0107421875 0.016129032258064516
0 0.392578125 0.2060117302052786 0.01171875 0.01906158357771261
0 0.40869140625 0.21114369501466276 0.0146484375 0.02346041055718475
0 0.43115234375 0.2126099706744868 0.0166015625 0.026392961876832845
0 0.44482421875 0.20307917888563048 0.0126953125 0.021994134897360705
0 0.4677734375 0.21407624633431085 0.01953125 0.02932551319648094
0 0.4873046875 0.23826979472140764 0.0234375 0.036656891495601175
0 0.50927734375 0.2221407624633431 0.0146484375 0.024926686217008796
0 0.541015625 0.21114369501466276 0.017578125 0.02932551319648094
0 0.56005859375 0.20747800586510265 0.0205078125 0.030791788856304986
0 0.59814453125 0.19794721407624633 0.0126953125 0.017595307917888565
0 0.60498046875 0.18475073313782991 0.0107421875 0.017595307917888565
0 0.63232421875 0.2060117302052786 0.0166015625 0.024926686217008796
0 0.654296875 0.22947214076246333 0.025390625 0.04252199413489736
0 0.68359375 0.2690615835777126 0.041015625 0.0747800586510264
0 0.79638671875 0.20307917888563048 0.0146484375 0.021994134897360705
0 0.80224609375 0.19574780058651026 0.0146484375 0.02785923753665689
0 0.8359375 0.19134897360703812 0.009765625 0.016129032258064516
0 0.86083984375 0.22580645161290322 0.0146484375 0.02932551319648094
0 0.88818359375 0.21114369501466276 0.0126953125 0.020527859237536656
0 0.93994140625 0.22653958944281524 0.0126953125 0.02785923753665689
0 0.32958984375 0.32697947214076245 0.0576171875 0.09970674486803519
0 0.50390625 0.47214076246334313 0.076171875 0.1378299120234604
0 0.71142578125 0.4142228739002933 0.1005859375 0.218475073313783
0 0.91162109375 0.33724340175953077 0.0595703125 0.10263929618768329
0 0.50244140625 0.32404692082111436 0.0498046875 0.09090909090909091
0 0.03369140625 0.20747800586510265 0.0068359375 0.01906158357771261
0 0.0361328125 0.1781524926686217 0.0078125 0.01906158357771261
0 0.56982421875 0.18255131964809385 0.0048828125 0.007331378299120235
0 0.58056640625 0.18255131964809385 0.0048828125 0.007331378299120235
0 0.5361328125 0.187683284457478 0.005859375 0.008797653958944282
