0 0.05928571428571429 0.9793388429752066 0.11857142857142858 0.2809917355371901
0 0.3007142857142857 0.7407024793388429 0.03 0.05578512396694215
0 0.022857142857142857 0.39462809917355374 0.022857142857142857 0.03305785123966942
0 0.07357142857142857 0.3822314049586777 0.02142857142857143 0.0371900826446281
0 0.12 0.3915289256198347 0.022857142857142857 0.03925619834710744
0 0.07357142857142857 0.45661157024793386 0.027142857142857142 0.0371900826446281
0 0.10214285714285715 0.45144628099173556 0.027142857142857142 0.03925619834710744
0 0.13214285714285715 0.5320247933884298 0.024285714285714285 0.03512396694214876
0 0.15928571428571428 0.4090909090909091 0.02142857142857143 0.03305785123966942
0 0.19714285714285715 0.4142561983471074 0.025714285714285714 0.03512396694214876
0 0.255 0.4256198347107438 0.024285714285714285 0.03305785123966942
0 0.3057142857142857 0.4287190082644628 0.022857142857142857 0.030991735537190084
0 0.37785714285714284 0.4617768595041322 0.024285714285714285 0.03925619834710744
0 0.195 0.7148760330578512 0.08142857142857143 0.2066115702479339
0 0.2557142857142857 0.6342975206611571 0.02857142857142857 0.05371900826446281
0 0.3057142857142857 0.6590909090909091 0.02857142857142857 0.045454545454545456
0 0.3742857142857143 0.7035123966942148 0.025714285714285714 0.047520661157024795
0 0.4514285714285714 0.746900826446281 0.02857142857142857 0.047520661157024795
0 0.5714285714285714 0.7603305785123967 0.03142857142857143 0.045454545454545456
0 0.515 0.7696280991735537 0.024285714285714285 0.03925619834710744
0 0.515 0.7097107438016529 0.024285714285714285 0.03925619834710744
0 0.42214285714285715 0.6621900826446281 0.024285714285714285 0.03512396694214876
0 0.39 0.6942148760330579 0.07142857142857142 0.16115702479338842
0 0.34 0.6384297520661157 0.025714285714285714 0.03305785123966942
0 0.29285714285714287 0.5836776859504132 0.025714285714285714 0.03512396694214876
0 0.23 0.5764462809917356 0.025714285714285714 0.04132231404958678
0 0.7535714285714286 0.90599173553719 0.03857142857142857 0.05578512396694215
0 0.7292857142857143 0.8181818181818182 0.03857142857142857 0.05785123966942149
0 0.8078571428571428 0.75 0.03 0.05371900826446281
0 0.7185714285714285 0.7293388429752066 0.022857142857142857 0.05371900826446281
0 0.925 0.731404958677686 0.03571428571428571 0.05371900826446281
0 0.9192857142857143 1.0557851239669422 0.07 0.2768595041322314
0 0.8364285714285714 0.6466942148760331 0.03 0.049586776859504134
0 0.8685714285714285 0.5867768595041323 0.03428571428571429 0.04132231404958678
0 0.8971428571428571 0.5650826446280992 0.02857142857142857 0.047520661157024795
0 0.9635714285714285 0.5599173553719008 0.027142857142857142 0.04132231404958678
0 0.18785714285714286 0.24896694214876033 0.015714285714285715 0.026859504132231406
0 0.21928571428571428 0.3367768595041322 0.024285714285714285 0.03305785123966942
0 0.2692857142857143 0.33367768595041325 0.02142857142857143 0.03512396694214876
0 0.32571428571428573 0.34297520661157027 0.02 0.028925619834710745
0 0.385 0.3605371900826446 0.02142857142857143 0.03512396694214876
0 0.26 0.26136363636363635 0.014285714285714285 0.026859504132231406
0 0.25785714285714284 0.3140495867768595 0.018571428571428572 0.03305785123966942
0 0.30142857142857143 0.27169421487603307 0.017142857142857144 0.026859504132231406
0 0.3414285714285714 0.30578512396694213 0.014285714285714285 0.024793388429752067
0 0.3357142857142857 0.265495867768595 0.014285714285714285 0.022727272727272728
0 0.35285714285714287 0.24070247933884298 0.011428571428571429 0.022727272727272728
0 0.36142857142857143 0.21797520661157024 0.014285714285714285 0.022727272727272728
0 0.42928571428571427 0.40082644628099173 0.018571428571428572 0.0371900826446281
0 0.4785714285714286 0.4132231404958678 0.02 0.04132231404958678
0 0.5407142857142857 0.43285123966942146 0.02142857142857143 0.030991735537190084
0 0.5942857142857143 0.4390495867768595 0.02 0.030991735537190084
0 0.6585714285714286 0.4659090909090909 0.022857142857142857 0.03512396694214876
0 0.7078571428571429 0.49173553719008267 0.02142857142857143 0.0371900826446281
0 0.7214285714285714 0.4607438016528926 0.017142857142857144 0.028925619834710745
0 0.6621428571428571 0.44008264462809915 0.015714285714285715 0.028925619834710745
0 0.615 0.42458677685950413 0.015714285714285715 0.022727272727272728
0 0.5492857142857143 0.41838842975206614 0.018571428571428572 0.030991735537190084
0 0.5057142857142857 0.42355371900826444 0.054285714285714284 0.10743801652892562
0 0.8535714285714285 0.44111570247933884 0.027142857142857142 0.03925619834710744
0 0.8721428571428571 0.39669421487603307 0.032857142857142856 0.04132231404958678
0 0.8928571428571429 0.365702479338843 0.02 0.0371900826446281
0 0.9514285714285714 0.4059917355371901 0.025714285714285714 0.030991735537190084
0 0.5264285714285715 0.27789256198347106 0.02142857142857143 0.030991735537190084
0 0.455 0.30785123966942146 0.012857142857142857 0.02066115702479339
0 0.39357142857142857 0.27892561983471076 0.015714285714285715 0.024793388429752067
0 0.5164285714285715 0.12603305785123967 0.01 0.01652892561983471
0 0.5428571428571428 0.10537190082644628 0.008571428571428572 0.012396694214876033
0 0.5678571428571428 0.15289256198347106 0.01 0.01652892561983471
0 0.5821428571428572 0.14566115702479338 0.012857142857142857 0.022727272727272728
0 0.6592857142857143 0.1756198347107438 0.015714285714285715 0.024793388429752067
0 0.8592857142857143 0.2024793388429752 0.012857142857142857 0.02066115702479339
0 0.9792857142857143 0.359504132231405 0.018571428571428572 0.0371900826446281
0 0.9592857142857143 0.15805785123966942 0.015714285714285715 0.01859504132231405
0 0.9442857142857143 0.23140495867768596 0.014285714285714285 0.024793388429752067
0 0.8114285714285714 0.32954545454545453 0.02 0.030991735537190084
0 0.8207142857142857 0.33987603305785125 0.055714285714285716 0.09710743801652892
0 0.7407142857142858 0.30165289256198347 0.015714285714285715 0.028925619834710745
0 0.7157142857142857 0.29855371900826444 0.014285714285714285 0.026859504132231406
0 0.575 0.2768595041322314 0.012857142857142857 0.02066115702479339
0 0.6228571428571429 0.2902892561983471 0.014285714285714285 0.022727272727272728
0 0.4114285714285714 0.2262396694214876 0.011428571428571429 0.01859504132231405
0 0.43714285714285717 0.21487603305785125 0.011428571428571429 0.02066115702479339
0 0.46285714285714286 0.20764462809917356 0.011428571428571429 0.01859504132231405
0 0.49857142857142855 0.2303719008264463 0.014285714285714285 0.026859504132231406
0 0.14642857142857144 0.43078512396694213 0.02142857142857143 0.030991735537190084
