0 0.1775 0.5990247561890473 0.005 0.0037509377344336083
0 0.185 0.6005251312828207 0.004 0.0037509377344336083
0 0.532 0.6031507876969242 0.01 0.007501875468867217
0 0.5275 0.6065266316579144 0.009 0.008252063015753939
0 0.49 0.6024006001500375 0.016 0.015003750937734433
0 0.574 0.6027756939234808 0.01 0.008252063015753939
0 0.6015 0.6327831957989497 0.019 0.03675918979744936
0 0.648 0.6057764441110277 0.01 0.008252063015753939
0 0.641 0.6016504126031508 0.008 0.007501875468867217
0 0.6935 0.605026256564141 0.005 0.0037509377344336083
0 0.7135 0.608027006751688 0.011 0.008252063015753939
0 0.972 0.5937734433608403 0.028 0.02175543885971493
