0 0.9856952761144377 0.3654037886340977 0.03792415169660679 0.05682951146560319
0 0.8885562208915503 0.38085742771684944 0.023286759813705923 0.03788634097706879
0 0.9291417165668663 0.4077766699900299 0.023286759813705923 0.03389830508474576
0 0.866600133067199 0.43419740777667 0.012641383898868928 0.020937188434695914
0 0.8409846972721224 0.41625124626121635 0.01330671989354624 0.018943170488534396
0 0.8349966733200266 0.40927218344965105 0.010645375914836993 0.018943170488534396
0 0.8173652694610778 0.4107676969092722 0.015302727877578177 0.01794616151545364
0 0.7514970059880239 0.386839481555334 0.03260146373918829 0.06779661016949153
0 0.6976047904191617 0.38235294117647056 0.09647371922821024 0.20638085742771686
0 0.500998003992016 0.259222333000997 0.09846972721224219 0.22532402791625125
0 -0.007318695941450432 0.37537387836490527 0.14637391882900866 0.29411764705882354
