0 0.0016666666666666668 0.2571964956195244 0.03833333333333333 0.08635794743429287
0 0.09666666666666666 0.32916145181476847 0.03833333333333333 0.07259073842302878
0 0.12333333333333334 0.30350438047559447 0.03333333333333333 0.05131414267834793
0 0.18208333333333335 0.24217772215269087 0.0275 0.05131414267834793
0 0.3458333333333333 0.2872340425531915 0.1 0.1539424280350438
0 0.3975 0.3541927409261577 0.03833333333333333 0.07008760951188986
0 0.43291666666666667 0.2909887359198999 0.025833333333333333 0.03128911138923655
0 0.47041666666666665 0.31476846057571967 0.019166666666666665 0.03629536921151439
0 0.5270833333333333 0.3541927409261577 0.015833333333333335 0.02753441802252816
0 0.5325 0.32978723404255317 0.016666666666666666 0.028785982478097622
0 0.5116666666666667 0.28848560700876097 0.018333333333333333 0.03128911138923655
0 0.5033333333333333 0.3191489361702128 0.018333333333333333 0.02753441802252816
0 0.48291666666666666 0.30287859824780977 0.015833333333333335 0.030037546933667083
0 0.5545833333333333 0.2753441802252816 0.0175 0.03504380475594493
0 0.5666666666666667 0.3448060075093867 0.015 0.026282853566958697
0 0.5816666666666667 0.32540675844806005 0.016666666666666666 0.030037546933667083
0 0.5908333333333333 0.28660826032540676 0.016666666666666666 0.02753441802252816
0 0.6391666666666667 0.29161451814768463 0.015 0.03254067584480601
0 0.6591666666666667 0.2934918648310388 0.016666666666666666 0.028785982478097622
0 0.6933333333333334 0.3072590738423029 0.015 0.028785982478097622
0 0.6866666666666666 0.2809762202753442 0.013333333333333334 0.026282853566958697
0 0.7304166666666667 0.2784730913642053 0.0175 0.03879849812265332
0 0.74875 0.27221526908635796 0.019166666666666665 0.03128911138923655
0 0.8133333333333334 0.3091364205256571 0.016666666666666666 0.02753441802252816
0 0.7420833333333333 0.14455569461827283 0.08583333333333333 0.16896120150187735
