0 0.8870162297128589 0.8291666666666667 0.06117353308364544 0.095
0 0.7347066167290887 0.76 0.046192259675405745 0.06
0 0.5642946317103621 0.685 0.05742821473158552 0.08666666666666667
0 0.7228464419475655 0.7016666666666667 0.03745318352059925 0.04666666666666667
0 0.8245942571785269 0.705 0.03620474406991261 0.04666666666666667
0 0.6192259675405742 0.7483333333333333 0.024968789013732832 0.03666666666666667
0 0.6448189762796505 0.7433333333333333 0.018726591760299626 0.03
0 0.4581772784019975 0.7408333333333333 0.062421972534332085 0.09833333333333333
0 0.3801498127340824 0.745 0.05368289637952559 0.06333333333333334
0 0.3089887640449438 0.7525 0.04868913857677903 0.058333333333333334
0 0.26841448189762795 0.7433333333333333 0.039950062421972535 0.06
0 0.23782771535580524 0.725 0.016229712858926344 0.02666666666666667
0 0.2034956304619226 0.6916666666666667 0.039950062421972535 0.06666666666666667
0 0.17415730337078653 0.7025 0.03870162297128589 0.065
0 0.08863920099875156 0.6883333333333334 0.0449438202247191 0.06666666666666667
0 0.3445692883895131 0.7225 0.0149812734082397 0.018333333333333333
