0 0.1611185086551265 0.543921916592724 0.045272969374167776 0.07808340727595386
0 0.18508655126498003 0.5505767524401065 0.037283621837549935 0.064773735581189
0 0.22270306258322237 0.5314995563442768 0.015312916111850865 0.015971606033717833
0 0.229693741677763 0.5403726708074534 0.011984021304926764 0.01774622892635315
0 0.24733688415446073 0.5332741792369121 0.011318242343541944 0.01774622892635315
0 0.6371504660452729 0.5403726708074534 0.009320905459387484 0.015971606033717833
0 0.6468042609853528 0.5612244897959183 0.009986684420772303 0.015084294587400177
0 0.27030625832223704 0.536379769299024 0.03994673768308921 0.064773735581189
0 0.2992676431424767 0.5292812777284827 0.031291611185086554 0.05412599822537711
0 0.3452063914780293 0.5567879325643301 0.031291611185086554 0.050576752440106475
0 0.38881491344873503 0.5665483584738243 0.033288948069241014 0.055900621118012424
0 0.4387483355525965 0.5408163265306123 0.02663115845539281 0.050576752440106475
0 0.4324234354194407 0.5740905057675244 0.03395472703062583 0.05323868677905945
0 0.440745672436751 0.694321206743567 0.03595206391478029 0.061224489795918366
0 0.5316245006657789 0.7111801242236024 0.031291611185086554 0.05944986690328305
0 0.4866844207723036 0.5563442768411713 0.03195739014647137 0.055013309671694766
0 0.5482689747003995 0.554569653948536 0.02996005326231691 0.04791481810115351
0 0.5945406125166445 0.5598935226264419 0.02796271637816245 0.04614019520851819
0 0.6188415446071904 0.5479148181011535 0.02596537949400799 0.04702750665483585
0 0.6674434087882823 0.5452528837622005 0.03262316910785619 0.048802129547471165
0 0.7163781624500666 0.5115350488021295 0.02929427430093209 0.048802129547471165
