0 0.04675 0.11665416354088522 0.0555 0.09827456864216054
0 0.0705 0.17554388597149287 0.059 0.1110277569392348
0 0.15125 0.19017254313578394 0.0605 0.1312828207051763
0 0.088 0.667291822955739 0.154 0.2483120780195049
0 0.30175 0.6459114778694673 0.1155 0.2220555138784696
0 0.2815 0.2760690172543136 0.062 0.14103525881470366
0 0.368 0.14516129032258066 0.05 0.09827456864216054
0 0.428 0.17929482370592648 0.061 0.10952738184546136
0 0.51425 0.21417854463615904 0.0815 0.13728432108027006
0 0.5045 0.39047261815453865 0.081 0.16579144786196548
0 0.595 0.33495873968492124 0.069 0.1417854463615904
0 0.554 0.17591897974493623 0.07 0.13278319579894973
0 0.605 0.1837959489872468 0.06 0.11702925731432859
0 0.65975 0.17779444861215304 0.0545 0.10352588147036759
0 0.7305 0.11065266316579145 0.043 0.08177044261065267
0 0.834 0.145536384096024 0.048 0.08852213053263316
0 0.79825 0.34846211552888223 0.0945 0.17629407351837958
0 0.94525 0.20817704426106526 0.0535 0.11027756939234809
0 0.80875 0.2490622655663916 0.0515 0.10352588147036759
0 0.812 0.6459114778694673 0.172 0.2595648912228057
