0 0.09333333333333334 0.2835 0.021333333333333333 0.041
0 0.083 0.28875 0.02266666666666667 0.0335
0 0.014833333333333334 0.25975 0.030333333333333334 0.0465
0 0.041833333333333333 0.43325 0.06966666666666667 0.1105
0 0.38383333333333336 0.70725 0.010333333333333333 0.0185
0 0.4136666666666667 0.73075 0.008666666666666666 0.0185
0 0.43533333333333335 0.7865 0.019333333333333334 0.034
0 0.43883333333333335 0.749 0.010333333333333333 0.018
0 0.4681666666666667 0.6215 0.009 0.013
0 0.4856666666666667 0.5695 0.006666666666666667 0.012
0 0.538 0.67175 0.036 0.0665
0 0.8228333333333333 0.22725 0.127 0.2505
