0 0.03854166666666667 0.45 0.035416666666666666 0.06444444444444444
0 0.07291666666666667 0.41555555555555557 0.027083333333333334 0.057777777777777775
0 0.184375 0.4211111111111111 0.022916666666666665 0.05555555555555555
0 0.23541666666666666 0.44333333333333336 0.03125 0.06444444444444444
0 0.13854166666666667 0.5577777777777778 0.06666666666666667 0.17333333333333334
0 0.13697916666666668 0.5577777777777778 0.06979166666666667 0.17777777777777778
0 0.3125 0.27555555555555555 0.041666666666666664 0.09333333333333334
0 0.4317708333333333 0.6633333333333333 0.08854166666666667 0.23777777777777778
0 0.7265625 0.5622222222222222 0.07395833333333333 0.16
0 0.6307291666666667 0.4811111111111111 0.06354166666666666 0.14444444444444443
0 0.3390625 0.51 0.057291666666666664 0.14444444444444443
0 0.5057291666666667 0.4 0.017708333333333333 0.04
0 0.5307291666666667 0.39 0.013541666666666667 0.03333333333333333
0 0.5510416666666667 0.39 0.016666666666666666 0.042222222222222223
0 0.5848958333333333 0.40444444444444444 0.021875 0.04888888888888889
0 0.7614583333333333 0.46 0.03958333333333333 0.09333333333333334
0 0.8052083333333333 0.41 0.03333333333333333 0.06888888888888889
0 0.915625 0.4255555555555556 0.052083333333333336 0.09111111111111111
0 0.8640625 0.41 0.026041666666666668 0.05555555555555555
0 0.5744791666666667 0.38666666666666666 0.013541666666666667 0.035555555555555556
