0 0.008802816901408451 0.6770833333333334 0.015258215962441314 0.03333333333333333
0 0.017605633802816902 0.7458333333333333 0.014084507042253521 0.029166666666666667
0 0.015258215962441314 0.6739583333333333 0.011737089201877934 0.027083333333333334
0 0.06748826291079812 0.7072916666666667 0.022300469483568074 0.04375
0 0.04225352112676056 0.7197916666666667 0.01643192488262911 0.03125
0 0.1056338028169014 0.6895833333333333 0.014084507042253521 0.025
0 0.1443661971830986 0.696875 0.011737089201877934 0.022916666666666665
0 0.15492957746478872 0.6833333333333333 0.009389671361502348 0.016666666666666666
0 0.18309859154929578 0.6760416666666667 0.009389671361502348 0.022916666666666665
0 0.2136150234741784 0.6979166666666666 0.018779342723004695 0.0375
0 0.23826291079812206 0.73125 0.014084507042253521 0.029166666666666667
0 0.30164319248826293 0.7447916666666666 0.03286384976525822 0.06875
0 0.3192488262910798 0.69375 0.01643192488262911 0.03333333333333333
0 0.3392018779342723 0.678125 0.01643192488262911 0.035416666666666666
0 0.3568075117370892 0.7239583333333334 0.02112676056338028 0.04375
0 0.37734741784037557 0.678125 0.01056338028169014 0.022916666666666665
0 0.4078638497652582 0.7677083333333333 0.03169014084507042 0.06875
0 0.42664319248826293 0.7635416666666667 0.02699530516431925 0.06041666666666667
0 0.4595070422535211 0.6989583333333333 0.01995305164319249 0.04375
0 0.5070422535211268 0.8145833333333333 0.06103286384976526 0.12083333333333333
0 0.54518779342723 0.6864583333333333 0.01995305164319249 0.035416666666666666
0 0.5856807511737089 0.703125 0.018779342723004695 0.035416666666666666
0 0.6032863849765259 0.68125 0.014084507042253521 0.029166666666666667
0 0.6232394366197183 0.703125 0.011737089201877934 0.01875
0 0.6396713615023474 0.6947916666666667 0.011737089201877934 0.027083333333333334
0 0.6555164319248826 0.696875 0.012910798122065728 0.027083333333333334
0 0.6913145539906104 0.6895833333333333 0.014084507042253521 0.025
0 0.7288732394366197 0.696875 0.014084507042253521 0.03125
0 0.755868544600939 0.6895833333333333 0.01643192488262911 0.03333333333333333
0 0.7846244131455399 0.6958333333333333 0.015258215962441314 0.029166666666666667
0 0.8327464788732394 0.7020833333333333 0.012910798122065728 0.025
0 0.8791079812206573 0.7020833333333333 0.02112676056338028 0.0375
0 0.9131455399061033 0.6979166666666666 0.018779342723004695 0.0375
0 0.9518779342723005 0.709375 0.028169014084507043 0.05625
0 0.982981220657277 0.7260416666666667 0.012910798122065728 0.027083333333333334
0 0.49295774647887325 0.703125 0.018779342723004695 0.035416666666666666
0 0.7365023474178404 0.6760416666666667 0.012910798122065728 0.022916666666666665
