0 0.0008223684210526315 0.4244791666666667 0.006761695906432748 0.015076754385964912
0 0.01023391812865497 0.4263980263157895 0.007309941520467836 0.012335526315789474
0 0.018548976608187134 0.41968201754385964 0.00932017543859649 0.013706140350877192
0 0.03234649122807018 0.43448464912280704 0.01608187134502924 0.02412280701754386
0 0.034082602339181284 0.4231085526315789 0.009685672514619883 0.01781798245614035
0 0.06094663742690058 0.41831140350877194 0.007858187134502924 0.013157894736842105
0 0.078125 0.4166666666666667 0.00932017543859649 0.015350877192982455
0 0.09137426900584796 0.41228070175438597 0.008771929824561403 0.01699561403508772
0 0.09968932748538012 0.42091557017543857 0.017361111111111112 0.02823464912280702
0 0.12436038011695906 0.41954495614035087 0.010782163742690058 0.015076754385964912
0 0.1474780701754386 0.4231085526315789 0.019371345029239765 0.032072368421052634
0 0.16063596491228072 0.41502192982456143 0.006944444444444444 0.011513157894736841
0 0.17443347953216373 0.4184484649122807 0.006396198830409356 0.010142543859649123
0 0.18457602339181287 0.4203673245614035 0.005847953216374269 0.009594298245614035
0 0.19745979532163743 0.43448464912280704 0.003472222222222222 0.006578947368421052
0 0.20367324561403508 0.421875 0.006761695906432748 0.010416666666666666
0 0.21354166666666666 0.4239309210526316 0.004568713450292397 0.007401315789473684
0 0.24205043859649122 0.4154331140350877 0.005665204678362573 0.009594298245614035
0 0.28015350877192985 0.41817434210526316 0.00804093567251462 0.013980263157894737
0 0.3284904970760234 0.4205043859649123 0.004568713450292397 0.007675438596491228
0 0.30646929824561403 0.4342105263157895 0.04203216374269006 0.06578947368421052
0 0.3508771929824561 0.4232456140350877 0.03216374269005848 0.05921052631578947
0 0.37929459064327486 0.39624451754385964 0.023940058479532164 0.0424890350877193
0 0.41136695906432746 0.41488486842105265 0.01425438596491228 0.02275219298245614
0 0.43256578947368424 0.43133223684210525 0.020833333333333332 0.03700657894736842
0 0.4498355263157895 0.4401041666666667 0.01114766081871345 0.018914473684210526
0 0.46829312865497075 0.45038377192982454 0.009685672514619883 0.01644736842105263
0 0.49396929824561403 0.4420230263157895 0.01023391812865497 0.01836622807017544
0 0.5168128654970761 0.4409265350877193 0.011330409356725146 0.019462719298245616
0 0.5571089181286549 0.42859100877192985 0.030884502923976608 0.06880482456140351
0 0.6065423976608187 0.4139254385964912 0.03508771929824561 0.05921052631578947
0 0.6491228070175439 0.44257127192982454 0.03837719298245614 0.07099780701754387
0 0.7041301169590644 0.43654057017543857 0.02448830409356725 0.04413377192982456
0 0.7153691520467836 0.44846491228070173 0.012609649122807017 0.024671052631578948
0 0.7424159356725146 0.46765350877192985 0.01516812865497076 0.0268640350877193
0 0.7552997076023392 0.46779057017543857 0.012792397660818713 0.02823464912280702
0 0.7976973684210527 0.45915570175438597 0.015716374269005847 0.0268640350877193
0 0.8126827485380117 0.45997807017543857 0.01608187134502924 0.0268640350877193
0 0.8686951754385965 0.4686129385964912 0.01663011695906433 0.02768640350877193
0 0.9155701754385965 0.44846491228070173 0.021564327485380116 0.03289473684210526
0 0.9266264619883041 0.47094298245614036 0.01882309941520468 0.030153508771929825
0 1.0004568713450293 0.45422149122807015 0.013706140350877192 0.029605263157894735
