0 0.8984741784037559 0.4739583333333333 0.0528169014084507 0.07291666666666667
0 0.8573943661971831 0.4635416666666667 0.03873239436619718 0.07291666666666667
0 0.755868544600939 0.47708333333333336 0.04460093896713615 0.07916666666666666
0 0.7758215962441315 0.42916666666666664 0.035211267605633804 0.07916666666666666
0 0.6208920187793427 0.41770833333333335 0.03990610328638498 0.07708333333333334
0 0.5029342723004695 0.4875 0.03873239436619718 0.07916666666666666
0 0.517018779342723 0.45416666666666666 0.03873239436619718 0.08333333333333333
0 0.40669014084507044 0.46770833333333334 0.03403755868544601 0.06458333333333334
0 0.318075117370892 0.4239583333333333 0.03755868544600939 0.07708333333333334
0 0.14906103286384975 0.45 0.035211267605633804 0.07916666666666666
0 0.05868544600938967 0.496875 0.03990610328638498 0.07291666666666667
0 0.005868544600938967 0.45625 0.03286384976525822 0.075
0 0.6643192488262911 0.44895833333333335 0.028169014084507043 0.05625
0 0.7077464788732394 0.44583333333333336 0.03051643192488263 0.05
0 0.7552816901408451 0.33229166666666665 0.01995305164319249 0.04375
0 0.426056338028169 0.3489583333333333 0.023474178403755867 0.05625
0 0.9788732394366197 0.41875 0.03051643192488263 0.05416666666666667
0 1.005281690140845 0.45729166666666665 0.02699530516431925 0.06041666666666667
0 0.9254694835680751 0.44479166666666664 0.029342723004694836 0.04791666666666667
