0 0.18416666666666667 0.6351766513056836 0.035 0.0445468509984639
0 0.24833333333333332 0.6474654377880185 0.03666666666666667 0.03533026113671275
0 0.3075 0.6390168970814132 0.03166666666666667 0.03686635944700461
0 0.31416666666666665 0.5990783410138248 0.03166666666666667 0.03686635944700461
0 0.38083333333333336 0.620583717357911 0.025 0.030721966205837174
0 0.44166666666666665 0.630568356374808 0.03333333333333333 0.041474654377880185
0 0.5466666666666666 0.6344086021505376 0.03 0.03379416282642089
0 0.6083333333333333 0.619815668202765 0.03 0.03533026113671275
0 0.6725 0.6244239631336406 0.028333333333333332 0.03225806451612903
0 0.715 0.6274961597542242 0.02666666666666667 0.03533026113671275
0 0.6266666666666667 0.5998463901689708 0.03 0.03225806451612903
0 0.4875 0.6006144393241167 0.028333333333333332 0.03686635944700461
0 0.5441666666666667 0.6044546850998463 0.025 0.029185867895545316
0 0.43416666666666665 0.598310291858679 0.028333333333333332 0.03225806451612903
0 0.35 0.5990783410138248 0.03 0.03379416282642089
0 0.39666666666666667 0.5199692780337941 0.023333333333333334 0.02304147465437788
0 0.47583333333333333 0.5253456221198156 0.021666666666666667 0.027649769585253458
0 0.5583333333333333 0.5268817204301075 0.02666666666666667 0.027649769585253458
0 0.6066666666666667 0.5307219662058372 0.023333333333333334 0.026113671274961597
