0 0.08740234375 0.12984218077474893 0.1123046875 0.1793400286944046
0 0.33447265625 0.1994261119081779 0.0771484375 0.1492109038737446
0 0.39404296875 0.17360114777618366 0.0439453125 0.08034433285509325
0 0.4580078125 0.22955523672883787 0.09765625 0.20086083213773315
0 0.5439453125 0.21305595408895264 0.046875 0.09325681492109039
0 0.59423828125 0.22453371592539456 0.0419921875 0.0703012912482066
0 0.66796875 0.20229555236728838 0.052734375 0.0975609756097561
0 0.732421875 0.2309899569583931 0.0546875 0.08608321377331421
0 0.845703125 0.2073170731707317 0.064453125 0.12482065997130559
0 0.95166015625 0.2109038737446198 0.0830078125 0.13773314203730272
0 0.94677734375 0.2783357245337159 0.0517578125 0.08321377331420372
