0 0.36354166666666665 0.36319444444444443 0.022916666666666665 0.0375
0 0.378125 0.38055555555555554 0.01875 0.03333333333333333
0 0.434375 0.3625 0.022916666666666665 0.03333333333333333
0 0.46979166666666666 0.3659722222222222 0.022916666666666665 0.0375
0 0.4979166666666667 0.3861111111111111 0.016666666666666666 0.03333333333333333
0 0.5317708333333333 0.4013888888888889 0.021875 0.03333333333333333
0 0.5671875 0.39166666666666666 0.021875 0.03611111111111111
0 0.5963541666666666 0.38819444444444445 0.021875 0.04027777777777778
0 0.6296875 0.4013888888888889 0.015625 0.027777777777777776
0 0.6447916666666667 0.38819444444444445 0.022916666666666665 0.02638888888888889
0 0.6765625 0.3923611111111111 0.017708333333333333 0.034722222222222224
0 0.6973958333333333 0.3770833333333333 0.021875 0.03194444444444444
0 0.7427083333333333 0.37569444444444444 0.022916666666666665 0.0375
0 0.7567708333333333 0.425 0.023958333333333335 0.03888888888888889
0 0.8083333333333333 0.4201388888888889 0.029166666666666667 0.034722222222222224
0 0.8364583333333333 0.42916666666666664 0.020833333333333332 0.03333333333333333
0 0.8635416666666667 0.4222222222222222 0.027083333333333334 0.04722222222222222
0 0.915625 0.42430555555555555 0.025 0.034722222222222224
0 0.9354166666666667 0.4361111111111111 0.022916666666666665 0.041666666666666664
0 1.0109375 0.45555555555555555 0.019791666666666666 0.027777777777777776
0 1.0046875 0.6277777777777778 0.05520833333333333 0.2833333333333333
0 0.9661458333333334 0.49583333333333335 0.026041666666666668 0.03888888888888889
0 0.9651041666666667 0.5270833333333333 0.030208333333333334 0.05138888888888889
0 0.9203125 0.5534722222222223 0.03229166666666667 0.05138888888888889
0 0.909375 0.5229166666666667 0.03333333333333333 0.04583333333333333
0 0.8302083333333333 0.5423611111111111 0.027083333333333334 0.04583333333333333
0 0.8005208333333333 0.49375 0.030208333333333334 0.05138888888888889
0 0.7838541666666666 0.46458333333333335 0.021875 0.0375
0 0.7432291666666667 0.4618055555555556 0.030208333333333334 0.04583333333333333
0 0.7598958333333333 0.49930555555555556 0.028125 0.05138888888888889
0 0.7385416666666667 0.5055555555555555 0.029166666666666667 0.04722222222222222
0 0.7598958333333333 0.5666666666666667 0.03854166666666667 0.06944444444444445
0 0.6875 0.4423611111111111 0.025 0.04027777777777778
0 0.6916666666666667 0.4 0.022916666666666665 0.041666666666666664
0 0.6552083333333333 0.4673611111111111 0.03125 0.05694444444444444
0 0.6848958333333334 0.5048611111111111 0.030208333333333334 0.04861111111111111
0 0.6692708333333334 0.6118055555555556 0.040625 0.0625
0 0.60625 0.5756944444444444 0.03333333333333333 0.043055555555555555
0 0.6135416666666667 0.5 0.03125 0.05277777777777778
0 0.6322916666666667 0.42916666666666664 0.025 0.041666666666666664
0 0.5854166666666667 0.5006944444444444 0.022916666666666665 0.04027777777777778
0 0.5854166666666667 0.4423611111111111 0.022916666666666665 0.04027777777777778
0 0.6005208333333333 0.42083333333333334 0.026041666666666668 0.03888888888888889
0 0.5473958333333333 0.4048611111111111 0.021875 0.034722222222222224
0 0.5020833333333333 0.42777777777777776 0.020833333333333332 0.03611111111111111
0 0.5697916666666667 0.48333333333333334 0.01875 0.03888888888888889
0 0.5515625 0.5118055555555555 0.026041666666666668 0.04861111111111111
0 0.5359375 0.55625 0.03229166666666667 0.04027777777777778
0 0.5770833333333333 0.5909722222222222 0.03958333333333333 0.059722222222222225
0 0.4901041666666667 0.5611111111111111 0.034375 0.06388888888888888
0 0.4953125 0.5138888888888888 0.028125 0.044444444444444446
0 0.5338541666666666 0.4861111111111111 0.021875 0.044444444444444446
0 0.49322916666666666 0.4708333333333333 0.030208333333333334 0.044444444444444446
0 0.4661458333333333 0.45208333333333334 0.023958333333333335 0.043055555555555555
0 0.45416666666666666 0.4875 0.03125 0.04722222222222222
0 0.43072916666666666 0.4875 0.026041666666666668 0.044444444444444446
0 0.440625 0.5298611111111111 0.03125 0.05138888888888889
0 0.41354166666666664 0.575 0.03333333333333333 0.05277777777777778
0 0.39739583333333334 0.4798611111111111 0.026041666666666668 0.043055555555555555
0 0.4109375 0.44027777777777777 0.026041666666666668 0.041666666666666664
0 0.4583333333333333 0.4048611111111111 0.020833333333333332 0.0375
0 0.4276041666666667 0.3861111111111111 0.023958333333333335 0.041666666666666664
0 0.3703125 0.41597222222222224 0.023958333333333335 0.04027777777777778
0 0.35208333333333336 0.4965277777777778 0.025 0.0375
0 0.33177083333333335 0.47291666666666665 0.030208333333333334 0.04583333333333333
0 0.321875 0.45625 0.029166666666666667 0.043055555555555555
0 0.34270833333333334 0.45555555555555555 0.020833333333333332 0.030555555555555555
0 0.315625 0.4375 0.025 0.03888888888888889
0 0.309375 0.5826388888888889 0.03333333333333333 0.05138888888888889
0 0.31354166666666666 0.5069444444444444 0.035416666666666666 0.05
0 0.2838541666666667 0.39652777777777776 0.019791666666666666 0.03194444444444444
0 0.2869791666666667 0.43472222222222223 0.021875 0.03611111111111111
0 0.2703125 0.4131944444444444 0.019791666666666666 0.029166666666666667
0 0.2765625 0.43333333333333335 0.021875 0.03333333333333333
0 0.26614583333333336 0.4652777777777778 0.034375 0.05
0 0.2765625 0.4840277777777778 0.021875 0.029166666666666667
0 0.24010416666666667 0.44513888888888886 0.023958333333333335 0.0375
0 0.228125 0.43472222222222223 0.025 0.03888888888888889
0 0.2359375 0.41875 0.023958333333333335 0.0375
0 0.246875 0.5263888888888889 0.035416666666666666 0.05555555555555555
0 0.228125 0.5375 0.027083333333333334 0.04722222222222222
0 0.2140625 0.45694444444444443 0.028125 0.044444444444444446
0 0.18541666666666667 0.4486111111111111 0.025 0.03611111111111111
0 0.20260416666666667 0.4027777777777778 0.019791666666666666 0.03888888888888889
0 0.16666666666666666 0.40208333333333335 0.020833333333333332 0.034722222222222224
0 0.1484375 0.40208333333333335 0.023958333333333335 0.043055555555555555
0 0.16458333333333333 0.47638888888888886 0.025 0.03888888888888889
0 0.1859375 0.55625 0.028125 0.05138888888888889
0 0.15260416666666668 0.575 0.036458333333333336 0.05
0 0.096875 0.5506944444444445 0.035416666666666666 0.05416666666666667
0 0.06302083333333333 0.5673611111111111 0.03229166666666667 0.05416666666666667
0 0.025520833333333333 0.5875 0.030208333333333334 0.05277777777777778
0 0.0015625 0.5055555555555555 0.023958333333333335 0.041666666666666664
0 0.027604166666666666 0.5097222222222222 0.03229166666666667 0.05277777777777778
0 0.0484375 0.4583333333333333 0.03229166666666667 0.05
0 0.09114583333333333 0.4736111111111111 0.026041666666666668 0.04722222222222222
0 0.10572916666666667 0.4798611111111111 0.017708333333333333 0.03194444444444444
0 0.09114583333333333 0.43333333333333335 0.021875 0.03888888888888889
0 0.8541666666666666 0.5409722222222222 0.03958333333333333 0.0763888888888889
