0 0.06111111111111111 0.5108974358974359 0.13247863247863248 0.28076923076923077
0 0.10042735042735043 0.1294871794871795 0.07777777777777778 0.13333333333333333
0 0.18675213675213675 0.08846153846153847 0.029914529914529916 0.05641025641025641
0 0.2658119658119658 0.2230769230769231 0.07863247863247863 0.14871794871794872
0 0.4111111111111111 0.14358974358974358 0.09572649572649573 0.20256410256410257
0 0.5017094017094017 0.09166666666666666 0.03247863247863248 0.05
0 0.5598290598290598 0.09487179487179487 0.02564102564102564 0.04871794871794872
0 0.6542735042735043 0.12371794871794872 0.03333333333333333 0.057692307692307696
0 0.6811965811965812 0.07692307692307693 0.03247863247863248 0.05384615384615385
0 0.7384615384615385 0.12692307692307692 0.02564102564102564 0.05128205128205128
0 0.5329059829059829 0.3474358974358974 0.09145299145299145 0.19230769230769232
0 0.6799145299145299 0.28717948717948716 0.09145299145299145 0.18461538461538463
0 0.7303418803418803 0.26153846153846155 0.06923076923076923 0.12051282051282051
0 0.7756410256410257 0.1064102564102564 0.05042735042735043 0.07948717948717948
0 0.8452991452991453 0.08141025641025641 0.06666666666666667 0.12179487179487179
0 0.8829059829059829 0.13397435897435897 0.08717948717948718 0.15512820512820513
0 0.9346153846153846 0.14871794871794872 0.023076923076923078 0.046153846153846156
0 0.773931623931624 0.7467948717948718 0.18717948717948718 0.2935897435897436
