0 0.9164174144233965 0.4462025316455696 0.0322366234629445 0.07341772151898734
0 0.8492854769026255 0.4509493670886076 0.031571950814223995 0.07151898734177216
0 0.7917912927883017 0.4291139240506329 0.028913260219341975 0.06455696202531645
0 0.7678630774343636 0.46962025316455697 0.02824858757062147 0.0670886075949367
0 0.7017281488866733 0.5265822784810127 0.03090727816550349 0.05949367088607595
0 0.7156862745098039 0.414873417721519 0.026919242273180457 0.06265822784810127
0 0.7042206713193752 0.3357594936708861 0.026586905948820207 0.06518987341772152
0 0.6291126620139581 0.4911392405063291 0.029245596543702228 0.0670886075949367
0 0.6425722831505484 0.40253164556962023 0.02558989697573945 0.0620253164556962
0 0.6025257560651379 0.4107594936708861 0.022598870056497175 0.05822784810126582
0 0.5501827849783981 0.49778481012658227 0.02957793286806248 0.07151898734177216
0 0.5240943835161183 0.40189873417721517 0.02459288800265869 0.05949367088607595
0 0.49401794616151545 0.48575949367088606 0.027583914921900963 0.06772151898734177
0 0.46792954469923564 0.6534810126582279 0.025257560651379195 0.06265822784810127
0 0.46311066799601197 0.4 0.024260551678298437 0.05949367088607595
0 0.4101030242605517 0.4205696202531646 0.02326354270521768 0.05379746835443038
0 0.4350282485875706 0.4829113924050633 0.030574941841143236 0.06582278481012659
0 0.385510136257893 0.6439873417721519 0.02725157859754071 0.06392405063291139
0 0.3587570621468927 0.40917721518987343 0.022931206380857428 0.05759493670886076
0 0.3762047191758059 0.48481012658227846 0.028580923894981722 0.0670886075949367
0 0.3306746427384513 0.4927215189873418 0.02725157859754071 0.06265822784810127
0 0.3020937188434696 0.43132911392405066 0.023928215353938187 0.060126582278481014
0 0.3173811897640412 0.6389240506329114 0.025257560651379195 0.0689873417721519
0 0.2775008308408109 0.48322784810126584 0.025257560651379195 0.06139240506329114
0 0.23429710867397807 0.5873417721518988 0.03256895978730475 0.07468354430379746
0 0.23313393153871717 0.49588607594936707 0.02824858757062147 0.06392405063291139
0 0.2376204719175806 0.425 0.023928215353938187 0.05759493670886076
0 0.19225656364240612 0.42278481012658226 0.024925224327018942 0.060759493670886074
0 0.1606846128281821 0.4930379746835443 0.027583914921900963 0.06962025316455696
0 0.11997341309405118 0.4224683544303797 0.026586905948820207 0.06265822784810127
0 0.06596876038551014 0.44018987341772153 0.026919242273180457 0.06645569620253164
