0 0.059444444444444446 0.9337641357027464 0.01 0.012924071082390954
0 0.08555555555555555 0.9571890145395799 0.013333333333333334 0.0210016155088853
0 0.13833333333333334 0.9378029079159935 0.012222222222222223 0.017770597738287562
0 0.18666666666666668 0.9402261712439418 0.006666666666666667 0.012924071082390954
0 0.06444444444444444 0.9531502423263328 0.013333333333333334 0.022617124394184167
0 0.06444444444444444 0.9507269789983845 0.015555555555555555 0.0210016155088853
0 0.235 0.9507269789983845 0.021111111111111112 0.06623586429725363
0 0.2461111111111111 0.9378029079159935 0.0077777777777777776 0.011308562197092083
0 0.2827777777777778 0.9515347334410339 0.01888888888888889 0.035541195476575124
0 0.3055555555555556 0.9297253634894992 0.011111111111111112 0.017770597738287562
0 0.37277777777777776 0.9353796445880452 0.012222222222222223 0.022617124394184167
0 0.43833333333333335 0.9571890145395799 0.01 0.0210016155088853
0 0.48055555555555557 0.9273021001615509 0.0077777777777777776 0.009693053311793215
0 0.5 0.9289176090468497 0.006666666666666667 0.009693053311793215
0 0.5194444444444445 0.9248788368336026 0.005555555555555556 0.011308562197092083
0 0.5066666666666667 0.9289176090468497 0.008888888888888889 0.012924071082390954
0 0.5255555555555556 0.9466882067851373 0.011111111111111112 0.05815831987075929
0 0.5655555555555556 0.9418416801292407 0.013333333333333334 0.01615508885298869
0 0.6161111111111112 0.9240710823909531 0.01 0.01615508885298869
0 0.65 0.931340872374798 0.008888888888888889 0.017770597738287562
0 0.7138888888888889 0.9725363489499192 0.03 0.13247172859450726
0 0.7444444444444445 0.9192245557350566 0.008888888888888889 0.012924071082390954
0 0.7872222222222223 0.9224555735056543 0.01 0.01615508885298869
0 0.8438888888888889 0.9046849757673667 0.01 0.01615508885298869
0 0.8961111111111111 0.9184168012924071 0.014444444444444444 0.0210016155088853
0 0.9144444444444444 0.9022617124394184 0.011111111111111112 0.017770597738287562
0 0.9827777777777778 0.9022617124394184 0.01 0.014539579967689823
