0 0.16831140350877194 0.4675164473684211 0.06030701754385965 0.12527412280701755
0 0.2166483918128655 0.4290021929824561 0.08095760233918128 0.1474780701754386
0 0.2501827485380117 0.2811129385964912 0.06907894736842106 0.14720394736842105
0 0.33068347953216376 0.5918311403508771 0.0762061403508772 0.12390350877192982
0 0.3628472222222222 0.3984375 0.06341374269005848 0.11650219298245613
0 0.3315972222222222 0.3140076754385965 0.05025584795321637 0.0956688596491228
0 0.389437134502924 0.37733004385964913 0.05043859649122807 0.11101973684210527
0 0.4357638888888889 0.2786458333333333 0.054276315789473686 0.1006030701754386
0 0.44371345029239767 0.38007127192982454 0.06798245614035088 0.09018640350877193
0 0.4620796783625731 0.4713541666666667 0.0626827485380117 0.11595394736842106
0 0.4834612573099415 0.5856633771929824 0.07474415204678363 0.10389254385964912
0 0.5212902046783626 0.23739035087719298 0.05610380116959064 0.125
0 0.5197368421052632 0.23766447368421054 0.06067251461988304 0.12664473684210525
0 0.5548245614035088 0.12924890350877194 0.061769005847953216 0.11650219298245613
0 0.5851608187134503 0.45093201754385964 0.07090643274853801 0.10800438596491228
0 0.6629203216374269 0.4447642543859649 0.054276315789473686 0.0962171052631579
0 0.6811038011695907 0.20778508771929824 0.05482456140350877 0.11019736842105263
0 0.7715643274853801 0.3763706140350877 0.05263157894736842 0.10855263157894737
0 0.7928545321637427 0.3033168859649123 0.05939327485380117 0.10553728070175439
