0 0.20807692307692308 0.48798328108672934 0.014615384615384615 0.025078369905956112
0 0.21961538461538463 0.48380355276907 0.01 0.014629049111807733
0 0.25769230769230766 0.5 0.009230769230769232 0.011494252873563218
0 0.26076923076923075 0.5015673981191222 0.006153846153846154 0.008359456635318705
0 0.2773076923076923 0.5015673981191222 0.006923076923076923 0.008359456635318705
0 0.28884615384615386 0.49111807732497387 0.006923076923076923 0.01044932079414838
0 0.34307692307692306 0.49268547544409613 0.007692307692307693 0.013584117032392894
0 0.39153846153846156 0.4895506792058516 0.009230769230769232 0.013584117032392894
0 0.41307692307692306 0.49634273772204807 0.009230769230769232 0.014629049111807733
0 0.4269230769230769 0.4864158829676071 0.015384615384615385 0.0219435736677116
0 0.44653846153846155 0.4952978056426332 0.014615384615384615 0.01671891327063741
0 0.485 0.5219435736677116 0.011538461538461539 0.017763845350052248
0 0.5230769230769231 0.4373040752351097 0.024615384615384615 0.042842215256008356
0 0.6865384615384615 0.4561128526645768 0.02846153846153846 0.04493207941483804
