0 0.594970703125 0.5957284515636918 0.04638671875 0.07780320366132723
0 0.6015625 0.5366132723112128 0.0078125 0.011441647597254004
0 0.51123046875 0.53813882532418 0.0078125 0.014492753623188406
0 0.529296875 0.5404271548436308 0.0078125 0.011441647597254004
0 0.552490234375 0.5148741418764302 0.00634765625 0.010678871090770405
0 0.493408203125 0.5225019069412662 0.00537109375 0.007627765064836003
0 0.50341796875 0.5198321891685737 0.005859375 0.009916094584286803
0 0.51806640625 0.507627765064836 0.0068359375 0.008390541571319604
0 0.531494140625 0.5129672006102212 0.00634765625 0.011441647597254004
0 0.499267578125 0.4862700228832952 0.00439453125 0.008390541571319604
0 0.50390625 0.4843630816170862 0.0048828125 0.009153318077803204
0 0.512939453125 0.4832189168573608 0.00537109375 0.009916094584286803
0 0.540283203125 0.469488939740656 0.00439453125 0.008390541571319604
0 0.42041015625 0.5423340961098398 0.0068359375 0.013729977116704805
0 0.439208984375 0.4652936689549962 0.00439453125 0.007627765064836003
0 0.461669921875 0.4801678108314264 0.00537109375 0.008390541571319604
0 0.465087890625 0.4576659038901602 0.00439453125 0.006102212051868803
0 0.46923828125 0.45156369183829137 0.00390625 0.006102212051868803
0 0.49951171875 0.43935926773455375 0.0048828125 0.007627765064836003
0 0.274169921875 0.5183066361556065 0.00732421875 0.009916094584286803
0 0.2724609375 0.5083905415713196 0.005859375 0.009916094584286803
0 0.28076171875 0.5030511060259344 0.0068359375 0.011441647597254004
0 0.3095703125 0.5102974828375286 0.0068359375 0.010678871090770405
0 0.31689453125 0.4786422578184592 0.005859375 0.011441647597254004
0 0.324951171875 0.4797864225781846 0.00634765625 0.010678871090770405
0 0.3310546875 0.4862700228832952 0.005859375 0.009916094584286803
0 0.350830078125 0.37986270022883295 0.00341796875 0.004576659038901602
0 0.273193359375 0.36231884057971014 0.00244140625 0.004576659038901602
0 0.50048828125 0.4405034324942792 0.00390625 0.006864988558352402
