0 1.005859375 0.4546120058565154 0.041015625 0.08345534407027819
0 0.98779296875 0.39970717423133234 0.0380859375 0.07613469985358712
0 0.923828125 0.41654465592972184 0.041015625 0.0746705710102489
0 0.8974609375 0.445095168374817 0.03125 0.055636896046852125
0 0.87841796875 0.4084919472913616 0.0322265625 0.06442166910688141
0 0.78466796875 0.41874084919472915 0.0380859375 0.05856515373352855
0 0.8017578125 0.42825768667642755 0.02734375 0.060029282576866766
0 0.69091796875 0.4465592972181552 0.0322265625 0.06442166910688141
0 0.67822265625 0.46266471449487556 0.0263671875 0.043923865300146414
0 0.55517578125 0.4458272327964861 0.0244140625 0.05124450951683748
0 0.56298828125 0.40263543191800877 0.0263671875 0.04978038067349927
0 0.51806640625 0.44216691068814057 0.0263671875 0.043923865300146414
0 0.4873046875 0.41874084919472915 0.025390625 0.040995607613469986
0 0.48779296875 0.4480234260614934 0.0263671875 0.04685212298682284
0 0.4423828125 0.4538799414348463 0.0234375 0.043923865300146414
0 0.41552734375 0.4575402635431918 0.0263671875 0.0424597364568082
0 0.35595703125 0.44875549048316254 0.0224609375 0.03074670571010249
0 0.2587890625 0.4341142020497804 0.021484375 0.036603221083455345
0 0.2392578125 0.43704245973645683 0.017578125 0.03074670571010249
0 0.16455078125 0.40263543191800877 0.0244140625 0.040995607613469986
0 0.0703125 0.3967789165446559 0.01953125 0.040995607613469986
0 0.08203125 0.40043923865300146 0.015625 0.03367496339677892
