0 0.0195 0.7301349325337332 0.007 0.01199400299850075
0 0.048 0.7616191904047976 0.016 0.029985007496251874
0 0.062 0.7481259370314842 0.022 0.03298350824587706
0 0.133 0.7548725637181409 0.02 0.031484257871064465
0 0.186 0.7631184407796102 0.018 0.026986506746626688
0 0.2225 0.787856071964018 0.013 0.019490254872563718
0 0.2385 0.7586206896551724 0.021 0.035982008995502246
0 0.263 0.7563718140929535 0.024 0.034482758620689655
0 0.3015 0.7466266866566716 0.021 0.03298350824587706
0 0.288 0.7353823088455772 0.012 0.025487256371814093
0 0.338 0.739880059970015 0.022 0.04047976011994003
0 0.3815 0.7571214392803598 0.021 0.035982008995502246
0 0.428 0.739880059970015 0.012 0.022488755622188907
0 0.453 0.7301349325337332 0.008 0.008995502248875561
0 0.462 0.7263868065967016 0.006 0.010494752623688156
0 0.4825 0.7383808095952024 0.011 0.019490254872563718
0 0.5085 0.7451274362818591 0.013 0.020989505247376312
0 0.502 0.7271364317841079 0.012 0.0239880059970015
0 0.511 0.7316341829085458 0.01 0.017991004497751123
0 0.5625 0.7353823088455772 0.007 0.010494752623688156
0 0.5345 0.7293853073463268 0.005 0.0074962518740629685
0 0.55 0.7346326836581709 0.006 0.008995502248875561
0 0.577 0.7278860569715142 0.004 0.0074962518740629685
0 0.5915 0.7278860569715142 0.003 0.004497751124437781
0 0.6005 0.7271364317841079 0.005 0.005997001499250375
0 0.6435 0.7578710644677661 0.017 0.031484257871064465
0 0.6805 0.7391304347826086 0.021 0.041979010494752625
0 0.697 0.8395802098950524 0.02 0.029985007496251874
0 0.725 0.7203898050974513 0.02 0.031484257871064465
0 0.743 0.7691154422788605 0.032 0.05697151424287856
0 0.7785 0.7563718140929535 0.011 0.01649175412293853
0 0.4135 0.7368815592203898 0.009 0.013493253373313344
0 0.403 0.7368815592203898 0.008 0.013493253373313344
0 0.543 0.7391304347826086 0.006 0.01199400299850075
0 0.8075 0.7338830584707646 0.011 0.01649175412293853
0 0.81 0.7473763118440779 0.016 0.031484257871064465
0 0.8495 0.7361319340329835 0.019 0.03298350824587706
0 0.8825 0.739880059970015 0.011 0.019490254872563718
0 0.913 0.7338830584707646 0.018 0.031484257871064465
0 0.9585 0.8268365817091454 0.075 0.13943028485757122
0 0.968 0.7458770614692654 0.018 0.031484257871064465
