0 0.09 0.2348326359832636 0.04461538461538461 0.05753138075313807
0 0.1596153846153846 0.37343096234309625 0.04384615384615385 0.06276150627615062
0 0.2673076923076923 0.36506276150627615 0.040769230769230766 0.06485355648535565
0 0.3457692307692308 0.34205020920502094 0.031538461538461536 0.0502092050209205
0 0.2776923076923077 0.23744769874476987 0.04 0.06694560669456066
0 0.2026923076923077 0.2405857740585774 0.03461538461538462 0.04602510460251046
0 0.49615384615384617 0.24110878661087867 0.04461538461538461 0.08054393305439331
0 0.5384615384615384 0.2594142259414226 0.033846153846153845 0.05230125523012552
0 0.7476923076923077 0.2719665271966527 0.036923076923076927 0.05439330543933055
0 0.6988461538461539 0.2557531380753138 0.02846153846153846 0.04707112970711297
0 0.7480769230769231 0.2719665271966527 0.036153846153846154 0.056485355648535567
0 0.7473076923076923 0.2730125523012552 0.03461538461538462 0.05230125523012552
0 0.9057692307692308 0.23064853556485357 0.04384615384615385 0.06171548117154812
