0 0.0912571225071225 0.359375 0.0446937321937322 0.08360042735042734
0 0.20076566951566951 0.35189636752136755 0.037571225071225074 0.08199786324786325
0 0.24955484330484332 0.38675213675213677 0.04504985754985755 0.08867521367521368
0 0.3316417378917379 0.39302884615384615 0.03828347578347578 0.07131410256410256
0 0.36324786324786323 0.3954326923076923 0.039886039886039885 0.07825854700854701
0 0.3959223646723647 0.37219551282051283 0.03187321937321937 0.06276709401709402
0 0.46073717948717946 0.36792200854700857 0.04042022792022792 0.08680555555555555
0 0.5766559829059829 0.37433226495726496 0.042200854700854704 0.07879273504273504
0 0.6523326210826211 0.375400641025641 0.042556980056980054 0.0686431623931624
0 0.7102920227920227 0.3766025641025641 0.044515669515669515 0.08547008547008547
0 0.7952279202279202 0.3782051282051282 0.0438034188034188 0.08440170940170941
0 0.9313568376068376 0.3404113247863248 0.040776353276353275 0.07612179487179487
0 0.15722934472934472 0.328258547008547 0.0349002849002849 0.06356837606837606
0 0.11351495726495726 0.3247863247863248 0.03579059829059829 0.06356837606837606
0 0.11333689458689458 0.2686965811965812 0.03258547008547009 0.06303418803418803
0 0.18233618233618235 0.25974893162393164 0.030982905982905984 0.05261752136752137
0 0.21358618233618235 0.29954594017094016 0.028311965811965812 0.055288461538461536
0 0.2625534188034188 0.31984508547008544 0.029736467236467237 0.06704059829059829
0 0.24074074074074073 0.2565438034188034 0.027065527065527065 0.04941239316239316
0 0.28596866096866097 0.28018162393162394 0.02849002849002849 0.053418803418803416
0 0.27323717948717946 0.23691239316239315 0.027243589743589744 0.049145299145299144
0 0.33956552706552706 0.24412393162393162 0.021723646723646725 0.04807692307692308
0 0.3556801994301994 0.2485309829059829 0.030448717948717948 0.058493589743589744
0 0.36351495726495725 0.3020833333333333 0.034722222222222224 0.06677350427350427
0 0.4042022792022792 0.24172008547008547 0.026353276353276354 0.046474358974358976
0 0.4358084045584046 0.23918269230769232 0.02475071225071225 0.04620726495726496
0 0.47150997150997154 0.29780982905982906 0.03632478632478633 0.06517094017094018
0 0.47676282051282054 0.24479166666666666 0.03400997150997151 0.05689102564102564
0 0.49572649572649574 0.26175213675213677 0.024572649572649572 0.05502136752136752
0 0.5187856125356125 0.2512019230769231 0.027955840455840455 0.05742521367521367
0 0.5532407407407407 0.29460470085470086 0.04024216524216524 0.06837606837606838
0 0.5870726495726496 0.2759081196581197 0.0316951566951567 0.05822649572649573
0 0.5662393162393162 0.2423878205128205 0.028846153846153848 0.06116452991452991
0 0.6335470085470085 0.2482638888888889 0.032407407407407406 0.054754273504273504
0 0.6499287749287749 0.29927884615384615 0.038105413105413107 0.07184829059829059
0 0.7178596866096866 0.27510683760683763 0.03222934472934473 0.05982905982905983
0 0.7443910256410257 0.312900641025641 0.03935185185185185 0.07291666666666667
0 0.8105413105413105 0.25961538461538464 0.030982905982905984 0.06356837606837606
0 0.8311965811965812 0.31316773504273504 0.03668091168091168 0.07238247863247864
