0 0.18636363636363637 0.44431818181818183 0.12727272727272726 0.24772727272727274
0 0.671969696969697 0.36818181818181817 0.18333333333333332 0.33181818181818185
0 0.5378787878787878 0.4681818181818182 0.13636363636363635 0.2772727272727273
0 0.8962121212121212 0.10795454545454546 0.13787878787878788 0.225
0 0.7295454545454545 0.1 0.07424242424242425 0.13636363636363635
0 0.7742424242424243 0.1125 0.048484848484848485 0.11136363636363636
0 0.23333333333333334 0.07386363636363637 0.08181818181818182 0.15681818181818183
0 0.39924242424242423 0.03068181818181818 0.07424242424242425 0.12045454545454545
0 0.5234848484848484 0.053409090909090906 0.06515151515151515 0.10681818181818181
0 0.2909090909090909 0.056818181818181816 0.03636363636363636 0.05909090909090909
0 0.1340909090909091 0.12272727272727273 0.022727272727272728 0.04090909090909091
