0 0.0546875 0.5157163742690059 0.03919956140350877 0.0577485380116959
0 0.1377467105263158 0.6535087719298246 0.04139254385964912 0.06578947368421052
0 0.15899122807017543 0.49707602339181284 0.04057017543859649 0.07090643274853801
0 0.25164473684210525 0.6648391812865497 0.020833333333333332 0.03508771929824561
0 0.26452850877192985 0.5263157894736842 0.02905701754385965 0.043859649122807015
0 0.4139254385964912 0.7320906432748538 0.03892543859649123 0.04751461988304093
0 0.40597587719298245 0.4692982456140351 0.039473684210526314 0.06871345029239766
0 0.44366776315789475 0.5206505847953217 0.028782894736842105 0.04568713450292398
0 0.5253563596491229 0.6778143274853801 0.02549342105263158 0.039108187134502925
0 0.6019736842105263 0.5155336257309941 0.03673245614035088 0.05592105263157895
0 0.6703673245614035 0.6423611111111112 0.029331140350877194 0.041301169590643276
0 0.7347861842105263 0.5272295321637427 0.026041666666666668 0.047149122807017545
0 0.7953673245614035 0.518640350877193 0.014528508771929825 0.027777777777777776
