0 0.19888029858704345 0.10216919739696312 0.022394028259130897 0.05336225596529284
0 0.29138896294321515 0.16247288503253796 0.02079445481205012 0.04468546637744035
0 0.3460410557184751 0.1436008676789588 0.03039189549453479 0.062472885032537964
0 0.37043455078645693 0.1750542299349241 0.019461476939482806 0.0420824295010846
0 0.43548387096774194 0.1982646420824295 0.021061050386563585 0.03383947939262473
0 0.46347640629165554 0.1947939262472885 0.016795521194348174 0.039045553145336226
0 0.49293521727539324 0.20216919739696312 0.026659557451346308 0.04945770065075922
0 0.391762196747534 0.25010845986984814 0.04612103439082911 0.09327548806941431
0 0.530258597707278 0.21887201735357917 0.030925086643561715 0.06550976138828633
0 0.5597174086910157 0.26941431670281996 0.04078912290055985 0.09804772234273319
0 0.6075713143161824 0.3030368763557484 0.06451612903225806 0.1245119305856833
0 0.6806185017328712 0.28026030368763555 0.06611570247933884 0.13535791757049892
0 0.4002932551319648 0.182646420824295 0.016795521194348174 0.041648590021691974
0 0.4268195147960544 0.1646420824295011 0.01652892561983471 0.03600867678958785
0 0.39122900559850704 0.2507592190889371 0.04398826979472141 0.08676789587852494
0 0.30365235937083446 0.1281995661605206 0.010663822980538524 0.02212581344902386
