0 0.08644222020018198 0.7028571428571428 0.02183803457688808 0.03428571428571429
0 0.02684258416742493 0.7007142857142857 0.02456778889899909 0.04428571428571428
0 0.24931756141947226 0.725 0.02183803457688808 0.041428571428571426
0 0.2515923566878981 0.7085714285714285 0.03002729754322111 0.045714285714285714
0 0.42174704276615105 0.8221428571428572 0.020928116469517744 0.03571428571428571
0 0.49044585987261147 0.8335714285714285 0.020018198362147407 0.032857142857142856
0 0.5559599636032757 0.8271428571428572 0.02183803457688808 0.037142857142857144
0 0.5659690627843494 0.82 0.02183803457688808 0.037142857142857144
0 0.5018198362147407 0.6835714285714286 0.015468607825295723 0.03571428571428571
0 0.5614194722474978 0.6942857142857143 0.020018198362147407 0.037142857142857144
0 0.6369426751592356 0.7735714285714286 0.01091901728844404 0.018571428571428572
0 0.3471337579617834 0.6821428571428572 0.015468607825295723 0.024285714285714285
0 0.11555959963603275 0.64 0.009099181073703366 0.017142857142857144
0 0.13102820746132848 0.6342857142857142 0.009099181073703366 0.014285714285714285
0 0.2807097361237489 0.6571428571428571 0.00818926296633303 0.011428571428571429
0 0.2484076433121019 0.6821428571428572 0.025477707006369428 0.08428571428571428
0 0.30072793448589624 0.7085714285714285 0.006369426751592357 0.011428571428571429
0 0.22383985441310283 0.655 0.00545950864422202 0.01
0 0.23202911737943585 0.6471428571428571 0.00545950864422202 0.011428571428571429
0 0.1797088262056415 0.6321428571428571 0.006369426751592357 0.01
0 0.1696997270245678 0.6407142857142857 0.004549590536851683 0.007142857142857143
0 0.07643312101910828 0.625 0.007279344858962694 0.012857142857142857
0 0.09372156505914468 0.625 0.007279344858962694 0.012857142857142857
0 0.05141037306642402 0.6164285714285714 0.00818926296633303 0.012857142857142857
0 0.03275705186533212 0.65 0.02183803457688808 0.08571428571428572
0 0.0031847133757961785 0.6092857142857143 0.00818926296633303 0.012857142857142857
0 0.3707916287534122 0.6585714285714286 0.00818926296633303 0.011428571428571429
0 0.4049135577797998 0.6607142857142857 0.007279344858962694 0.012857142857142857
0 0.4267515923566879 0.7178571428571429 0.01091901728844404 0.018571428571428572
0 0.456778889899909 0.7214285714285714 0.007279344858962694 0.011428571428571429
0 0.9426751592356688 0.7428571428571429 0.020018198362147407 0.03142857142857143
0 0.956778889899909 0.7428571428571429 0.015468607825295723 0.03142857142857143
0 0.9112829845313922 0.7278571428571429 0.011828935395814377 0.02142857142857143
0 0.9012738853503185 0.7371428571428571 0.011828935395814377 0.017142857142857144
0 0.8444040036396724 0.7307142857142858 0.009099181073703366 0.015714285714285715
0 0.8057324840764332 0.7178571428571429 0.011828935395814377 0.018571428571428572
0 0.9294813466787989 0.555 0.006369426751592357 0.012857142857142857
0 0.943130118289354 0.5564285714285714 0.006369426751592357 0.01
0 0.9654231119199272 0.5492857142857143 0.007279344858962694 0.012857142857142857
0 0.9736123748862603 0.5535714285714286 0.007279344858962694 0.012857142857142857
0 0.6979071883530482 0.72 0.007279344858962694 0.011428571428571429
0 0.66196542311192 0.7128571428571429 0.006369426751592357 0.011428571428571429
0 0.6724294813466788 0.6957142857142857 0.007279344858962694 0.011428571428571429
0 0.697452229299363 0.7035714285714286 0.006369426751592357 0.01
0 0.6469517743403094 0.705 0.007279344858962694 0.01
0 0.6314831665150137 0.705 0.00545950864422202 0.01
0 0.6155595996360328 0.7035714285714286 0.00818926296633303 0.012857142857142857
0 0.6005459508644222 0.7164285714285714 0.01637852593266606 0.055714285714285716
0 0.32074613284804365 0.6578571428571428 0.006369426751592357 0.012857142857142857
0 0.14695177434030937 0.6635714285714286 0.015468607825295723 0.07857142857142857
0 0.20746132848043677 0.6457142857142857 0.003639672429481347 0.005714285714285714
0 0.6278434940855323 0.7728571428571429 0.012738853503184714 0.022857142857142857
0 0.33666969972702454 0.6614285714285715 0.00545950864422202 0.008571428571428572
0 0.3548680618744313 0.6657142857142857 0.007279344858962694 0.011428571428571429
0 0.7247497725204731 0.7435714285714285 0.011828935395814377 0.018571428571428572
0 0.8289353958143767 0.7435714285714285 0.014558689717925387 0.06428571428571428
0 0.9981801637852593 0.79 0.014558689717925387 0.025714285714285714
0 0.956778889899909 0.3892857142857143 0.00818926296633303 0.012857142857142857
0 0.9899909008189263 0.40285714285714286 0.0272975432211101 0.06
0 0.9872611464968153 0.4092857142857143 0.02183803457688808 0.055714285714285716
0 0.6933575978161965 0.3742857142857143 0.007279344858962694 0.011428571428571429
0 0.7306642402183804 0.26857142857142857 0.00545950864422202 0.008571428571428572
0 0.7902638762511374 0.20285714285714285 0.006369426751592357 0.011428571428571429
0 0.8148316651501365 0.19214285714285714 0.006369426751592357 0.01
0 0.6819836214740673 0.5007142857142857 0.020928116469517744 0.03857142857142857
0 0.7101910828025477 0.38142857142857145 0.022747952684258416 0.037142857142857144
0 0.6956323930846224 0.5 0.020928116469517744 0.03428571428571429
0 0.3853503184713376 0.7092857142857143 0.020928116469517744 0.047142857142857146
0 0.11282984531392175 0.6514285714285715 0.020018198362147407 0.08285714285714285
0 0.11010009099181074 0.6192857142857143 0.009099181073703366 0.012857142857142857
0 0.12602365787079162 0.6278571428571429 0.00818926296633303 0.012857142857142857
0 0.12966333030027297 0.6328571428571429 0.006369426751592357 0.011428571428571429
0 0.14877161055505003 0.6357142857142857 0.006369426751592357 0.011428571428571429
0 0.0632393084622384 0.6514285714285715 0.022747952684258416 0.07714285714285714
0 0.022292993630573247 0.6114285714285714 0.00818926296633303 0.014285714285714285
0 0.004094631483166515 0.6378571428571429 0.00818926296633303 0.012857142857142857
0 0.49545040946314833 0.8221428571428572 0.01910828025477707 0.03
0 0.6246587807097361 0.7214285714285714 0.01364877161055505 0.054285714285714284
0 0.637852593266606 0.7185714285714285 0.012738853503184714 0.054285714285714284
