0 0.04931640625 0.6059001512859304 0.0205078125 0.059001512859304085
0 0.067626953125 0.5998487140695915 0.01611328125 0.046898638426626324
0 0.087646484375 0.5612708018154312 0.01513671875 0.057488653555219364
0 0.14990234375 0.6739788199697428 0.0224609375 0.08018154311649017
0 0.143310546875 0.5030257186081695 0.02392578125 0.08623298033282904
0 0.1640625 0.5007564296520424 0.0185546875 0.06959152798789713
0 0.2109375 0.5264750378214826 0.015625 0.06656580937972768
0 0.20263671875 0.6180030257186082 0.01953125 0.06505295007564296
0 0.232666015625 0.5975794251134644 0.01708984375 0.06354009077155824
0 0.232177734375 0.6664145234493192 0.02001953125 0.07413010590015129
0 0.241943359375 0.6149773071104387 0.01904296875 0.07110438729198185
0 0.293701171875 0.6369137670196672 0.02099609375 0.07564296520423601
0 0.348388671875 0.6422087745839636 0.01806640625 0.06505295007564296
0 0.38671875 0.6437216338880484 0.0205078125 0.06202723146747353
0 0.420654296875 0.6459909228441755 0.02099609375 0.07261724659606657
0 0.457275390625 0.6346444780635401 0.01611328125 0.0529500756429652
0 0.4931640625 0.6361573373676248 0.0146484375 0.04387291981845688
0 0.51611328125 0.596822995461422 0.017578125 0.06505295007564296
0 0.492919921875 0.5816944024205749 0.01611328125 0.0680786686838124
0 0.546142578125 0.6210287443267776 0.01904296875 0.06202723146747353
0 0.568359375 0.5900151285930408 0.0166015625 0.05143721633888049
0 0.58837890625 0.6467473524962178 0.015625 0.059001512859304085
0 0.60400390625 0.6754916792738276 0.0703125 0.2526475037821483
0 0.622314453125 0.5922844175491679 0.01708984375 0.06505295007564296
0 0.637451171875 0.6391830559757943 0.01806640625 0.06505295007564296
0 0.6669921875 0.6414523449319214 0.01953125 0.06656580937972768
0 0.71435546875 0.6444780635400907 0.01953125 0.060514372163388806
0 0.745849609375 0.6369137670196672 0.01904296875 0.07261724659606657
0 0.794921875 0.6573373676248109 0.0205078125 0.07715582450832073
0 0.814697265625 0.5597579425113465 0.02001953125 0.06656580937972768
0 0.850341796875 0.6384266263237519 0.02001953125 0.07564296520423601
0 0.892822265625 0.6217851739788199 0.02099609375 0.06959152798789713
0 0.927978515625 0.6089258698940998 0.02001953125 0.0680786686838124
0 0.08544921875 0.3184568835098336 0.0205078125 0.07110438729198185
0 0.15576171875 0.4288956127080182 0.01953125 0.0680786686838124
0 0.156005859375 0.3774583963691377 0.01806640625 0.0529500756429652
0 0.128173828125 0.32829046898638425 0.01904296875 0.06656580937972768
0 0.1806640625 0.3411497730711044 0.0166015625 0.05597579425113464
0 0.21630859375 0.34568835098335854 0.021484375 0.08018154311649017
0 0.24658203125 0.48411497730711045 0.0166015625 0.05143721633888049
0 0.2646484375 0.5113464447806354 0.0166015625 0.060514372163388806
0 0.2646484375 0.45537065052950076 0.0185546875 0.06656580937972768
0 0.286376953125 0.5703479576399395 0.01806640625 0.06959152798789713
0 0.3134765625 0.5332829046898638 0.0185546875 0.07413010590015129
0 0.33154296875 0.491679273827534 0.0146484375 0.06354009077155824
0 0.360595703125 0.5786686838124054 0.01708984375 0.06505295007564296
0 0.3955078125 0.5900151285930408 0.0166015625 0.06354009077155824
0 0.379150390625 0.540090771558245 0.01611328125 0.05143721633888049
0 0.403564453125 0.5741301059001512 0.01220703125 0.037821482602118005
0 0.43408203125 0.5741301059001512 0.0166015625 0.07110438729198185
0 0.453857421875 0.586232980332829 0.01611328125 0.06202723146747353
0 0.4560546875 0.48714069591527986 0.015625 0.057488653555219364
0 0.4873046875 0.4523449319213313 0.0146484375 0.05143721633888049
0 0.53076171875 0.5370650529500757 0.015625 0.060514372163388806
0 0.554931640625 0.49546142208774585 0.01708984375 0.0680786686838124
0 0.6142578125 0.4546142208774584 0.015625 0.05597579425113464
0 0.601806640625 0.4372163388804841 0.01611328125 0.06354009077155824
0 0.659912109375 0.5605143721633888 0.01513671875 0.05597579425113464
0 0.705078125 0.5642965204236006 0.017578125 0.06354009077155824
0 0.73681640625 0.5832072617246596 0.0166015625 0.05597579425113464
0 0.77734375 0.5937972768532527 0.015625 0.06505295007564296
0 0.849609375 0.5680786686838124 0.0205078125 0.06202723146747353
0 0.850830078125 0.5090771558245083 0.01708984375 0.06202723146747353
0 0.88525390625 0.5257186081694403 0.01953125 0.07110438729198185
0 0.94580078125 0.5173978819969742 0.0224609375 0.07564296520423601
0 0.39501953125 0.4697428139183056 0.013671875 0.046898638426626324
0 0.409423828125 0.45612708018154313 0.01611328125 0.0529500756429652
0 0.9130859375 0.3411497730711044 0.017578125 0.059001512859304085
0 0.92431640625 0.2874432677760968 0.0185546875 0.06959152798789713
0 0.89697265625 0.3411497730711044 0.01953125 0.0680786686838124
0 0.870361328125 0.37065052950075644 0.01806640625 0.060514372163388806
0 0.862548828125 0.3275340393343419 0.01806640625 0.06202723146747353
0 0.833740234375 0.3653555219364599 0.01806640625 0.0680786686838124
0 0.814697265625 0.3177004538577912 0.01708984375 0.05446293494704992
0 0.822998046875 0.3653555219364599 0.01318359375 0.0529500756429652
0 0.7890625 0.4114977307110439 0.0166015625 0.048411497730711045
0 0.779052734375 0.3744326777609682 0.01513671875 0.059001512859304085
0 0.7841796875 0.3154311649016641 0.0185546875 0.07413010590015129
0 0.7578125 0.3608169440242057 0.0146484375 0.0529500756429652
0 0.767822265625 0.3388804841149773 0.01611328125 0.05446293494704992
0 0.74560546875 0.3199697428139183 0.0166015625 0.049924357034795766
0 0.7431640625 0.3751891074130106 0.0166015625 0.05446293494704992
0 0.732177734375 0.3577912254160363 0.01318359375 0.046898638426626324
0 0.72265625 0.5045385779122542 0.0146484375 0.0529500756429652
0 0.71435546875 0.4062027231467474 0.015625 0.0529500756429652
0 0.71923828125 0.36232980332829046 0.0166015625 0.0529500756429652
0 0.71923828125 0.3615733736762481 0.0166015625 0.05143721633888049
0 0.68115234375 0.4750378214826021 0.0166015625 0.060514372163388806
0 0.694091796875 0.45310136157337366 0.01611328125 0.05597579425113464
0 0.694580078125 0.33434190620272314 0.01611328125 0.05143721633888049
0 0.672119140625 0.4236006051437216 0.01513671875 0.05446293494704992
0 0.68310546875 0.3691376701966717 0.013671875 0.057488653555219364
0 0.675048828125 0.31089258698940997 0.01611328125 0.06202723146747353
0 0.658935546875 0.3320726172465961 0.01318359375 0.046898638426626324
0 0.65185546875 0.4198184568835098 0.015625 0.06202723146747353
0 0.634521484375 0.3812405446293495 0.01513671875 0.05446293494704992
0 0.64697265625 0.3184568835098336 0.0146484375 0.05597579425113464
0 0.626708984375 0.32299546142208774 0.01513671875 0.059001512859304085
0 0.61328125 0.3441754916792738 0.015625 0.049924357034795766
0 0.57177734375 0.41906202723146746 0.015625 0.05446293494704992
0 0.578125 0.3751891074130106 0.013671875 0.05446293494704992
0 0.58837890625 0.3275340393343419 0.0146484375 0.05597579425113464
0 0.563232421875 0.3494704992435703 0.01513671875 0.05143721633888049
0 0.537841796875 0.4205748865355522 0.01513671875 0.060514372163388806
0 0.538330078125 0.34795763993948564 0.01513671875 0.05446293494704992
0 0.527099609375 0.3804841149773071 0.01513671875 0.049924357034795766
0 0.516845703125 0.39107413010590014 0.01123046875 0.046898638426626324
0 0.499267578125 0.3729198184568835 0.01416015625 0.049924357034795766
0 0.491455078125 0.321482602118003 0.01416015625 0.0529500756429652
0 0.47021484375 0.3547655068078669 0.0146484375 0.049924357034795766
0 0.453369140625 0.37065052950075644 0.01416015625 0.048411497730711045
0 0.432861328125 0.38729198184568836 0.01513671875 0.060514372163388806
0 0.43896484375 0.34190620272314676 0.015625 0.05446293494704992
0 0.413330078125 0.38729198184568836 0.01611328125 0.057488653555219364
0 0.375244140625 0.3857791225416036 0.01416015625 0.05446293494704992
0 0.384521484375 0.3903177004538578 0.01416015625 0.057488653555219364
0 0.403076171875 0.348714069591528 0.01416015625 0.059001512859304085
0 0.35205078125 0.37367624810892586 0.0146484375 0.057488653555219364
0 0.3427734375 0.3464447806354009 0.013671875 0.05446293494704992
0 0.33642578125 0.42511346444780634 0.015625 0.05446293494704992
0 0.3203125 0.4175491679273828 0.0166015625 0.06354009077155824
0 0.31884765625 0.31694402420574885 0.015625 0.049924357034795766
0 0.288818359375 0.3918305597579425 0.01611328125 0.06354009077155824
0 0.2978515625 0.34493192133131617 0.0166015625 0.057488653555219364
0 0.2412109375 0.3524962178517398 0.015625 0.05446293494704992
0 0.259765625 0.32829046898638425 0.0185546875 0.06656580937972768
