0 0.7926923076923077 0.8132845188284519 0.026923076923076925 0.051255230125523014
0 0.7603846153846154 0.7421548117154811 0.03 0.04288702928870293
0 0.6376923076923077 0.7311715481171548 0.024615384615384615 0.04184100418410042
0 0.7153846153846154 0.6480125523012552 0.023076923076923078 0.036610878661087864
0 0.8838461538461538 0.5460251046025104 0.023076923076923078 0.03347280334728033
0 0.8780769230769231 0.48326359832635984 0.02076923076923077 0.03138075313807531
0 0.8092307692307692 0.497907949790795 0.021538461538461538 0.03347280334728033
0 0.9011538461538462 0.45083682008368203 0.01769230769230769 0.03347280334728033
0 0.9688461538461538 0.36872384937238495 0.019230769230769232 0.028242677824267783
0 0.833076923076923 0.41997907949790797 0.018461538461538463 0.028242677824267783
0 0.7665384615384615 0.4121338912133891 0.016153846153846154 0.03138075313807531
0 0.7369230769230769 0.45292887029288703 0.023076923076923078 0.03138075313807531
0 0.6942307692307692 0.48064853556485354 0.019230769230769232 0.034518828451882845
0 0.6207692307692307 0.5135983263598326 0.018461538461538463 0.029288702928870293
0 0.5596153846153846 0.6244769874476988 0.022307692307692306 0.0397489539748954
0 0.47115384615384615 0.6213389121338913 0.023846153846153847 0.04184100418410042
0 0.3476923076923077 0.7343096234309623 0.023076923076923078 0.043933054393305436
0 0.3176923076923077 0.8101464435146444 0.026153846153846153 0.04497907949790795
0 0.31423076923076926 0.6705020920502092 0.02076923076923077 0.043933054393305436
0 0.3261538461538461 0.5847280334728033 0.023076923076923078 0.03556485355648536
0 0.3223076923076923 0.5094142259414226 0.016923076923076923 0.027196652719665274
0 0.22884615384615384 0.5067991631799164 0.02076923076923077 0.038702928870292884
0 0.16576923076923078 0.5815899581589958 0.03 0.03347280334728033
0 0.12192307692307693 0.6317991631799164 0.02076923076923077 0.03556485355648536
0 0.037307692307692306 0.6161087866108786 0.022307692307692306 0.04184100418410042
0 0.0823076923076923 0.5036610878661087 0.023076923076923078 0.04288702928870293
0 0.14346153846153847 0.44142259414225943 0.01769230769230769 0.029288702928870293
0 0.19038461538461537 0.4252092050209205 0.019230769230769232 0.032426778242677826
0 0.255 0.3577405857740586 0.02076923076923077 0.03138075313807531
0 0.17115384615384616 0.36140167364016734 0.016153846153846154 0.02615062761506276
0 0.1453846153846154 0.3713389121338912 0.018461538461538463 0.03138075313807531
0 0.09423076923076923 0.3519874476987448 0.019230769230769232 0.030334728033472803
0 0.046153846153846156 0.38598326359832635 0.016923076923076923 0.027196652719665274
0 0.011538461538461539 0.3854602510460251 0.018461538461538463 0.036610878661087864
0 0.04384615384615385 0.3713389121338912 0.016923076923076923 0.02510460251046025
0 0.02346153846153846 0.2625523012552301 0.016153846153846154 0.02510460251046025
0 0.008846153846153846 0.2583682008368201 0.013076923076923076 0.02301255230125523
0 0.04730769230769231 0.22960251046025104 0.014615384615384615 0.02615062761506276
0 0.08153846153846153 0.3169456066945607 0.013846153846153847 0.027196652719665274
0 0.12692307692307692 0.2881799163179916 0.016923076923076923 0.028242677824267783
0 0.1473076923076923 0.26778242677824265 0.01769230769230769 0.027196652719665274
0 0.16 0.25313807531380755 0.012307692307692308 0.01882845188284519
0 0.13038461538461538 0.19456066945606695 0.016153846153846154 0.02092050209205021
0 0.2276923076923077 0.2730125523012552 0.018461538461538463 0.027196652719665274
0 0.2173076923076923 0.2730125523012552 0.014615384615384615 0.02301255230125523
0 0.23192307692307693 0.2510460251046025 0.011538461538461539 0.016736401673640166
0 0.22423076923076923 0.22280334728033474 0.016153846153846154 0.02301255230125523
0 0.26461538461538464 0.17677824267782427 0.013846153846153847 0.02092050209205021
0 0.2876923076923077 0.2625523012552301 0.015384615384615385 0.02510460251046025
0 0.2976923076923077 0.3043933054393305 0.016923076923076923 0.029288702928870293
0 0.29423076923076924 0.3666317991631799 0.016153846153846154 0.02615062761506276
0 0.32076923076923075 0.2871338912133891 0.013846153846153847 0.021966527196652718
0 0.3638461538461538 0.2839958158995816 0.016923076923076923 0.021966527196652718
0 0.36846153846153845 0.33943514644351463 0.016923076923076923 0.02405857740585774
0 0.36923076923076925 0.3891213389121339 0.018461538461538463 0.03138075313807531
0 0.4880769230769231 0.48640167364016734 0.022307692307692306 0.03765690376569038
0 0.5226923076923077 0.44612970711297073 0.016153846153846154 0.02615062761506276
0 0.5946153846153847 0.41056485355648537 0.016923076923076923 0.028242677824267783
0 0.6073076923076923 0.37918410041841005 0.019230769230769232 0.028242677824267783
0 0.6734615384615384 0.41997907949790797 0.01769230769230769 0.02615062761506276
0 0.5096153846153846 0.34884937238493724 0.016153846153846154 0.028242677824267783
0 0.4626923076923077 0.3206066945606695 0.016153846153846154 0.028242677824267783
0 0.5042307692307693 0.28922594142259417 0.014615384615384615 0.028242677824267783
0 0.475 0.27405857740585776 0.013076923076923076 0.02301255230125523
0 0.4511538461538461 0.2583682008368201 0.013076923076923076 0.02092050209205021
0 0.4753846153846154 0.252092050209205 0.012307692307692308 0.02092050209205021
0 0.3984615384615385 0.32322175732217573 0.016923076923076923 0.027196652719665274
0 0.3873076923076923 0.27981171548117156 0.014615384615384615 0.02615062761506276
0 0.405 0.2672594142259414 0.014615384615384615 0.02615062761506276
0 0.3776923076923077 0.2557531380753138 0.013846153846153847 0.02405857740585774
0 0.39807692307692305 0.23692468619246862 0.013076923076923076 0.02405857740585774
0 0.42423076923076924 0.19665271966527198 0.013076923076923076 0.01882845188284519
0 0.47846153846153844 0.19299163179916318 0.013846153846153847 0.02405857740585774
0 0.4076923076923077 0.09728033472803348 0.010769230769230769 0.01882845188284519
0 0.5246153846153846 0.18410041841004185 0.010769230769230769 0.01882845188284519
0 0.5338461538461539 0.2395397489539749 0.013846153846153847 0.02510460251046025
0 0.5842307692307692 0.2944560669456067 0.014615384615384615 0.02615062761506276
0 0.5907692307692308 0.2803347280334728 0.013846153846153847 0.02301255230125523
0 0.6334615384615384 0.12866108786610878 0.011538461538461539 0.016736401673640166
0 0.6842307692307692 0.10669456066945607 0.008461538461538461 0.014644351464435146
0 0.6538461538461539 0.3185146443514644 0.018461538461538463 0.030334728033472803
0 0.6853846153846154 0.26830543933054396 0.015384615384615385 0.021966527196652718
0 0.7111538461538461 0.3624476987447699 0.01769230769230769 0.02615062761506276
0 0.7273076923076923 0.350418410041841 0.019230769230769232 0.02301255230125523
0 0.7176923076923077 0.3294979079497908 0.015384615384615385 0.027196652719665274
0 0.7496153846153846 0.2567991631799163 0.013076923076923076 0.02405857740585774
0 0.938076923076923 0.1202928870292887 0.011538461538461539 0.02092050209205021
0 0.9057692307692308 0.03713389121338912 0.011538461538461539 0.013598326359832637
0 0.9184615384615384 0.01882845188284519 0.009230769230769232 0.012552301255230125
