0 0.07166666666666667 0.29777777777777775 0.08833333333333333 0.1288888888888889
0 0.31625 0.33055555555555555 0.07416666666666667 0.11222222222222222
0 0.2783333333333333 0.31666666666666665 0.06 0.08444444444444445
0 0.45875 0.3055555555555556 0.060833333333333336 0.08222222222222222
0 0.4870833333333333 0.3638888888888889 0.034166666666666665 0.06333333333333334
0 0.62125 0.30722222222222223 0.0425 0.07444444444444444
0 0.695 0.37444444444444447 0.03166666666666667 0.05333333333333334
0 0.6895833333333333 0.4772222222222222 0.0275 0.04555555555555556
0 0.755 0.33944444444444444 0.035 0.052222222222222225
0 0.8133333333333334 0.31 0.04666666666666667 0.06888888888888889
0 0.9145833333333333 0.34 0.05416666666666667 0.07777777777777778
