0 0.4894117647058824 0.400184842883549 0.042352941176470586 0.07948243992606285
0 0.11176470588235295 0.4685767097966728 0.09411764705882353 0.20147874306839186
0 0.16294117647058823 0.455637707948244 0.08352941176470588 0.19038817005545286
0 0.2235294117647059 0.4491682070240296 0.07294117647058823 0.15157116451016636
0 0.22176470588235295 0.4454713493530499 0.06705882352941177 0.15157116451016636
0 0.8541176470588235 0.4417744916820702 0.08235294117647059 0.1589648798521257
0 0.7976470588235294 0.42791127541589646 0.06588235294117648 0.14602587800369685
0 0.8576470588235294 0.44269870609981515 0.08705882352941176 0.1756007393715342
0 0.9152941176470588 0.455637707948244 0.09647058823529411 0.17190388170055454
0 0.9570588235294117 0.49630314232902034 0.11411764705882353 0.21626617375231053
0 0.7476470588235294 0.4463955637707948 0.06470588235294118 0.12384473197781885
