0 0.98 0.4066666666666667 0.04666666666666667 0.07555555555555556
0 0.8958333333333334 0.36666666666666664 0.055 0.07111111111111111
0 0.6983333333333334 0.44 0.04 0.07111111111111111
0 0.6425 0.41444444444444445 0.045 0.07777777777777778
0 0.5433333333333333 0.44 0.04 0.06222222222222222
0 0.4841666666666667 0.45222222222222225 0.041666666666666664 0.06444444444444444
0 0.39916666666666667 0.42333333333333334 0.045 0.07333333333333333
0 0.3516666666666667 0.43666666666666665 0.043333333333333335 0.06888888888888889
0 0.255 0.42444444444444446 0.043333333333333335 0.07555555555555556
0 0.1825 0.4477777777777778 0.035 0.05555555555555555
0 0.12 0.4722222222222222 0.03333333333333333 0.051111111111111114
0 0.06916666666666667 0.4477777777777778 0.045 0.08222222222222222
0 0.6833333333333333 0.38555555555555554 0.04 0.06
0 0.8525 0.4311111111111111 0.035 0.05333333333333334
0 0.5675 0.43777777777777777 0.03166666666666667 0.06222222222222222
0 0.29333333333333333 0.47333333333333333 0.03 0.044444444444444446
0 0.295 0.4311111111111111 0.02666666666666667 0.04
0 0.14583333333333334 0.4477777777777778 0.035 0.06444444444444444
0 0.024166666666666666 0.43555555555555553 0.041666666666666664 0.07555555555555556
