0 0.6396484375 0.37589158345221113 0.08203125 0.1355206847360913
0 0.505859375 0.37375178316690444 0.0625 0.09985734664764621
0 0.39990234375 0.4037089871611983 0.0341796875 0.06847360912981455
0 0.416015625 0.4921540656205421 0.037109375 0.06847360912981455
0 0.2841796875 0.38730385164051356 0.109375 0.19258202567760344
0 0.1171875 0.4529243937232525 0.017578125 0.02710413694721826
0 0.1396484375 0.442225392296719 0.025390625 0.037089871611982884
0 0.14208984375 0.4457917261055635 0.0302734375 0.047075606276747506
0 0.01708984375 0.42082738944365194 0.0439453125 0.0912981455064194
0 0.06298828125 0.5121255349500713 0.0810546875 0.12553495007132667
0 0.0107421875 0.12838801711840228 0.0234375 0.039942938659058486
