0 0.89599609375 0.2430453879941435 0.0341796875 0.05856515373352855
0 0.79443359375 0.35431918008784774 0.0166015625 0.03513909224011713
0 0.767578125 0.32284040995607616 0.017578125 0.03074670571010249
0 0.78271484375 0.2108345534407028 0.0185546875 0.032210834553440704
0 0.76123046875 0.2240117130307467 0.0205078125 0.032210834553440704
0 0.728515625 0.2562225475841874 0.02734375 0.04685212298682284
0 0.70263671875 0.2335285505124451 0.0263671875 0.04538799414348463
0 0.537109375 0.2869692532942899 0.0625 0.11420204978038068
0 0.4384765625 0.24597364568081992 0.017578125 0.029282576866764276
0 0.34814453125 0.25841874084919475 0.0224609375 0.03074670571010249
0 0.296875 0.27891654465592974 0.021484375 0.03953147877013177
0 0.20361328125 0.2796486090775988 0.0263671875 0.040995607613469986
0 0.18408203125 0.28184480234260617 0.0166015625 0.021961932650073207
0 0.1513671875 0.34260614934114203 0.0234375 0.03806734992679356
0 0.09423828125 0.28184480234260617 0.0263671875 0.03953147877013177
0 0.0927734375 0.28330893118594436 0.021484375 0.036603221083455345
