0 0.9895 0.394919168591224 0.013 0.03695150115473441
0 -0.0205 0.3729792147806005 0.017 0.04387990762124711
0 0.134 0.24826789838337182 0.052 0.15011547344110854
0 0.173 0.31062355658198615 0.062 0.17321016166281755
0 0.21 0.41916859122401845 0.06 0.19168591224018475
0 0.347 0.43648960739030024 0.056 0.17551963048498845
0 0.314 0.21478060046189376 0.056 0.17551963048498845
0 0.3775 0.31524249422632794 0.063 0.18706697459584296
0 0.49 0.47344110854503463 0.06 0.17551963048498845
0 0.4545 0.26212471131639725 0.055 0.17321016166281755
0 0.5295 0.30138568129330257 0.061 0.17321016166281755
0 0.632 0.42609699769053117 0.058 0.18244803695150116
0 0.667 0.3140877598152425 0.06 0.17551963048498845
0 0.722 0.33602771362586603 0.056 0.17321016166281755
0 0.7915 0.3556581986143187 0.069 0.17551963048498845
0 0.8675 0.312933025404157 0.059 0.16859122401847576
