0 0.9988461538461538 0.673054587688734 0.025384615384615384 0.05226480836236934
0 0.9653846153846154 0.6933797909407665 0.03230769230769231 0.05574912891986063
0 0.9607692307692308 0.8205574912891986 0.06307692307692307 0.11498257839721254
0 0.9215384615384615 0.6422764227642277 0.03076923076923077 0.03948896631823461
0 0.895 0.7137049941927991 0.04692307692307692 0.08478513356562137
0 0.86 0.6898954703832753 0.03230769230769231 0.053426248548199766
0 0.7730769230769231 0.8176538908246226 0.052307692307692305 0.10685249709639953
0 0.8246153846153846 0.6144018583042973 0.02 0.03948896631823461
0 0.7657692307692308 0.5714285714285714 0.023846153846153847 0.041811846689895474
0 0.7569230769230769 0.5963995354239257 0.02923076923076923 0.05226480836236934
0 0.7573076923076923 0.6957026713124274 0.04384615384615385 0.09059233449477352
0 0.6915384615384615 0.4912891986062718 0.021538461538461538 0.03716608594657375
0 0.691923076923077 0.5836236933797909 0.031538461538461536 0.04529616724738676
0 0.6926923076923077 0.6196283391405343 0.03307692307692308 0.059233449477351915
0 0.6338461538461538 0.4924506387921022 0.027692307692307693 0.04645760743321719
0 0.6173076923076923 0.5940766550522648 0.023846153846153847 0.047619047619047616
0 0.5969230769230769 0.4692218350754936 0.015384615384615385 0.030197444831591175
0 0.5596153846153846 0.4715447154471545 0.016153846153846154 0.030197444831591175
0 0.5653846153846154 0.45586527293844364 0.015384615384615385 0.029036004645760744
0 0.5596153846153846 0.5145180023228804 0.022307692307692306 0.041811846689895474
0 0.5696153846153846 0.5487804878048781 0.022307692307692306 0.036004645760743324
0 0.5434615384615384 0.5905923344947736 0.026923076923076925 0.04065040650406504
0 0.5407692307692308 0.662020905923345 0.04 0.0743321718931475
0 0.6330769230769231 0.7305458768873403 0.047692307692307694 0.11149825783972125
0 0.49153846153846154 0.7444831591173054 0.047692307692307694 0.08826945412311266
0 0.4907692307692308 0.4808362369337979 0.018461538461538463 0.03484320557491289
0 0.46076923076923076 0.5145180023228804 0.015384615384615385 0.027874564459930314
0 0.3984615384615385 0.4878048780487805 0.024615384615384615 0.03948896631823461
0 0.46115384615384614 0.5580720092915215 0.026923076923076925 0.0429732868757259
0 0.4280769230769231 0.5760743321718932 0.026923076923076925 0.053426248548199766
0 0.4126923076923077 0.6033681765389083 0.026923076923076925 0.06155632984901278
0 0.38961538461538464 0.5766550522648084 0.025384615384615384 0.047619047619047616
0 0.34923076923076923 0.5011614401858304 0.02 0.03832752613240418
0 0.3334615384615385 0.5470383275261324 0.022307692307692306 0.03948896631823461
0 0.2996153846153846 0.5673635307781649 0.023846153846153847 0.04065040650406504
0 0.3292307692307692 0.6016260162601627 0.02923076923076923 0.04413472706155633
0 0.33692307692307694 0.6300813008130082 0.043076923076923075 0.07084785133565621
0 0.2876923076923077 0.6300813008130082 0.036923076923076927 0.06155632984901278
0 0.2980769230769231 0.6788617886178862 0.05 0.07781649245063879
0 0.19653846153846155 0.6724738675958188 0.04384615384615385 0.0743321718931475
0 0.09115384615384615 0.6626016260162602 0.045384615384615384 0.07781649245063879
0 0.012692307692307692 0.6550522648083623 0.03769230769230769 0.08362369337979095
0 0.12730769230769232 0.5859465737514518 0.03769230769230769 0.06387921022067364
0 0.1976923076923077 0.5789779326364692 0.03230769230769231 0.059233449477351915
0 0.23038461538461538 0.4808362369337979 0.023846153846153847 0.04645760743321719
0 0.2853846153846154 0.462253193960511 0.021538461538461538 0.03716608594657375
0 0.285 0.4518002322880372 0.01769230769230769 0.030197444831591175
0 0.19076923076923077 0.4895470383275261 0.016923076923076923 0.0313588850174216
0 0.13923076923076924 0.45528455284552843 0.023076923076923078 0.04413472706155633
0 0.12653846153846154 0.49535423925667826 0.02076923076923077 0.03368176538908246
0 0.07615384615384616 0.5023228803716608 0.02 0.0313588850174216
0 0.04692307692307692 0.49709639953542395 0.02923076923076923 0.04413472706155633
0 0.04269230769230769 0.4715447154471545 0.025384615384615384 0.041811846689895474
