0 0.00634765625 0.25663716814159293 0.0283203125 0.05604719764011799
0 0.15576171875 0.221976401179941 0.0400390625 0.07227138643067847
0 0.17236328125 0.334070796460177 0.0087890625 0.016224188790560472
0 0.2646484375 0.3053097345132743 0.009765625 0.017699115044247787
0 0.3046875 0.26843657817109146 0.03125 0.05309734513274336
0 0.32177734375 0.30162241887905605 0.0126953125 0.025073746312684365
0 0.34130859375 0.3141592920353982 0.0107421875 0.017699115044247787
0 0.40478515625 0.25737463126843657 0.0400390625 0.07817109144542773
0 0.48291015625 0.27359882005899705 0.0439453125 0.0752212389380531
0 0.4208984375 0.2831858407079646 0.02734375 0.05014749262536873
0 0.4990234375 0.2536873156342183 0.037109375 0.06489675516224189
0 0.54443359375 0.25663716814159293 0.0361328125 0.05604719764011799
0 0.62841796875 0.2359882005899705 0.0361328125 0.07079646017699115
0 0.6650390625 0.23672566371681417 0.037109375 0.06047197640117994
0 0.8271484375 0.24705014749262535 0.0390625 0.06932153392330384
0 0.8720703125 0.24778761061946902 0.041015625 0.061946902654867256
0 0.890625 0.252212389380531 0.033203125 0.061946902654867256
0 0.9482421875 0.2949852507374631 0.02734375 0.05014749262536873
0 1.0126953125 0.2861356932153392 0.021484375 0.035398230088495575
