0 0.6027777777777777 0.5397727272727273 0.046296296296296294 0.09217171717171717
0 0.7134259259259259 0.41224747474747475 0.05648148148148148 0.06186868686868687
0 0.5976851851851852 0.3491161616161616 0.03981481481481482 0.06186868686868687
0 0.47638888888888886 0.4337121212121212 0.03981481481481482 0.07449494949494949
0 0.37453703703703706 0.3472222222222222 0.03981481481481482 0.0707070707070707
0 0.31296296296296294 0.3630050505050505 0.040740740740740744 0.06944444444444445
0 0.2337962962962963 0.3226010101010101 0.03611111111111111 0.06944444444444445
0 0.20092592592592592 0.2689393939393939 0.037037037037037035 0.05555555555555555
0 0.1787037037037037 0.23295454545454544 0.03148148148148148 0.056818181818181816
0 0.2726851851851852 0.22411616161616163 0.032407407407407406 0.056818181818181816
0 0.3060185185185185 0.2746212121212121 0.03981481481481482 0.054292929292929296
0 0.3296296296296296 0.26515151515151514 0.037037037037037035 0.06818181818181818
0 0.3768518518518518 0.2152777777777778 0.03518518518518519 0.059343434343434344
0 0.43842592592592594 0.29608585858585856 0.03796296296296296 0.06186868686868687
0 0.4634259259259259 0.26704545454545453 0.03425925925925926 0.056818181818181816
0 0.43657407407407406 0.21906565656565657 0.03425925925925926 0.06439393939393939
0 0.5018518518518519 0.19318181818181818 0.03148148148148148 0.05303030303030303
0 0.5944444444444444 0.1900252525252525 0.03148148148148148 0.04671717171717172
0 0.5236111111111111 0.2537878787878788 0.028703703703703703 0.05808080808080808
0 0.5657407407407408 0.24621212121212122 0.03148148148148148 0.050505050505050504
0 0.600462962962963 0.288510101010101 0.03611111111111111 0.06439393939393939
0 0.6717592592592593 0.19318181818181818 0.032407407407407406 0.05303030303030303
0 0.649537037037037 0.288510101010101 0.030555555555555555 0.054292929292929296
0 0.6657407407407407 0.3087121212121212 0.03333333333333333 0.054292929292929296
0 0.7194444444444444 0.23674242424242425 0.037037037037037035 0.05176767676767677
0 0.7782407407407408 0.22348484848484848 0.032407407407407406 0.05303030303030303
0 0.8541666666666666 0.1976010101010101 0.030555555555555555 0.054292929292929296
0 0.8217592592592593 0.30303030303030304 0.04722222222222222 0.06818181818181818
0 0.5398148148148149 0.29608585858585856 0.037037037037037035 0.054292929292929296
