0 0.6403645833333333 0.3819444444444444 0.09947916666666666 0.14907407407407408
0 0.07421875 0.8263888888888888 0.0921875 0.18425925925925926
0 0.17317708333333334 0.763425925925926 0.08177083333333333 0.13055555555555556
0 0.25833333333333336 0.5935185185185186 0.051041666666666666 0.09444444444444444
0 0.36692708333333335 0.7180555555555556 0.0515625 0.08796296296296297
0 0.40338541666666666 0.6921296296296297 0.04114583333333333 0.075
0 0.5390625 0.6231481481481481 0.035416666666666666 0.07407407407407407
0 0.7174479166666666 0.48518518518518516 0.034895833333333334 0.07222222222222222
0 0.8390625 0.36944444444444446 0.035416666666666666 0.08703703703703704
0 0.70859375 0.3972222222222222 0.0265625 0.053703703703703705
0 0.44817708333333334 0.6884259259259259 0.03697916666666667 0.08425925925925926
0 0.8859375 0.25324074074074077 0.0875 0.19907407407407407
0 0.7794270833333333 0.45 0.033854166666666664 0.06111111111111111
0 0.6375 0.624537037037037 0.034375 0.06759259259259259
