0 0.15884615384615386 0.47492163009404387 0.040769230769230766 0.06583072100313479
0 0.1296153846153846 0.3897596656217346 0.005384615384615384 0.008359456635318705
0 0.1519230769230769 0.3881922675026123 0.005384615384615384 0.0073145245559038665
0 0.031153846153846153 0.40752351097178685 0.013076923076923076 0.018808777429467086
0 0.04153846153846154 0.3986415882967607 0.016923076923076923 0.017763845350052248
0 0.2023076923076923 0.3897596656217346 0.004615384615384616 0.006269592476489028
0 0.21769230769230768 0.39132706374085685 0.004615384615384616 0.0073145245559038665
0 0.21576923076923077 0.4043887147335423 0.008461538461538461 0.012539184952978056
0 0.22576923076923078 0.40752351097178685 0.008461538461538461 0.012539184952978056
0 0.24 0.4049111807732497 0.018461538461538463 0.0219435736677116
0 0.2653846153846154 0.384012539184953 0.004615384615384616 0.0073145245559038665
0 0.2903846153846154 0.3881922675026123 0.005384615384615384 0.0073145245559038665
0 0.2823076923076923 0.38662486938349006 0.003076923076923077 0.0041797283176593526
0 0.215 0.3850574712643678 0.0038461538461538464 0.00522466039707419
0 0.2561538461538462 0.400208986415883 0.023076923076923078 0.027168234064785787
0 0.25576923076923075 0.4153605015673981 0.01769230769230769 0.02821316614420063
0 0.255 0.4174503657262278 0.02076923076923077 0.03657262277951933
0 0.3076923076923077 0.3981191222570533 0.012307692307692308 0.014629049111807733
0 0.3153846153846154 0.3897596656217346 0.013846153846153847 0.02089864158829676
0 0.33692307692307694 0.3949843260188088 0.015384615384615385 0.022988505747126436
0 0.3303846153846154 0.3986415882967607 0.013076923076923076 0.017763845350052248
0 0.3657692307692308 0.3981191222570533 0.01 0.014629049111807733
0 0.38576923076923075 0.3960292580982236 0.008461538461538461 0.014629049111807733
0 0.41 0.3986415882967607 0.009230769230769232 0.01567398119122257
0 0.43 0.41431556948798326 0.013846153846153847 0.0219435736677116
0 0.4296153846153846 0.3960292580982236 0.011538461538461539 0.018808777429467086
0 0.4492307692307692 0.3824451410658307 0.004615384615384616 0.006269592476489028
0 0.46192307692307694 0.3892371995820272 0.013076923076923076 0.019853709508881923
0 0.47192307692307695 0.39655172413793105 0.006923076923076923 0.011494252873563218
0 1.0165384615384616 0.46499477533960293 0.02846153846153846 0.035527690700104496
0 0.11730769230769231 0.39184952978056425 0.005384615384615384 0.006269592476489028
0 0.10115384615384615 0.3949843260188088 0.0038461538461538464 0.006269592476489028
0 0.5011538461538462 0.38610240334378265 0.005384615384615384 0.0073145245559038665
0 0.5096153846153846 0.41901776384535006 0.02076923076923077 0.027168234064785787
0 0.5219230769230769 0.4148380355276907 0.023846153846153847 0.03970741901776385
0 0.545 0.40282131661442006 0.019230769230769232 0.02821316614420063
0 0.5796153846153846 0.4592476489028213 0.011538461538461539 0.019853709508881923
0 0.573076923076923 0.3986415882967607 0.013846153846153847 0.02612330198537095
0 0.5869230769230769 0.4111807732497388 0.010769230769230769 0.013584117032392894
0 0.6134615384615385 0.40334378265412746 0.016153846153846154 0.027168234064785787
0 0.6303846153846154 0.4054336468129572 0.013076923076923076 0.022988505747126436
0 0.6446153846153846 0.40177638453500525 0.010769230769230769 0.017763845350052248
0 0.6611538461538462 0.4096133751306165 0.01 0.01671891327063741
0 0.6753846153846154 0.406478578892372 0.009230769230769232 0.014629049111807733
0 0.7015384615384616 0.4054336468129572 0.009230769230769232 0.012539184952978056
0 0.7088461538461538 0.39080459770114945 0.013076923076923076 0.018808777429467086
0 0.7419230769230769 0.41901776384535006 0.016153846153846154 0.025078369905956112
0 0.7692307692307693 0.3939393939393939 0.03076923076923077 0.04597701149425287
0 0.8 0.3939393939393939 0.007692307692307693 0.014629049111807733
0 0.7865384615384615 0.4059561128526646 0.008461538461538461 0.01567398119122257
0 0.8092307692307692 0.4096133751306165 0.010769230769230769 0.01671891327063741
0 0.8326923076923077 0.40177638453500525 0.016153846153846154 0.024033437826541274
0 0.8484615384615385 0.40282131661442006 0.009230769230769232 0.013584117032392894
0 0.8573076923076923 0.3876698014629049 0.008461538461538461 0.01044932079414838
0 0.9 0.41274817136886105 0.016923076923076923 0.029258098223615466
0 0.4419230769230769 0.4341692789968652 0.016153846153846154 0.02821316614420063
