0 0.85546875 0.24027777777777778 0.0828125 0.15555555555555556
0 0.922265625 0.2673611111111111 0.07578125 0.1486111111111111
0 0.702734375 0.18055555555555555 0.05234375 0.11388888888888889
0 0.651953125 0.27569444444444446 0.05546875 0.14027777777777778
0 0.701171875 0.3597222222222222 0.07421875 0.14722222222222223
0 0.5578125 0.26458333333333334 0.0890625 0.1375
0 0.412890625 0.34444444444444444 0.07734375 0.15833333333333333
0 0.32578125 0.1486111111111111 0.0796875 0.16666666666666666
0 0.2875 0.17222222222222222 0.06875 0.1527777777777778
0 0.115234375 0.24166666666666667 0.07421875 0.16111111111111112
0 0.202734375 0.19444444444444445 0.04609375 0.08333333333333333
0 0.1 0.39652777777777776 0.075 0.1486111111111111
0 0.000390625 0.16180555555555556 0.05546875 0.1486111111111111
0 -0.03203125 0.19375 0.0453125 0.07916666666666666
0 0.2875 0.16944444444444445 0.0671875 0.15
