0 0.46307692307692305 0.4003147953830011 0.033846153846153845 0.04512067156348373
0 0.46 0.3898216159496327 0.024615384615384615 0.040923399790136414
0 0.5284615384615384 0.3919202518363064 0.03538461538461538 0.04512067156348373
0 0.5480769230769231 0.4695697796432319 0.04230769230769231 0.05771248688352571
0 0.5473076923076923 0.39611752360965374 0.022307692307692306 0.03882476390346275
0 0.556923076923077 0.3740818467995803 0.027692307692307693 0.04512067156348373
0 0.5873076923076923 0.3641133263378804 0.013076923076923076 0.02098635886673662
0 0.6123076923076923 0.3751311647429171 0.033846153846153845 0.053515215110178385
0 0.6757692307692308 0.4003147953830011 0.03 0.05141657922350472
0 0.7215384615384616 0.3934942287513116 0.024615384615384615 0.03777544596012592
0 0.7453846153846154 0.36988457502623295 0.03076923076923077 0.04302203567681007
0 0.7815384615384615 0.3704092339979014 0.027692307692307693 0.04407135362014691
0 0.8196153846153846 0.3830010493179433 0.03461538461538462 0.048268625393494226
0 0.83 0.37303252885624344 0.026153846153846153 0.055613850996852045
0 0.8634615384615385 0.38037775445960126 0.03 0.04931794333683106
0 0.885 0.3919202518363064 0.022307692307692306 0.03252885624344176
