0 0.0635 0.2053030303030303 0.075 0.10454545454545454
0 0.3765 0.26515151515151514 0.045 0.07575757575757576
0 0.4695 0.30757575757575756 0.021 0.03333333333333333
0 0.5195 0.29848484848484846 0.011 0.021212121212121213
0 0.5835 0.2674242424242424 0.043 0.07424242424242425
0 0.641 0.29848484848484846 0.026 0.03636363636363636
0 0.6875 0.2825757575757576 0.027 0.04090909090909091
0 0.756 0.3007575757575758 0.02 0.03787878787878788
0 0.7805 0.30227272727272725 0.023 0.03787878787878788
0 0.819 0.32196969696969696 0.01 0.019696969696969695
0 0.841 0.3553030303030303 0.026 0.11363636363636363
0 0.872 0.3242424242424242 0.012 0.01818181818181818
0 0.9245 0.31666666666666665 0.011 0.021212121212121213
0 0.9755 0.30606060606060603 0.013 0.024242424242424242
