0 0.04541015625 0.447265625 0.0146484375 0.02734375
0 0.0029296875 0.5690104166666666 0.015625 0.028645833333333332
0 0.0205078125 0.5592447916666666 0.01953125 0.029947916666666668
0 0.0341796875 0.5611979166666666 0.017578125 0.028645833333333332
0 0.0712890625 0.5592447916666666 0.01953125 0.029947916666666668
0 0.0771484375 0.5501302083333334 0.021484375 0.032552083333333336
0 0.08154296875 0.560546875 0.0205078125 0.029947916666666668
0 0.1025390625 0.5494791666666666 0.01953125 0.03125
0 0.1162109375 0.53515625 0.017578125 0.026041666666666668
0 0.12890625 0.6022135416666666 0.0234375 0.024739583333333332
0 0.13330078125 0.5520833333333334 0.0185546875 0.028645833333333332
0 0.1376953125 0.5462239583333334 0.017578125 0.024739583333333332
0 0.1669921875 0.5631510416666666 0.01953125 0.032552083333333336
0 0.1982421875 0.5345052083333334 0.021484375 0.037760416666666664
0 0.22119140625 0.5540364583333334 0.0224609375 0.032552083333333336
0 0.26025390625 0.5455729166666666 0.0185546875 0.03125
0 0.26904296875 0.5221354166666666 0.0185546875 0.028645833333333332
0 0.26953125 0.5462239583333334 0.021484375 0.032552083333333336
0 0.287109375 0.533203125 0.021484375 0.032552083333333336
0 0.29150390625 0.5651041666666666 0.0205078125 0.026041666666666668
0 0.3037109375 0.55078125 0.021484375 0.033854166666666664
0 0.3193359375 0.54296875 0.021484375 0.033854166666666664
0 0.314453125 0.5748697916666666 0.017578125 0.029947916666666668
0 0.32763671875 0.5703125 0.0224609375 0.0390625
0 0.3310546875 0.5397135416666666 0.01953125 0.03515625
0 0.34814453125 0.564453125 0.0205078125 0.032552083333333336
0 0.3642578125 0.5442708333333334 0.017578125 0.026041666666666668
0 0.39404296875 0.5305989583333334 0.0244140625 0.040364583333333336
0 0.3984375 0.5657552083333334 0.0234375 0.04296875
0 0.4228515625 0.5442708333333334 0.029296875 0.046875
0 0.47802734375 0.5364583333333334 0.0283203125 0.049479166666666664
0 0.4501953125 0.52734375 0.0234375 0.033854166666666664
0 0.46826171875 0.541015625 0.0205078125 0.032552083333333336
0 0.51318359375 0.5436197916666666 0.0244140625 0.04296875
0 0.5400390625 0.544921875 0.029296875 0.040364583333333336
0 0.5654296875 0.54296875 0.029296875 0.049479166666666664
0 0.5732421875 0.5266927083333334 0.0234375 0.040364583333333336
0 0.60888671875 0.5364583333333334 0.0205078125 0.03125
0 0.60400390625 0.5533854166666666 0.0224609375 0.033854166666666664
0 0.634765625 0.5520833333333334 0.03125 0.044270833333333336
0 0.63671875 0.5592447916666666 0.0234375 0.03515625
0 0.6611328125 0.5403645833333334 0.029296875 0.0390625
0 0.70703125 0.5462239583333334 0.033203125 0.048177083333333336
0 0.70068359375 0.70703125 0.0283203125 0.044270833333333336
0 0.71142578125 0.5305989583333334 0.0283203125 0.045572916666666664
0 0.71240234375 0.5286458333333334 0.0263671875 0.046875
0 0.7724609375 0.5208333333333334 0.03125 0.036458333333333336
0 0.81787109375 0.537109375 0.0283203125 0.040364583333333336
0 0.81591796875 0.58203125 0.0361328125 0.049479166666666664
0 0.83447265625 0.548828125 0.0283203125 0.048177083333333336
0 0.86328125 0.5670572916666666 0.02734375 0.045572916666666664
0 0.8837890625 0.5143229166666666 0.02734375 0.044270833333333336
0 0.9228515625 0.5592447916666666 0.029296875 0.05078125
0 0.953125 0.552734375 0.025390625 0.037760416666666664
0 0.9677734375 0.5963541666666666 0.02734375 0.044270833333333336
0 0.97216796875 0.5514322916666666 0.0283203125 0.045572916666666664
0 0.99365234375 0.5670572916666666 0.0224609375 0.04296875
0 0.2705078125 0.544921875 0.021484375 0.03515625
0 0.24365234375 0.5651041666666666 0.0185546875 0.03125
