0 0.3612266112266112 0.5186915887850467 0.1340956340956341 0.24610591900311526
0 0.22817047817047817 0.3792834890965732 0.08835758835758836 0.13862928348909656
0 0.6585239085239085 0.40965732087227413 0.0841995841995842 0.1557632398753894
0 0.8757796257796258 0.34657320872274144 0.11330561330561331 0.16355140186915887
0 0.722972972972973 0.2897196261682243 0.057172557172557176 0.11214953271028037
0 0.5296257796257796 0.3574766355140187 0.057172557172557176 0.09813084112149532
0 0.39864864864864863 0.3629283489096573 0.07380457380457381 0.12461059190031153
0 0.40436590436590436 0.26401869158878505 0.04158004158004158 0.06386292834890965
0 0.4495841995841996 0.2702492211838006 0.038461538461538464 0.07009345794392523
0 0.48492723492723494 0.2383177570093458 0.038461538461538464 0.06542056074766354
0 0.581081081081081 0.2897196261682243 0.037422037422037424 0.07165109034267912
0 0.6294178794178794 0.29517133956386293 0.034303534303534305 0.05451713395638629
