0 0.85390625 0.31971153846153844 0.1203125 0.3894230769230769
0 0.56875 0.20072115384615385 0.09375 0.31490384615384615
0 0.345703125 0.2403846153846154 0.06015625 0.23076923076923078
0 0.261328125 0.24879807692307693 0.05078125 0.18990384615384615
0 0.234765625 0.20673076923076922 0.03828125 0.15384615384615385
0 0.107421875 0.2704326923076923 0.03828125 0.1466346153846154
0 0.128125 0.08774038461538461 0.03125 0.10817307692307693
0 0.009765625 0.18269230769230768 0.02421875 0.08653846153846154
0 0.046875 0.3088942307692308 0.034375 0.11298076923076923
0 0.084765625 0.2980769230769231 0.02890625 0.1201923076923077
0 0.519140625 -0.2932692307692308 0.06640625 0.21153846153846154
