0 0.078125 0.19791666666666666 0.060546875 0.09635416666666667
0 0.14599609375 0.5065104166666666 0.0693359375 0.109375
0 0.29248046875 0.48828125 0.0556640625 0.08333333333333333
0 0.6650390625 0.5182291666666666 0.0546875 0.10416666666666667
0 0.7529296875 0.5208333333333334 0.07421875 0.11458333333333333
0 0.1533203125 0.2682291666666667 0.048828125 0.08072916666666667
0 0.2041015625 0.22786458333333334 0.052734375 0.08854166666666667
0 0.25146484375 0.2766927083333333 0.0517578125 0.08463541666666667
0 0.3271484375 0.22721354166666666 0.044921875 0.07942708333333333
0 0.42138671875 0.19856770833333334 0.0478515625 0.08723958333333333
0 0.48974609375 0.208984375 0.0458984375 0.07161458333333333
0 0.53564453125 0.24283854166666666 0.0498046875 0.07942708333333333
0 0.583984375 0.23567708333333334 0.044921875 0.07552083333333333
0 0.6357421875 0.2526041666666667 0.05078125 0.0859375
0 0.6865234375 0.2513020833333333 0.05078125 0.0859375
0 0.7421875 0.22330729166666666 0.05859375 0.08723958333333333
0 0.7666015625 0.3541666666666667 0.05859375 0.0859375
0 0.8349609375 0.22721354166666666 0.05859375 0.10546875
0 0.9267578125 0.279296875 0.072265625 0.10807291666666667
