0 0.05007102272727273 0.4237689393939394 0.06534090909090909 0.10795454545454546
0 0.11683238636363637 0.3115530303030303 0.06605113636363637 0.11363636363636363
0 0.20472301136363635 0.34232954545454547 0.06285511363636363 0.10606060606060606
0 0.3760653409090909 0.2637310606060606 0.05113636363636364 0.08996212121212122
0 0.43785511363636365 0.39299242424242425 0.056107954545454544 0.0946969696969697
0 0.49964488636363635 0.33570075757575757 0.049005681818181816 0.08333333333333333
0 0.5422585227272727 0.3484848484848485 0.05184659090909091 0.08143939393939394
0 0.58203125 0.3103693181818182 0.013494318181818182 0.02130681818181818
0 0.611328125 0.3113162878787879 0.05007102272727273 0.08191287878787878
0 0.6530539772727273 0.3662405303030303 0.04971590909090909 0.08948863636363637
0 0.7020596590909091 0.3106060606060606 0.05042613636363636 0.08522727272727272
0 0.7672230113636364 0.2878787878787879 0.045099431818181816 0.06723484848484848
0 0.78125 0.3359375 0.05539772727272727 0.08759469696969698
0 0.8837002840909091 0.30705492424242425 0.05788352272727273 0.08948863636363637
