0 0.017333333333333333 0.8442932728647015 0.016666666666666666 0.045351473922902494
0 0.05266666666666667 0.8401360544217688 0.016666666666666666 0.04610733182161754
0 0.11666666666666667 0.8359788359788359 0.025333333333333333 0.06349206349206349
0 0.12433333333333334 0.825774754346183 0.014 0.04157218442932729
0 0.146 0.7430083144368859 0.006666666666666667 0.016628873771730914
0 0.365 0.891156462585034 0.012666666666666666 0.03779289493575208
0 0.39466666666666667 0.9089191232048375 0.013333333333333334 0.03552532123960695
0 0.41433333333333333 0.8518518518518519 0.011333333333333334 0.03476946334089191
0 0.4078333333333333 0.7887377173091459 0.004333333333333333 0.012849584278155708
0 0.42083333333333334 0.7928949357520786 0.004333333333333333 0.012093726379440665
0 0.6076666666666667 0.7615268329554044 0.007333333333333333 0.02040816326530612
0 0.685 0.7773998488284203 0.006 0.01436130007558579
0 0.7983333333333333 0.8499622071050642 0.007333333333333333 0.015873015873015872
0 0.7933333333333333 0.8522297808012094 0.006 0.017384731670445956
0 0.946 0.8337112622826909 0.005333333333333333 0.012093726379440665
0 0.9658333333333333 0.8382464096749811 0.005 0.012093726379440665
0 0.9938333333333333 0.826530612244898 0.0036666666666666666 0.009826152683295541
