0 0.721875 0.3447058823529412 0.0875 0.16705882352941176
0 0.6453125 0.22705882352941176 0.075 0.1623529411764706
0 0.49921875 0.4411764705882353 0.0828125 0.17176470588235293
0 0.33984375 0.45294117647058824 0.0765625 0.1623529411764706
0 0.50390625 0.18823529411764706 0.0734375 0.13647058823529412
0 0.4375 0.1623529411764706 0.065625 0.1223529411764706
0 0.27109375 0.16588235294117648 0.0734375 0.14352941176470588
0 -0.009375 0.39294117647058824 0.046875 0.09411764705882353
0 0.03125 0.36705882352941177 0.053125 0.08941176470588236
0 0.0125 0.33294117647058824 0.046875 0.07764705882352942
