0 0.05527638190954774 0.22322775263951736 0.02814070351758794 0.06033182503770739
0 0.036683417085427134 0.18929110105580693 0.031155778894472363 0.058823529411764705
0 0.09949748743718594 0.1885369532428356 0.02814070351758794 0.06033182503770739
0 0.16532663316582916 0.21266968325791855 0.035175879396984924 0.05731523378582202
0 0.21809045226130652 0.17496229260935142 0.036180904522613064 0.06636500754147813
0 0.2542713567839196 0.16591251885369532 0.02814070351758794 0.05731523378582202
0 0.2989949748743719 0.20512820512820512 0.031155778894472363 0.06033182503770739
0 0.36683417085427134 0.21116138763197587 0.03015075376884422 0.06334841628959276
0 0.4045226130653266 0.19607843137254902 0.02914572864321608 0.06334841628959276
0 0.4402010050251256 0.18627450980392157 0.03015075376884422 0.058823529411764705
0 0.41959798994974873 0.13951734539969834 0.031155778894472363 0.05279034690799397
0 0.47839195979899496 0.19909502262443438 0.02814070351758794 0.05429864253393665
0 0.5487437185929648 0.2239819004524887 0.032160804020100506 0.06485671191553545
0 0.614070351758794 0.16440422322775264 0.036180904522613064 0.0784313725490196
0 0.6949748743718593 0.19984917043740574 0.031155778894472363 0.07088989441930618
0 0.7361809045226131 0.22926093514328807 0.035175879396984924 0.0693815987933635
0 0.7462311557788944 0.20437405731523378 0.035175879396984924 0.06485671191553545
0 0.8371859296482412 0.2828054298642534 0.02814070351758794 0.06184012066365008
0 0.8371859296482412 0.22171945701357465 0.032160804020100506 0.05429864253393665
0 0.8879396984924623 0.3024132730015083 0.033165829145728645 0.06485671191553545
0 0.9447236180904522 0.33182503770739064 0.032160804020100506 0.06636500754147813
0 0.9457286432160804 0.33182503770739064 0.034170854271356785 0.06636500754147813
0 0.9763819095477387 0.23378582202111614 0.031155778894472363 0.06033182503770739
0 0.9608040201005025 0.18401206636500755 0.036180904522613064 0.06033182503770739
0 0.8889447236180904 0.193815987933635 0.031155778894472363 0.058823529411764705
0 0.8276381909547739 0.15987933634992457 0.027135678391959798 0.04524886877828054
0 0.4728643216080402 0.7262443438914027 0.04321608040201005 0.07088989441930618
0 0.9160804020100503 0.16063348416289594 0.02512562814070352 0.049773755656108594
0 0.8321608040201005 0.1870286576168929 0.03015075376884422 0.05429864253393665
0 0.5256281407035176 0.1794871794871795 0.032160804020100506 0.05429864253393665
