0 0.05401234567901234 0.4675925925925926 0.043209876543209874 0.06481481481481481
0 0.16049382716049382 0.4699074074074074 0.040123456790123455 0.07407407407407407
0 0.1728395061728395 0.5856481481481481 0.05555555555555555 0.09722222222222222
0 0.31558641975308643 0.49074074074074076 0.044753086419753084 0.0787037037037037
0 0.39891975308641975 0.4976851851851852 0.020061728395061727 0.037037037037037035
0 0.41435185185185186 0.4826388888888889 0.020061728395061727 0.03935185185185185
0 0.4691358024691358 0.5092592592592593 0.018518518518518517 0.032407407407407406
0 0.503858024691358 0.5185185185185185 0.026234567901234566 0.041666666666666664
0 0.5208333333333334 0.4837962962962963 0.016975308641975308 0.023148148148148147
0 0.5848765432098766 0.4652777777777778 0.009259259259259259 0.013888888888888888
0 0.6026234567901234 0.45023148148148145 0.007716049382716049 0.011574074074074073
0 0.7175925925925926 0.4618055555555556 0.006172839506172839 0.011574074074074073
0 0.7600308641975309 0.5381944444444444 0.010802469135802469 0.02546296296296296
0 0.8009259259259259 0.5208333333333334 0.012345679012345678 0.018518518518518517
0 0.8410493827160493 0.4849537037037037 0.033950617283950615 0.05787037037037037
0 0.8479938271604939 0.4988425925925926 0.026234567901234566 0.04398148148148148
