0 0.09389671361502347 0.7395833333333334 0.03286384976525822 0.0625
0 0.18427230046948356 0.7020833333333333 0.011737089201877934 0.020833333333333332
0 0.1977699530516432 0.7052083333333333 0.005868544600938967 0.010416666666666666
0 0.2282863849765258 0.6979166666666666 0.01056338028169014 0.020833333333333332
0 0.25938967136150237 0.7135416666666666 0.009389671361502348 0.01875
0 0.2852112676056338 0.690625 0.011737089201877934 0.01875
0 0.31161971830985913 0.7072916666666667 0.01056338028169014 0.01875
0 0.34330985915492956 0.678125 0.022300469483568074 0.03958333333333333
0 0.3961267605633803 0.7104166666666667 0.012910798122065728 0.020833333333333332
0 0.41960093896713613 0.7166666666666667 0.012910798122065728 0.020833333333333332
0 0.42194835680751175 0.6958333333333333 0.012910798122065728 0.020833333333333332
0 0.43720657276995306 0.7166666666666667 0.012910798122065728 0.025
0 0.4753521126760563 0.709375 0.014084507042253521 0.027083333333333334
0 0.4988262910798122 0.7041666666666667 0.014084507042253521 0.029166666666666667
0 0.5269953051643192 0.7166666666666667 0.014084507042253521 0.029166666666666667
0 0.5422535211267606 0.7125 0.014084507042253521 0.029166666666666667
0 0.5586854460093896 0.7010416666666667 0.014084507042253521 0.03125
0 0.5663145539906104 0.7052083333333333 0.012910798122065728 0.027083333333333334
0 0.596830985915493 0.7125 0.012910798122065728 0.029166666666666667
0 0.6214788732394366 0.70625 0.015258215962441314 0.03333333333333333
0 0.6525821596244131 0.7114583333333333 0.014084507042253521 0.035416666666666666
0 0.6842723004694836 0.7197916666666667 0.018779342723004695 0.03958333333333333
0 0.7194835680751174 0.7052083333333333 0.01643192488262911 0.03125
0 0.7511737089201878 0.7 0.018779342723004695 0.041666666666666664
0 0.8028169014084507 0.728125 0.02112676056338028 0.03958333333333333
0 0.8374413145539906 0.696875 0.02464788732394366 0.04375
0 0.8679577464788732 0.6989583333333333 0.022300469483568074 0.04791666666666667
0 0.875 0.6989583333333333 0.022300469483568074 0.03958333333333333
0 0.9172535211267606 0.6895833333333333 0.02699530516431925 0.05
0 0.9242957746478874 0.7166666666666667 0.022300469483568074 0.0375
0 0.9231220657276995 0.71875 0.017605633802816902 0.03333333333333333
0 0.9694835680751174 0.7125 0.028169014084507043 0.05416666666666667
