0 0.155 0.6086261980830671 0.04555555555555556 0.0670926517571885
0 0.24666666666666667 0.6717252396166135 0.015555555555555555 0.023961661341853034
0 0.2688888888888889 0.670926517571885 0.013333333333333334 0.019169329073482427
0 0.9488888888888889 0.6853035143769968 0.028888888888888888 0.04153354632587859
0 0.8138888888888889 0.6629392971246006 0.01 0.019169329073482427
0 0.6522222222222223 0.6773162939297125 0.013333333333333334 0.019169329073482427
0 0.6705555555555556 0.6725239616613419 0.012222222222222223 0.019169329073482427
0 0.635 0.7036741214057508 0.01 0.01757188498402556
0 0.6138888888888889 0.6956869009584664 0.01 0.01757188498402556
0 0.6077777777777778 0.7164536741214057 0.006666666666666667 0.011182108626198083
0 0.5477777777777778 0.6645367412140575 0.008888888888888889 0.01597444089456869
0 0.5694444444444444 0.6509584664536742 0.021111111111111112 0.03035143769968051
0 0.5405555555555556 0.7563897763578274 0.03 0.04952076677316294
0 0.5 0.6405750798722045 0.022222222222222223 0.03514376996805112
0 0.47555555555555556 0.6884984025559105 0.04 0.05750798722044728
0 0.3894444444444444 0.6980830670926518 0.03666666666666667 0.06389776357827476
0 0.41 0.6533546325878594 0.017777777777777778 0.025559105431309903
0 0.43722222222222223 0.6669329073482428 0.01 0.01437699680511182
0 0.31333333333333335 0.670926517571885 0.006666666666666667 0.009584664536741214
0 0.32055555555555554 0.6701277955271565 0.0077777777777777776 0.011182108626198083
0 0.3322222222222222 0.6717252396166135 0.006666666666666667 0.007987220447284345
0 0.35444444444444445 0.6717252396166135 0.011111111111111112 0.01757188498402556
0 0.37166666666666665 0.6749201277955271 0.0077777777777777776 0.01437699680511182
