0 0.71875 0.13875598086124402 0.004166666666666667 0.005741626794258373
0 0.7083333333333334 0.16889952153110047 0.005 0.0066985645933014355
0 0.76625 0.15454545454545454 0.004166666666666667 0.004784688995215311
0 0.7529166666666667 0.14832535885167464 0.010833333333333334 0.026794258373205742
0 0.7195833333333334 0.4966507177033493 0.009166666666666667 0.009569377990430622
0 0.7595833333333334 0.4904306220095694 0.0125 0.012440191387559809
0 0.7654166666666666 0.5655502392344498 0.0125 0.01722488038277512
0 0.8008333333333333 0.5617224880382775 0.013333333333333334 0.01722488038277512
0 0.8441666666666666 0.591866028708134 0.013333333333333334 0.01818181818181818
0 0.8775 0.6851674641148325 0.011666666666666667 0.013397129186602871
0 0.72625 0.6473684210526316 0.014166666666666666 0.020095693779904306
0 0.74375 0.6688995215311004 0.014166666666666666 0.019138755980861243
0 0.7679166666666667 0.6406698564593302 0.0125 0.01818181818181818
0 0.8166666666666667 0.6401913875598086 0.013333333333333334 0.019138755980861243
0 0.8179166666666666 0.654066985645933 0.019166666666666665 0.01818181818181818
0 0.8008333333333333 0.6784688995215311 0.013333333333333334 0.015311004784688996
0 0.79625 0.6933014354066985 0.014166666666666666 0.02200956937799043
0 0.7241666666666666 0.7736842105263158 0.016666666666666666 0.02200956937799043
0 0.73 0.7990430622009569 0.015 0.024880382775119617
0 0.7170833333333333 0.8444976076555024 0.015833333333333335 0.02583732057416268
0 0.8275 0.7832535885167464 0.016666666666666666 0.023923444976076555
0 0.9141666666666667 0.8315789473684211 0.013333333333333334 0.01722488038277512
0 0.86 0.837799043062201 0.018333333333333333 0.020095693779904306
0 0.8 0.8712918660287081 0.016666666666666666 0.027751196172248804
0 0.9204166666666667 0.9401913875598086 0.0175 0.027751196172248804
0 0.76875 0.930622009569378 0.019166666666666665 0.02583732057416268
0 0.7733333333333333 0.9368421052631579 0.02 0.024880382775119617
0 0.8404166666666667 0.9736842105263158 0.0225 0.03732057416267943
0 0.7316666666666667 0.723444976076555 0.013333333333333334 0.021052631578947368
