0 0.08666666666666667 0.30393996247654786 0.056 0.0825515947467167
0 0.216 0.34146341463414637 0.06666666666666667 0.1125703564727955
0 0.31466666666666665 0.6135084427767354 0.058666666666666666 0.0975609756097561
0 0.44 0.6013133208255159 0.056 0.09943714821763602
0 0.4033333333333333 0.4606003752345216 0.03333333333333333 0.054409005628517824
0 0.4726666666666667 0.4699812382739212 0.030666666666666665 0.05065666041275797
0 0.508 0.4371482176360225 0.032 0.0525328330206379
0 0.4673333333333333 0.4446529080675422 0.02266666666666667 0.04127579737335835
0 0.406 0.42401500938086306 0.025333333333333333 0.0450281425891182
0 0.34 0.3442776735459662 0.029333333333333333 0.04690431519699812
0 0.36533333333333334 0.27110694183864914 0.016 0.028142589118198873
0 0.4033333333333333 0.2804878048780488 0.030666666666666665 0.06566604127579738
0 0.508 0.3030018761726079 0.02666666666666667 0.04690431519699812
0 0.552 0.2776735459662289 0.016 0.02626641651031895
0 0.5653333333333334 0.2945590994371482 0.016 0.02626641651031895
0 0.5986666666666667 0.2926829268292683 0.010666666666666666 0.0150093808630394
0 0.556 0.4202626641651032 0.024 0.03377110694183865
0 0.6026666666666667 0.450281425891182 0.02666666666666667 0.04878048780487805
0 0.6386666666666667 0.44652908067542213 0.029333333333333333 0.0525328330206379
0 0.664 0.27861163227016883 0.010666666666666666 0.016885553470919325
0 0.6446666666666667 0.6951219512195121 0.068 0.11444652908067542
0 0.7433333333333333 0.6557223264540337 0.076 0.11069418386491557
0 0.738 0.32926829268292684 0.076 0.11444652908067542
0 0.916 0.3048780487804878 0.064 0.10318949343339587
