0 0.8361553784860558 0.5341796875 0.0846613545816733 0.05859375
0 0.9272908366533864 0.64892578125 0.02390438247011952 0.0263671875
0 0.7465139442231076 0.65283203125 0.0249003984063745 0.0283203125
0 0.6528884462151394 0.66015625 0.022908366533864542 0.029296875
0 0.5896414342629482 0.66259765625 0.021912350597609563 0.0283203125
0 0.5278884462151394 0.68359375 0.0199203187250996 0.0234375
0 0.0069721115537848604 0.35205078125 0.0199203187250996 0.0205078125
0 0.054282868525896415 0.353515625 0.012948207171314742 0.015625
0 0.13047808764940239 0.36767578125 0.017928286852589643 0.0205078125
0 0.12848605577689243 0.4716796875 0.017928286852589643 0.0234375
0 0.010956175298804782 0.51171875 0.0199203187250996 0.025390625
0 0.0602589641434263 0.51513671875 0.018924302788844622 0.0205078125
0 0.06274900398406374 0.49609375 0.017928286852589643 0.01953125
0 0.05976095617529881 0.4462890625 0.0199203187250996 0.021484375
0 0.01045816733067729 0.4384765625 0.018924302788844622 0.0234375
0 0.012948207171314742 0.3837890625 0.013944223107569721 0.021484375
0 0.036852589641434265 0.408203125 0.01593625498007968 0.021484375
0 0.045318725099601595 0.43212890625 0.01693227091633466 0.0205078125
0 0.09262948207171315 0.4462890625 0.017928286852589643 0.0234375
0 0.11304780876494024 0.51806640625 0.018924302788844622 0.0244140625
0 0.10408366533864542 0.55615234375 0.03884462151394422 0.0849609375
0 0.28834661354581675 0.50439453125 0.018924302788844622 0.0205078125
0 0.3237051792828685 0.51123046875 0.01593625498007968 0.0205078125
0 0.26195219123505975 0.49169921875 0.017928286852589643 0.0205078125
0 0.0951195219123506 0.35791015625 0.012948207171314742 0.0166015625
0 0.09113545816733068 0.373046875 0.01693227091633466 0.01953125
0 0.10557768924302789 0.390625 0.013944223107569721 0.015625
0 0.13745019920318724 0.3935546875 0.013944223107569721 0.017578125
0 0.061254980079681276 0.369140625 0.018924302788844622 0.017578125
0 0.06772908366533864 0.3916015625 0.01593625498007968 0.017578125
0 0.07021912350597609 0.408203125 0.014940239043824702 0.015625
0 0.13296812749003983 0.43701171875 0.014940239043824702 0.0205078125
0 0.2868525896414343 0.36376953125 0.013944223107569721 0.0185546875
0 0.33615537848605576 0.36083984375 0.01693227091633466 0.0166015625
0 0.3650398406374502 0.66748046875 0.022908366533864542 0.0224609375
0 0.29382470119521914 0.6884765625 0.025896414342629483 0.02734375
0 0.31175298804780877 0.7138671875 0.03386454183266932 0.03125
0 0.17878486055776893 0.404296875 0.060756972111553786 0.0546875
0 0.40537848605577687 0.2734375 0.0697211155378486 0.068359375
0 0.3152390438247012 0.67236328125 0.036852589641434265 0.0419921875
0 0.8127490039840638 0.32275390625 0.01593625498007968 0.0205078125
0 0.8715139442231076 0.302734375 0.01593625498007968 0.015625
0 0.8924302788844621 0.31201171875 0.013944223107569721 0.0205078125
0 0.9860557768924303 0.29541015625 0.017928286852589643 0.0185546875
0 0.5258964143426295 0.4130859375 0.013944223107569721 0.017578125
0 0.5149402390438247 0.37353515625 0.0099601593625498 0.0126953125
0 0.5602589641434262 0.36962890625 0.044820717131474105 0.0810546875
0 0.6215139442231076 0.3486328125 0.013944223107569721 0.015625
0 0.651394422310757 0.35107421875 0.01593625498007968 0.0185546875
0 0.6852589641434262 0.345703125 0.01195219123505976 0.015625
0 0.7121513944223108 0.3486328125 0.013944223107569721 0.015625
0 0.7121513944223108 0.3974609375 0.01593625498007968 0.01953125
0 0.6150398406374502 0.40869140625 0.014940239043824702 0.0205078125
0 0.6120517928286853 0.4248046875 0.014940239043824702 0.017578125
0 0.5502988047808764 0.431640625 0.014940239043824702 0.017578125
0 0.7594621513944223 0.44873046875 0.01693227091633466 0.0224609375
0 0.7350597609561753 0.4296875 0.0199203187250996 0.021484375
0 0.7514940239043825 0.41552734375 0.018924302788844622 0.0205078125
0 0.7963147410358565 0.42578125 0.01693227091633466 0.017578125
0 0.7943227091633466 0.412109375 0.02091633466135458 0.01953125
0 0.8406374501992032 0.46875 0.02390438247011952 0.02734375
0 0.9203187250996016 0.435546875 0.045816733067729085 0.107421875
0 0.8540836653386454 0.39599609375 0.014940239043824702 0.0185546875
0 0.8645418326693227 0.4052734375 0.013944223107569721 0.01953125
0 0.8152390438247012 0.359375 0.01693227091633466 0.01953125
0 0.8590637450199203 0.353515625 0.02091633466135458 0.021484375
0 0.8954183266932271 0.34814453125 0.01593625498007968 0.0205078125
0 0.9302788844621513 0.3408203125 0.01593625498007968 0.017578125
0 0.9661354581673307 0.33544921875 0.017928286852589643 0.0224609375
0 0.9880478087649402 0.3525390625 0.0199203187250996 0.0234375
0 0.9581673306772909 0.3515625 0.01593625498007968 0.01953125
0 0.9277888446215139 0.3203125 0.018924302788844622 0.021484375
0 0.9322709163346613 0.302734375 0.017928286852589643 0.021484375
0 0.850597609561753 0.35400390625 0.017928286852589643 0.0166015625
0 0.9915338645418327 0.3115234375 0.01693227091633466 0.01953125
0 0.9970119521912351 0.33349609375 0.017928286852589643 0.0244140625
0 0.12400398406374502 0.41259765625 0.014940239043824702 0.0185546875
