0 0.62841796875 0.238996138996139 0.078125 0.11969111969111969
0 0.468017578125 0.13474903474903474 0.06494140625 0.11814671814671815
0 0.6875 0.23474903474903475 0.0419921875 0.0833976833976834
0 0.838134765625 0.5366795366795367 0.02294921875 0.037065637065637064
0 0.2080078125 0.3162162162162162 0.0341796875 0.05945945945945946
0 0.10009765625 0.27837837837837837 0.0341796875 0.07335907335907337
0 0.0517578125 0.3142857142857143 0.033203125 0.05250965250965251
0 0.14013671875 0.33783783783783783 0.0283203125 0.04247104247104247
0 0.029296875 0.3694980694980695 0.0302734375 0.05945945945945946
0 0.370849609375 0.3274131274131274 0.02978515625 0.07104247104247104
