0 0.5428571428571428 0.5263671875 0.01818181818181818 0.0234375
0 0.8207792207792208 0.2978515625 0.015584415584415584 0.013671875
0 0.8097402597402598 0.29052734375 0.014285714285714285 0.0126953125
0 0.7649350649350649 0.28955078125 0.015584415584415584 0.0166015625
0 0.711038961038961 0.28466796875 0.016883116883116882 0.0107421875
0 0.6746753246753247 0.29248046875 0.014285714285714285 0.0126953125
0 0.6337662337662338 0.2822265625 0.015584415584415584 0.015625
0 0.6006493506493507 0.28076171875 0.014285714285714285 0.0146484375
0 0.4435064935064935 0.2607421875 0.014285714285714285 0.013671875
0 0.4077922077922078 0.26611328125 0.015584415584415584 0.0146484375
0 0.37012987012987014 0.2607421875 0.01818181818181818 0.013671875
0 0.3246753246753247 0.259765625 0.015584415584415584 0.017578125
0 0.2824675324675325 0.2529296875 0.01948051948051948 0.015625
