0 0.953125 0.04918032786885246 0.053125 0.0936768149882904
0 0.8625 0.06674473067915691 0.03125 0.053864168618266976
0 0.7875 0.07845433255269321 0.05625 0.11475409836065574
0 0.7515625 0.07962529274004684 0.046875 0.08430913348946135
0 0.68671875 0.10889929742388758 0.0171875 0.03044496487119438
0 0.6578125 0.18969555035128804 0.034375 0.14988290398126464
0 0.55390625 0.07494145199063232 0.0171875 0.02810304449648712
0 0.48515625 0.09484777517564402 0.0265625 0.04918032786885246
0 0.50390625 0.38875878220140514 0.0546875 0.08899297423887588
0 0.40859375 0.08665105386416862 0.0234375 0.03747072599531616
0 0.35859375 0.09133489461358314 0.0203125 0.02810304449648712
0 0.2921875 0.09016393442622951 0.025 0.0351288056206089
0 0.26640625 0.0936768149882904 0.0203125 0.03278688524590164
0 0.23125 0.08548009367681499 0.03125 0.053864168618266976
