0 0.9311224489795918 0.24863883847549909 0.10714285714285714 0.20689655172413793
0 0.2066326530612245 0.24500907441016334 0.06836734693877551 0.12341197822141561
0 0.6683673469387755 0.30943738656987296 0.030612244897959183 0.0780399274047187
0 0.7938775510204081 0.21234119782214156 0.02857142857142857 0.047186932849364795
0 0.5836734693877551 0.17785843920145192 0.024489795918367346 0.050816696914700546
0 0.5683673469387756 0.011796733212341199 0.012244897959183673 0.02722323049001815
0 0.5219387755102041 -0.007259528130671506 0.013265306122448979 0.021778584392014518
0 0.6025510204081632 -0.023593466424682397 0.013265306122448979 0.021778584392014518
0 0.32755102040816325 0.23774954627949182 0.0326530612244898 0.07622504537205081
0 0.425 0.2395644283121597 0.03571428571428571 0.06170598911070781
0 0.4045918367346939 0.2014519056261343 0.027551020408163266 0.06170598911070781
0 0.42653061224489797 0.08166969147005444 0.024489795918367346 0.05807622504537205
0 0.4479591836734694 0.0780399274047187 0.018367346938775512 0.039927404718693285
0 0.08622448979591837 0.3666061705989111 0.019387755102040816 0.036297640653357534
0 0.02806122448979592 0.382032667876588 0.02959183673469388 0.045372050816696916
