0 0.0085 0.6280120481927711 0.009 0.012048192771084338
0 0.007 0.6280120481927711 0.008 0.012048192771084338
0 0.059 0.6521084337349398 0.014 0.03313253012048193
0 0.0685 0.6408132530120482 0.005 0.007530120481927711
0 0.11 0.6106927710843374 0.008 0.01355421686746988
0 0.125 0.6212349397590361 0.006 0.010542168674698794
0 0.1415 0.6302710843373494 0.005 0.007530120481927711
0 0.1965 0.6106927710843374 0.007 0.010542168674698794
0 0.203 0.6174698795180723 0.008 0.012048192771084338
0 0.2135 0.6129518072289156 0.005 0.009036144578313253
0 0.2285 0.6129518072289156 0.007 0.009036144578313253
0 0.2345 0.6167168674698795 0.005 0.007530120481927711
0 0.248 0.6174698795180723 0.006 0.009036144578313253
0 0.2475 0.6167168674698795 0.005 0.007530120481927711
0 0.264 0.6310240963855421 0.004 0.006024096385542169
0 0.306 0.6129518072289156 0.006 0.009036144578313253
0 0.328 0.6219879518072289 0.006 0.009036144578313253
0 0.3405 0.6423192771084337 0.015 0.05572289156626506
0 0.353 0.6468373493975904 0.016 0.05572289156626506
0 0.3685 0.6174698795180723 0.007 0.012048192771084338
0 0.386 0.615210843373494 0.006 0.010542168674698794
0 0.3845 0.6272590361445783 0.005 0.007530120481927711
0 0.403 0.6265060240963856 0.004 0.006024096385542169
0 0.4105 0.6408132530120482 0.013 0.043674698795180725
0 0.4155 0.6408132530120482 0.011 0.04066265060240964
0 0.4985 0.6182228915662651 0.005 0.007530120481927711
0 0.4895 0.6378012048192772 0.017 0.046686746987951805
0 0.478 0.6204819277108434 0.004 0.006024096385542169
0 0.4675 0.6137048192771084 0.005 0.007530120481927711
0 0.447 0.6144578313253012 0.006 0.009036144578313253
0 0.4485 0.634789156626506 0.005 0.007530120481927711
0 0.4295 0.6182228915662651 0.005 0.007530120481927711
0 0.4225 0.6408132530120482 0.009 0.04066265060240964
0 0.5175 0.6370481927710844 0.009 0.03614457831325301
0 0.5275 0.6219879518072289 0.005 0.009036144578313253
0 0.5335 0.6167168674698795 0.003 0.004518072289156626
0 0.5405 0.6182228915662651 0.005 0.007530120481927711
0 0.547 0.6182228915662651 0.006 0.007530120481927711
0 0.5545 0.6167168674698795 0.005 0.007530120481927711
0 0.585 0.6219879518072289 0.004 0.006024096385542169
0 0.6105 0.6385542168674698 0.011 0.0391566265060241
0 0.621 0.6182228915662651 0.004 0.007530120481927711
0 0.592 0.6325301204819277 0.01 0.04819277108433735
0 0.5995 0.634789156626506 0.015 0.04066265060240964
0 0.6665 0.6174698795180723 0.005 0.006024096385542169
0 0.671 0.6204819277108434 0.004 0.006024096385542169
0 0.83 0.6137048192771084 0.004 0.007530120481927711
0 0.8685 0.6204819277108434 0.007 0.009036144578313253
0 0.905 0.6257530120481928 0.006 0.007530120481927711
0 0.9045 0.6265060240963856 0.005 0.009036144578313253
0 0.764 0.6317771084337349 0.01 0.04066265060240964
0 0.9955 0.6460843373493976 0.009 0.08433734939759036
0 0.7305 0.6400602409638554 0.013 0.018072289156626505
0 0.682 0.6385542168674698 0.012 0.02108433734939759
0 0.3945 0.6701807228915663 0.023 0.0391566265060241
0 0.3245 0.6641566265060241 0.021 0.03313253012048193
0 0.306 0.6558734939759037 0.02 0.03162650602409638
0 0.2075 0.6573795180722891 0.017 0.025602409638554216
0 0.167 0.6144578313253012 0.018 0.03313253012048193
0 0.1235 0.6581325301204819 0.021 0.03614457831325301
0 0.1075 0.6588855421686747 0.025 0.046686746987951805
