0 0.0302734375 0.6209677419354839 0.037109375 0.06598240469208211
0 0.12451171875 0.6334310850439883 0.0341796875 0.06158357771260997
0 0.166015625 0.6158357771260997 0.0234375 0.04985337243401759
0 0.20703125 0.5850439882697948 0.041015625 0.07038123167155426
0 0.2275390625 0.5901759530791789 0.033203125 0.060117302052785926
0 0.39208984375 0.5425219941348973 0.0380859375 0.07624633431085044
0 0.3515625 0.5762463343108505 0.0390625 0.06744868035190615
0 0.32421875 0.5813782991202346 0.02734375 0.04838709677419355
0 0.41943359375 0.5740469208211144 0.0380859375 0.0718475073313783
0 0.48046875 0.6121700879765396 0.0234375 0.036656891495601175
0 0.4912109375 0.6114369501466276 0.025390625 0.03812316715542522
0 0.56298828125 0.6136363636363636 0.0224609375 0.03372434017595308
0 0.68359375 0.3152492668621701 0.072265625 0.10850439882697947
0 0.8388671875 0.3651026392961877 0.072265625 0.12316715542521994
0 0.9970703125 0.5601173020527859 0.033203125 0.07331378299120235
0 0.6025390625 0.6143695014662757 0.021484375 0.03225806451612903
0 0.30908203125 0.5960410557184751 0.0302734375 0.051319648093841645
