0 0.08641975308641975 0.6356877323420075 0.037037037037037035 0.06691449814126393
0 0.1425925925925926 0.5641263940520446 0.03333333333333333 0.06505576208178439
0 0.26358024691358023 0.3903345724907063 0.040740740740740744 0.07806691449814127
0 0.3493827160493827 0.41728624535315983 0.04197530864197531 0.06505576208178439
0 0.31419753086419755 0.4591078066914498 0.03333333333333333 0.07434944237918216
0 0.4919753086419753 0.4563197026022305 0.03333333333333333 0.05390334572490706
0 0.41172839506172837 0.5288104089219331 0.030864197530864196 0.0687732342007435
0 0.5320987654320988 0.4284386617100372 0.0345679012345679 0.05762081784386617
0 0.5722222222222222 0.5185873605947955 0.028395061728395062 0.055762081784386616
0 0.6771604938271605 0.39684014869888473 0.040740740740740744 0.0687732342007435
0 0.737037037037037 0.4433085501858736 0.037037037037037035 0.05762081784386617
0 0.7746913580246914 0.5185873605947955 0.03580246913580247 0.06691449814126393
0 0.8592592592592593 0.3745353159851301 0.044444444444444446 0.0724907063197026
0 0.8290123456790124 0.8113382899628253 0.05308641975308642 0.09479553903345725
0 0.4024691358024691 0.7769516728624535 0.05925925925925926 0.10408921933085502
0 0.3 0.8234200743494424 0.06172839506172839 0.11524163568773234
