0 0.04726239669421488 0.38548136645962733 0.029442148760330578 0.05357142857142857
0 0.05113636363636364 0.5236801242236024 0.028925619834710745 0.056677018633540376
0 0.07851239669421488 0.5112577639751553 0.030991735537190084 0.05822981366459627
0 0.12887396694214875 0.546972049689441 0.028409090909090908 0.04580745341614907
0 0.1797520661157025 0.5085403726708074 0.058884297520661155 0.10093167701863354
0 0.3868801652892562 0.4922360248447205 0.05268595041322314 0.11024844720496894
0 0.44989669421487605 0.484860248447205 0.09917355371900827 0.1420807453416149
0 0.6172520661157025 0.5031055900621118 0.05165289256198347 0.08540372670807453
0 0.68724173553719 0.4670031055900621 0.05010330578512397 0.0986024844720497
0 0.7696280991735537 0.4751552795031056 0.038223140495867766 0.06677018633540373
0 0.6371384297520661 0.5275621118012422 0.038739669421487606 0.06909937888198758
0 0.7120351239669421 0.4817546583850932 0.03254132231404959 0.05512422360248447
0 0.8582128099173554 0.48020186335403725 0.042871900826446284 0.07686335403726709
0 0.8545971074380165 0.4666149068322981 0.040805785123966945 0.07142857142857142
0 0.8879132231404959 0.42701863354037267 0.038223140495867766 0.07453416149068323
0 0.9744318181818182 0.484472049689441 0.03667355371900827 0.062111801242236024
