0 0.8271428571428572 0.2762312633832976 0.045714285714285714 0.07708779443254818
0 0.6442857142857142 0.2580299785867238 0.04285714285714286 0.07922912205567452
0 0.4714285714285714 0.2708779443254818 0.04857142857142857 0.07922912205567452
0 0.3171428571428571 0.2505353319057816 0.04285714285714286 0.07708779443254818
0 0.21 0.2880085653104925 0.054285714285714284 0.09635974304068523
0 0.12571428571428572 0.2826552462526767 0.054285714285714284 0.08993576017130621
0 0.9564285714285714 0.49143468950749464 0.10428571428571429 0.16916488222698073
0 0.24285714285714285 0.7355460385438972 0.20857142857142857 0.3361884368308351
0 0.3842857142857143 0.5342612419700214 0.11714285714285715 0.20770877944325483
0 0.5257142857142857 0.5513918629550322 0.10285714285714286 0.1777301927194861
0 0.08714285714285715 0.5321199143468951 0.11428571428571428 0.20342612419700215
0 0.625 0.4796573875802998 0.07285714285714286 0.12419700214132762
0 0.0064285714285714285 0.45074946466809424 0.06428571428571428 0.13062098501070663
0 0.18285714285714286 0.5160599571734475 0.1 0.17130620985010706
0 0.24857142857142858 0.45289079229122053 0.08571428571428572 0.14775160599571735
