0 0.01953125 0.129 0.0234375 0.03
0 0.13203125 0.113 0.0203125 0.026
0 0.11484375 0.13 0.0203125 0.032
0 0.1421875 0.334 0.025 0.04
0 0.14765625 0.292 0.0234375 0.036
0 0.24765625 0.285 0.0296875 0.038
0 0.284375 0.338 0.028125 0.04
0 0.3125 0.388 0.03125 0.04
0 0.24296875 0.469 0.0296875 0.054
0 0.39921875 0.367 0.0296875 0.046
0 0.409375 0.368 0.025 0.04
0 0.40625 0.439 0.028125 0.042
0 0.43828125 0.433 0.0296875 0.042
0 0.51328125 0.415 0.0265625 0.034
0 0.534375 0.456 0.03125 0.048
0 0.5640625 0.458 0.03125 0.032
0 0.5671875 0.504 0.034375 0.052
0 0.56875 0.504 0.0375 0.048
0 0.63203125 0.53 0.0328125 0.04
0 0.690625 0.556 0.034375 0.044
0 0.7453125 0.551 0.034375 0.054
0 0.8078125 0.552 0.0375 0.048
0 0.69921875 0.821 0.0421875 0.066
0 0.421875 0.601 0.0375 0.054
