0 0.93125 0.39737991266375544 0.03958333333333333 0.1091703056768559
0 0.9020833333333333 0.45087336244541487 0.035416666666666666 0.09388646288209607
0 0.7713541666666667 0.6342794759825328 0.040625 0.10698689956331878
0 0.6880208333333333 0.6495633187772926 0.03854166666666667 0.0982532751091703
0 0.5682291666666667 0.5895196506550219 0.03229166666666667 0.09170305676855896
0 0.45 0.6233624454148472 0.035416666666666666 0.0982532751091703
0 0.3765625 0.6451965065502183 0.03229166666666667 0.08951965065502183
0 0.309375 0.638646288209607 0.03333333333333333 0.10262008733624454
0 0.19895833333333332 0.6397379912663755 0.035416666666666666 0.09170305676855896
0 0.14322916666666666 0.631004366812227 0.036458333333333336 0.10480349344978165
0 0.21822916666666667 0.5764192139737991 0.03229166666666667 0.08733624454148471
0 0.08333333333333333 0.4028384279475983 0.035416666666666666 0.08951965065502183
0 0.1265625 0.425764192139738 0.03229166666666667 0.08733624454148471
0 0.14791666666666667 0.40611353711790393 0.027083333333333334 0.08296943231441048
0 0.18541666666666667 0.4126637554585153 0.025 0.06986899563318777
0 0.23697916666666666 0.4039301310043668 0.030208333333333334 0.07423580786026202
0 0.2755208333333333 0.36681222707423583 0.030208333333333334 0.08296943231441048
0 0.3223958333333333 0.3384279475982533 0.03229166666666667 0.09606986899563319
0 0.42916666666666664 0.36681222707423583 0.03333333333333333 0.09606986899563319
0 0.4895833333333333 0.3941048034934498 0.03333333333333333 0.0982532751091703
0 0.5744791666666667 0.40065502183406115 0.03229166666666667 0.08078602620087336
0 0.6354166666666666 0.40611353711790393 0.03333333333333333 0.08733624454148471
0 0.6927083333333334 0.40611353711790393 0.03333333333333333 0.08733624454148471
0 0.7328125 0.39192139737991266 0.03229166666666667 0.0851528384279476
0 0.7932291666666667 0.4126637554585153 0.034375 0.08733624454148471
0 0.8583333333333333 0.41593886462882096 0.03958333333333333 0.09388646288209607
0 0.6802083333333333 0.35152838427947597 0.03333333333333333 0.08733624454148471
0 0.6307291666666667 0.3002183406113537 0.028125 0.0851528384279476
0 0.5989583333333334 0.3067685589519651 0.03125 0.0851528384279476
0 0.5359375 0.35043668122270744 0.028125 0.07641921397379912
0 0.4630208333333333 0.34279475982532753 0.030208333333333334 0.08296943231441048
0 0.3984375 0.3406113537117904 0.036458333333333336 0.09606986899563319
0 0.35520833333333335 0.3406113537117904 0.03125 0.08296943231441048
0 0.04583333333333333 0.4148471615720524 0.025 0.05240174672489083
