0 0.023 0.612 0.042 0.064
0 0.2435 0.5566666666666666 0.045 0.07333333333333333
0 0.233 0.342 0.036 0.05466666666666667
0 0.3115 0.33866666666666667 0.035 0.058666666666666666
0 0.355 0.35133333333333333 0.036 0.05466666666666667
0 0.3565 0.5453333333333333 0.037 0.06133333333333333
0 0.43 0.3526666666666667 0.04 0.06
0 0.4555 0.384 0.035 0.06133333333333333
0 0.53 0.3566666666666667 0.036 0.06
0 0.6155 0.3566666666666667 0.035 0.06266666666666666
0 0.5855 0.5073333333333333 0.037 0.06
0 0.667 0.546 0.034 0.05733333333333333
0 0.757 0.54 0.042 0.072
0 0.685 0.398 0.04 0.06533333333333333
0 0.7505 0.372 0.035 0.058666666666666666
0 0.822 0.354 0.04 0.06266666666666666
0 0.8425 0.4073333333333333 0.039 0.07066666666666667
