0 0.9638694638694638 0.3713450292397661 0.04895104895104895 0.09707602339181287
0 0.7746697746697747 0.3725146198830409 0.04972804972804973 0.09707602339181287
0 0.6647241647241647 0.36666666666666664 0.05516705516705517 0.09707602339181287
0 0.5866355866355867 0.4070175438596491 0.045066045066045064 0.08654970760233918
0 0.4292929292929293 0.4409356725146199 0.05672105672105672 0.10292397660818714
0 0.37567987567987565 0.3888888888888889 0.04584304584304584 0.09473684210526316
0 0.27195027195027194 0.4070175438596491 0.05283605283605284 0.10760233918128655
0 0.15345765345765347 0.37953216374269005 0.042735042735042736 0.0783625730994152
0 0.27000777000777 0.4649122807017544 0.05982905982905983 0.12280701754385964
0 0.08313908313908314 0.7298245614035088 0.16627816627816627 0.5403508771929825
0 0.7362082362082362 0.3286549707602339 0.03807303807303807 0.05380116959064327
0 0.8589743589743589 0.3713450292397661 0.03651903651903652 0.06900584795321638
