0 0.041923076923076924 0.5952879581151832 0.022307692307692306 0.032460732984293195
0 0.046538461538461535 0.5602094240837696 0.014615384615384615 0.023036649214659685
0 0.08730769230769231 0.5801047120418849 0.016153846153846154 0.020942408376963352
0 0.13192307692307692 0.5801047120418849 0.022307692307692306 0.033507853403141365
0 0.12038461538461538 0.581151832460733 0.01769230769230769 0.027225130890052355
0 0.12653846153846154 0.5696335078534032 0.014615384615384615 0.023036649214659685
0 0.16230769230769232 0.5712041884816754 0.012307692307692308 0.01780104712041885
0 0.24961538461538463 0.5706806282722513 0.03 0.041884816753926704
0 0.3096153846153846 0.5738219895287958 0.025384615384615384 0.04397905759162304
0 0.38846153846153847 0.5717277486910994 0.013846153846153847 0.03769633507853403
0 0.3976923076923077 0.5596858638743456 0.004615384615384616 0.009424083769633508
0 0.4219230769230769 0.556020942408377 0.005384615384615384 0.008376963350785341
0 0.4530769230769231 0.5780104712041885 0.026153846153846153 0.031413612565445025
0 0.7092307692307692 0.6 0.036923076923076927 0.050261780104712044
0 0.6565384615384615 0.599476439790576 0.025384615384615384 0.03664921465968586
0 0.6861538461538461 0.5795811518324607 0.02 0.0387434554973822
0 0.6680769230769231 0.5565445026178011 0.011538461538461539 0.019895287958115182
0 0.7157692307692308 0.5649214659685864 0.016153846153846154 0.02198952879581152
0 0.7234615384615385 0.5570680628272251 0.013076923076923076 0.020942408376963352
0 0.77 0.5664921465968586 0.013846153846153847 0.018848167539267015
0 0.7884615384615384 0.5544502617801047 0.015384615384615385 0.024083769633507852
0 0.8557692307692307 0.5471204188481675 0.031538461538461536 0.0387434554973822
0 0.8815384615384615 0.5685863874345549 0.018461538461538463 0.033507853403141365
0 0.905 0.5837696335078534 0.02076923076923077 0.03455497382198953
0 0.9515384615384616 0.5591623036649215 0.026153846153846153 0.039790575916230364
0 1.0 0.5827225130890052 0.023076923076923078 0.0387434554973822
0 1.0003846153846154 0.5408376963350785 0.023846153846153847 0.03455497382198953
0 0.9619230769230769 0.5366492146596858 0.022307692307692306 0.030366492146596858
0 0.9073076923076923 0.537696335078534 0.011538461538461539 0.019895287958115182
0 0.9407692307692308 0.5387434554973822 0.013846153846153847 0.01780104712041885
0 0.8353846153846154 0.5743455497382199 0.021538461538461538 0.03455497382198953
