0 0.7660845588235294 0.6468545751633987 0.15533088235294118 0.24387254901960784
0 0.6453737745098039 0.5627042483660131 0.0897671568627451 0.16462418300653595
0 0.7204350490196079 0.43300653594771243 0.07383578431372549 0.13562091503267973
0 0.6691176470588235 0.3417075163398693 0.05024509803921569 0.08946078431372549
0 0.31112132352941174 0.3886846405228758 0.07322303921568628 0.13112745098039216
0 0.2268688725490196 0.5469771241830066 0.10018382352941177 0.1650326797385621
0 0.17110906862745098 0.6736111111111112 0.11427696078431372 0.18872549019607843
0 0.16559436274509803 0.32230392156862747 0.05974264705882353 0.08496732026143791
0 0.02849264705882353 0.2914624183006536 0.05759803921568627 0.06740196078431372
0 0.16023284313725492 0.26572712418300654 0.03982843137254902 0.06413398692810457
0 0.2522977941176471 0.3137254901960784 0.04932598039215686 0.08169934640522876
0 0.29580269607843135 0.2945261437908497 0.04136029411764706 0.0661764705882353
0 0.39797794117647056 0.3694852941176471 0.0545343137254902 0.09109477124183006
0 0.4411764705882353 0.3386437908496732 0.042279411764705885 0.08251633986928104
0 0.6691176470588235 0.340890522875817 0.0508578431372549 0.09191176470588236
0 0.6092218137254902 0.3366013071895425 0.03400735294117647 0.05718954248366013
0 0.4771752450980392 0.3423202614379085 0.03400735294117647 0.06209150326797386
0 0.5064338235294118 0.29820261437908496 0.030637254901960783 0.056372549019607844
