0 0.5384615384615384 0.47 0.03282051282051282 0.095
0 0.5923076923076923 0.36 0.029743589743589743 0.09
0 0.44051282051282054 0.31125 0.04205128205128205 0.1225
0 0.40205128205128204 0.44375 0.022564102564102566 0.0675
0 0.3523076923076923 0.44 0.027692307692307693 0.08
0 0.3158974358974359 0.42875 0.022564102564102566 0.0625
0 0.29128205128205126 0.4825 0.02666666666666667 0.08
0 0.23794871794871794 0.52 0.018461538461538463 0.055
0 0.2723076923076923 0.5175 0.015384615384615385 0.055
0 0.20307692307692307 0.48 0.020512820512820513 0.06
0 0.23692307692307693 0.475 0.018461538461538463 0.05
0 0.16205128205128205 0.5725 0.020512820512820513 0.065
0 0.18512820512820513 0.56875 0.015384615384615385 0.0425
0 0.12666666666666668 0.52625 0.017435897435897435 0.0575
0 0.05897435897435897 0.6575 0.013333333333333334 0.035
0 0.1082051282051282 0.625 0.013333333333333334 0.035
