0 0.06211869107043816 0.30875 0.019966722129783693 0.030833333333333334
0 0.3103161397670549 0.29833333333333334 0.018302828618968387 0.028333333333333332
0 0.21769273433166944 0.47875 0.040488075429839156 0.0575
0 0.6333887964503605 0.24 0.024403771491957847 0.03666666666666667
0 0.7318358291735996 0.46458333333333335 0.032723239046034386 0.06416666666666666
0 0.723516361619523 0.24875 0.01608430393788131 0.0275
0 0.8316694398225181 0.27208333333333334 0.021630615640599003 0.030833333333333334
0 0.9703272323904604 0.35208333333333336 0.032723239046034386 0.034166666666666665
0 0.45562950637825844 0.09 0.012756516916250694 0.028333333333333332
0 0.0024958402662229617 0.20916666666666667 0.010537992235163616 0.021666666666666667
0 0.03216860787576262 0.20625 0.013311148086522463 0.0225
0 0.08985024958402663 0.17291666666666666 0.00887409872434831 0.0125
0 0.09484193011647254 0.18916666666666668 0.009983361064891847 0.016666666666666666
0 0.13588463671658346 0.18166666666666667 0.009983361064891847 0.016666666666666666
0 0.14143094841930118 0.21291666666666667 0.011092623405435386 0.019166666666666665
0 0.12146422628951747 0.21041666666666667 0.013311148086522463 0.0225
0 0.10870770937326678 0.2575 0.014420410427066 0.02
0 0.13283416528008873 0.27791666666666665 0.013865779256794232 0.025833333333333333
0 0.16999445368829727 0.26666666666666666 0.011647254575707155 0.021666666666666667
0 0.1985579589572934 0.26458333333333334 0.013311148086522463 0.020833333333333332
0 0.23155851358846366 0.2704166666666667 0.012756516916250694 0.024166666666666666
0 0.25540765391014975 0.25916666666666666 0.010537992235163616 0.02
0 0.23183582917359954 0.20583333333333334 0.013311148086522463 0.023333333333333334
0 0.18746533555185801 0.20041666666666666 0.013311148086522463 0.0225
0 0.16971713810316139 0.20666666666666667 0.011092623405435386 0.016666666666666666
0 0.16528008874098724 0.18375 0.009983361064891847 0.0175
0 0.21575152523571825 0.15166666666666667 0.005546311702717693 0.01
0 0.3067110371602884 0.19916666666666666 0.012201885745978924 0.02
0 0.3574597892401553 0.19375 0.012756516916250694 0.0225
0 0.3266777592900721 0.15208333333333332 0.005546311702717693 0.010833333333333334
0 0.39378813089295617 0.1625 0.004437049362174155 0.008333333333333333
0 0.41430948419301167 0.15041666666666667 0.0066555740432612314 0.010833333333333334
0 0.4040488075429839 0.1375 0.004991680532445923 0.008333333333333333
0 0.4209650582362729 0.1375 0.004437049362174155 0.006666666666666667
0 0.4764281752634498 0.17125 0.005546311702717693 0.010833333333333334
0 0.4769828064337216 0.14916666666666667 0.005546311702717693 0.01
0 0.49389905712701054 0.1375 0.003882418191902385 0.006666666666666667
0 0.49944536882972823 0.13333333333333333 0.003882418191902385 0.006666666666666667
0 0.5085967831392124 0.16083333333333333 0.005546311702717693 0.011666666666666667
0 0.5629506378258459 0.16416666666666666 0.005546311702717693 0.01
0 0.5990016638935108 0.1325 0.004437049362174155 0.006666666666666667
0 0.6039933444259568 0.14416666666666667 0.004437049362174155 0.006666666666666667
0 0.6109262340543539 0.14375 0.003882418191902385 0.0075
0 0.6189683860232945 0.14541666666666667 0.004437049362174155 0.005833333333333334
0 0.6347753743760399 0.14541666666666667 0.004991680532445923 0.009166666666666667
0 0.6508596783139212 0.14458333333333334 0.004991680532445923 0.009166666666666667
0 0.6636161952301719 0.15041666666666667 0.004991680532445923 0.009166666666666667
0 0.6835829173599556 0.13916666666666666 0.003882418191902385 0.006666666666666667
0 0.7573488630061009 0.13958333333333334 0.004991680532445923 0.009166666666666667
0 0.7958957293399889 0.14458333333333334 0.005546311702717693 0.009166666666666667
0 0.8017193566278424 0.16875 0.007210205213533 0.010833333333333334
0 0.8078202995008319 0.16791666666666666 0.004991680532445923 0.009166666666666667
0 0.8155851358846368 0.16833333333333333 0.006100942872989462 0.01
0 0.822240709927898 0.17166666666666666 0.007210205213533 0.01
0 0.8302828618968386 0.15333333333333332 0.0066555740432612314 0.011666666666666667
0 0.8369384359400999 0.14916666666666667 0.0066555740432612314 0.01
0 0.5113699389905713 0.19916666666666666 0.0066555740432612314 0.01
0 0.5330005546311702 0.19833333333333333 0.00887409872434831 0.013333333333333334
0 0.5574043261231281 0.1825 0.009983361064891847 0.016666666666666666
0 0.5701608430393789 0.17666666666666667 0.00887409872434831 0.018333333333333333
0 0.5940099833610649 0.17083333333333334 0.011092623405435386 0.018333333333333333
0 0.6092623405435386 0.20041666666666666 0.008319467554076539 0.015833333333333335
0 0.6295063782584581 0.17208333333333334 0.005546311702717693 0.010833333333333334
0 0.6328341652800887 0.17583333333333334 0.00776483638380477 0.015
0 0.6605657237936772 0.195 0.009983361064891847 0.015
0 0.6735995562950637 0.18 0.010537992235163616 0.016666666666666666
0 0.6999445368829729 0.20125 0.00776483638380477 0.014166666666666666
0 0.7160288408208542 0.19791666666666666 0.009983361064891847 0.014166666666666666
0 0.7312811980033278 0.19333333333333333 0.010537992235163616 0.016666666666666666
0 0.7853577371048253 0.19125 0.009983361064891847 0.0175
0 0.7759290072102052 0.195 0.009983361064891847 0.02
0 0.8344425956738769 0.20541666666666666 0.011647254575707155 0.020833333333333332
0 0.8033832501386577 0.20291666666666666 0.009428729894620078 0.014166666666666666
0 0.8200221852468109 0.19833333333333333 0.009428729894620078 0.015
0 0.8563505268996118 0.20166666666666666 0.009983361064891847 0.013333333333333334
0 0.8899057127010538 0.2075 0.011647254575707155 0.021666666666666667
0 0.9281752634498058 0.20583333333333334 0.012756516916250694 0.02
0 0.915696062118691 0.17583333333333334 0.00776483638380477 0.013333333333333334
0 0.6569606211869107 0.25625 0.010537992235163616 0.020833333333333332
0 0.7157515252357183 0.25375 0.011647254575707155 0.024166666666666666
0 0.742928452579035 0.25916666666666666 0.011647254575707155 0.021666666666666667
0 0.7689961175818081 0.25625 0.011647254575707155 0.0225
0 0.7975596228508042 0.24958333333333332 0.013311148086522463 0.025833333333333333
0 0.8236272878535774 0.2554166666666667 0.011092623405435386 0.020833333333333332
0 0.853300055463117 0.2579166666666667 0.012756516916250694 0.0225
0 0.8843594009983361 0.25458333333333333 0.013865779256794232 0.024166666666666666
0 0.9453688297282308 0.27375 0.012756516916250694 0.0225
0 0.9839156960621187 0.2504166666666667 0.01552967276760954 0.024166666666666666
0 0.40765391014975044 0.22791666666666666 0.024403771491957847 0.0375
0 0.985579589572934 0.20166666666666666 0.009983361064891847 0.013333333333333334
0 0.028840820854132 0.27416666666666667 0.012201885745978924 0.023333333333333334
