0 0.058503401360544216 0.8653671804170444 0.01904761904761905 0.02629193109700816
0 0.3336734693877551 0.844061650045331 0.01020408163265306 0.016319129646418858
0 0.4013605442176871 0.8495013599274706 0.013605442176870748 0.021758839528558477
0 0.44081632653061226 0.8513145965548504 0.014965986394557823 0.021758839528558477
0 0.3874149659863946 0.8449682683590208 0.01292517006802721 0.01813236627379873
0 0.44761904761904764 0.9020852221214869 0.009523809523809525 0.012692656391659111
0 0.36360544217687074 0.8309156844968268 0.007482993197278911 0.011786038077969175
0 0.2945578231292517 0.8495013599274706 0.006802721088435374 0.012692656391659111
0 0.46496598639455783 0.8363553943789664 0.004761904761904762 0.008159564823209429
0 0.42448979591836733 0.8318223028105167 0.005442176870748299 0.008159564823209429
0 0.4064625850340136 0.8318223028105167 0.004761904761904762 0.006346328195829556
0 0.3976190476190476 0.8322756119673618 0.003401360544217687 0.005439709882139619
0 0.3465986394557823 0.8354487760652766 0.004761904761904762 0.006346328195829556
0 0.5629251700680272 0.9011786038077969 0.014285714285714285 0.021758839528558477
0 0.5816326530612245 0.9020852221214869 0.013605442176870748 0.021758839528558477
0 0.6221088435374149 0.8495013599274706 0.017006802721088437 0.027198549410698096
0 0.6462585034013606 0.8522212148685403 0.014965986394557823 0.02357207615593835
0 0.5360544217687074 0.8336355394378967 0.005442176870748299 0.009972801450589302
0 0.5486394557823129 0.8372620126926564 0.006122448979591836 0.008159564823209429
0 0.5421768707482993 0.8671804170444243 0.012244897959183673 0.05530371713508613
0 0.7506802721088436 0.841795104261106 0.004761904761904762 0.008159564823209429
0 0.7724489795918368 0.8445149592021759 0.015646258503401362 0.02085222121486854
0 0.8193877551020409 0.8676337262012692 0.007482993197278911 0.010879419764279238
0 0.8360544217687075 0.8685403445149592 0.005442176870748299 0.010879419764279238
0 0.9316326530612244 0.8898458748866727 0.01292517006802721 0.022665457842248413
