0 0.83671875 0.5134228187919463 0.0390625 0.06487695749440715
0 0.87578125 0.5458612975391499 0.0359375 0.06263982102908278
0 0.96796875 0.5503355704697986 0.0453125 0.07158836689038031
0 0.60546875 0.5268456375838926 0.0328125 0.05145413870246085
0 0.484375 0.5503355704697986 0.021875 0.035794183445190156
0 0.41171875 0.5514541387024608 0.0328125 0.042505592841163314
0 0.2953125 0.5727069351230425 0.040625 0.07606263982102908
0 0.09921875 0.558165548098434 0.0515625 0.06487695749440715
0 0.14140625 0.5413870246085011 0.0171875 0.03131991051454139
0 0.2484375 0.5615212527964206 0.025 0.035794183445190156
0 0.54609375 0.5648769574944071 0.0234375 0.03355704697986577
0 0.7 0.5346756152125279 0.01875 0.03131991051454139
0 0.73125 0.5324384787472036 0.015625 0.02237136465324385
0 0.78515625 0.5246085011185683 0.0234375 0.03355704697986577
0 0.0515625 0.5268456375838926 0.021875 0.03355704697986577
0 0.1890625 0.5369127516778524 0.015625 0.02237136465324385
0 0.21640625 0.5391498881431768 0.0171875 0.026845637583892617
0 0.278125 0.5302013422818792 0.015625 0.026845637583892617
0 0.3234375 0.5346756152125279 0.01875 0.03131991051454139
0 0.3734375 0.5469798657718121 0.021875 0.03355704697986577
0 0.434375 0.5380313199105146 0.01875 0.03355704697986577
0 0.4703125 0.529082774049217 0.0125 0.020134228187919462
0 0.94609375 0.529082774049217 0.0171875 0.029082774049217
0 0.76171875 0.5469798657718121 0.0140625 0.024608501118568233
0 0.6625 0.5190156599552572 0.01875 0.035794183445190156
0 0.75078125 0.5302013422818792 0.0140625 0.026845637583892617
0 0.54296875 0.5279642058165548 0.0109375 0.017897091722595078
0 0.64140625 0.5324384787472036 0.0234375 0.035794183445190156
0 0.57734375 0.5246085011185683 0.0109375 0.015659955257270694
