0 0.23708333333333334 0.4533333333333333 0.009166666666666667 0.013333333333333334
0 0.17416666666666666 0.4572222222222222 0.013333333333333334 0.01888888888888889
0 0.13125 0.46 0.010833333333333334 0.015555555555555555
0 0.13666666666666666 0.44333333333333336 0.01 0.015555555555555555
0 0.11375 0.4488888888888889 0.010833333333333334 0.015555555555555555
0 0.08208333333333333 0.4494444444444444 0.009166666666666667 0.012222222222222223
0 0.03791666666666667 0.4622222222222222 0.009166666666666667 0.013333333333333334
0 -0.0008333333333333334 0.4622222222222222 0.011666666666666667 0.02
0 0.43333333333333335 0.42055555555555557 0.011666666666666667 0.021111111111111112
0 0.5170833333333333 0.42944444444444446 0.009166666666666667 0.014444444444444444
0 0.5554166666666667 0.4305555555555556 0.010833333333333334 0.016666666666666666
0 0.5741666666666667 0.4288888888888889 0.006666666666666667 0.011111111111111112
0 0.5883333333333334 0.43 0.006666666666666667 0.008888888888888889
