0 0.1775 0.45416666666666666 0.005 0.008333333333333333
0 0.184375 0.45 0.00625 0.01
0 0.2025 0.45916666666666667 0.0075 0.011666666666666667
0 0.120625 0.6575 0.01375 0.021666666666666667
0 0.2975 0.6225 0.01 0.015
0 0.320625 0.6275 0.01125 0.015
0 0.6125 0.6475 0.01 0.011666666666666667
0 0.669375 0.6125 0.00875 0.015
0 0.723125 0.62 0.00875 0.013333333333333334
0 0.8 0.6133333333333333 0.0075 0.01
0 0.80625 0.61 0.0075 0.01
0 0.92875 0.6016666666666667 0.01 0.013333333333333334
0 0.944375 0.6125 0.00875 0.011666666666666667
0 0.970625 0.6125 0.01125 0.015
