0 0.06338028169014084 0.634375 0.011737089201877934 0.022916666666666665
0 0.2300469483568075 0.6770833333333334 0.009389671361502348 0.0625
0 0.24530516431924881 0.6802083333333333 0.009389671361502348 0.06458333333333334
0 0.23591549295774647 0.6791666666666667 0.011737089201877934 0.0625
0 0.2564553990610329 0.678125 0.01056338028169014 0.06458333333333334
0 0.3374413145539906 0.6604166666666667 0.008215962441314555 0.016666666666666666
0 0.29577464788732394 0.59375 0.01643192488262911 0.0625
0 0.3626760563380282 0.6635416666666667 0.007042253521126761 0.014583333333333334
0 0.3855633802816901 0.6125 0.017605633802816902 0.03333333333333333
0 0.44366197183098594 0.6208333333333333 0.028169014084507043 0.058333333333333334
0 0.5064553990610329 0.6354166666666666 0.029342723004694836 0.05416666666666667
0 0.4812206572769953 0.634375 0.01643192488262911 0.03125
0 0.5223004694835681 0.646875 0.01643192488262911 0.027083333333333334
0 0.5305164319248826 0.6322916666666667 0.014084507042253521 0.035416666666666666
0 0.6056338028169014 0.671875 0.014084507042253521 0.03125
0 0.6742957746478874 0.6958333333333333 0.012910798122065728 0.029166666666666667
0 0.6631455399061033 0.684375 0.009389671361502348 0.01875
0 0.7247652582159625 0.7010416666666667 0.012910798122065728 0.03125
0 0.7640845070422535 0.6979166666666666 0.01643192488262911 0.029166666666666667
0 0.8004694835680751 0.6979166666666666 0.014084507042253521 0.029166666666666667
0 0.812206572769953 0.7010416666666667 0.011737089201877934 0.022916666666666665
0 0.9125586854460094 0.6791666666666667 0.01056338028169014 0.025
0 0.9536384976525821 0.6802083333333333 0.008215962441314555 0.01875
0 0.9706572769953051 0.678125 0.011737089201877934 0.027083333333333334
0 0.994131455399061 0.6875 0.01643192488262911 0.1
0 0.9841549295774648 0.646875 0.008215962441314555 0.014583333333333334
