0 0.8861111111111111 0.2973421926910299 0.12777777777777777 0.23255813953488372
0 0.7866666666666666 0.22840531561461794 0.1288888888888889 0.1877076411960133
0 0.7272222222222222 0.303156146179402 0.052222222222222225 0.11461794019933555
0 0.645 0.29817275747508304 0.058888888888888886 0.1212624584717608
0 0.5766666666666667 0.303156146179402 0.04666666666666667 0.08139534883720931
0 0.48055555555555557 0.34717607973421927 0.04111111111111111 0.07308970099667775
0 0.38166666666666665 0.3280730897009967 0.04111111111111111 0.09136212624584718
0 0.3022222222222222 0.3538205980066445 0.06 0.10963455149501661
0 0.08555555555555555 0.25 0.08888888888888889 0.1378737541528239
0 0.29 0.2799003322259136 0.07111111111111111 0.1511627906976744
