0 0.84167468719923 0.7746478873239436 0.04523580365736285 0.07170294494238157
0 0.7497593840230992 0.79449423815621 0.04042348411934552 0.07554417413572344
0 0.9504331087584216 0.9475032010243278 0.05871029836381136 0.06402048655569782
0 0.9364773820981713 0.7170294494238156 0.028873917228103944 0.04353393085787452
0 0.9003849855630414 0.7093469910371318 0.02791145332050048 0.03841229193341869
0 0.8594802694898941 0.7215108834827144 0.025024061597690085 0.03969270166453265
0 0.7680461982675649 0.7125480153649167 0.026948989412897015 0.03969270166453265
0 0.7213666987487969 0.7247119078104993 0.02021174205967276 0.03329065300896287
0 0.6924927815206929 0.7279129321382842 0.016361886429258902 0.024327784891165175
0 0.6424446583253128 0.7567221510883483 0.02598652550529355 0.04353393085787452
0 0.6357074109720885 0.7208706786171575 0.02406159769008662 0.03585147247119078
0 0.6010587102983638 0.7285531370038413 0.01828681424446583 0.03585147247119078
0 0.5644850818094321 0.7323943661971831 0.02791145332050048 0.03841229193341869
0 0.5168431183830606 0.7234314980793854 0.023099133782483156 0.03329065300896287
0 0.44995187680461984 0.7272727272727273 0.014436958614051972 0.023047375160051217
0 0.368623676612127 0.7208706786171575 0.013474494706448507 0.020486555697823303
0 0.390279114533205 0.7612035851472471 0.02406159769008662 0.03713188220230474
0 0.3931665062560154 0.7336747759282971 0.02598652550529355 0.040973111395646605
0 0.34456207892204044 0.7874519846350833 0.04427333974975938 0.08450704225352113
0 0.28392685274302215 0.7676056338028169 0.04234841193455245 0.0678617157490397
0 0.1867179980750722 0.7407170294494239 0.017324350336862367 0.026888604353393086
0 0.13282001924927817 0.7445582586427657 0.021174205967276226 0.029449423815621
0 0.09961501443695861 0.7202304737516005 0.02406159769008662 0.03969270166453265
0 0.09239653512993262 0.8143405889884763 0.04812319538017324 0.07682458386683738
0 0.06496631376323388 0.7215108834827144 0.02791145332050048 0.04737516005121639
0 0.22088546679499518 0.7093469910371318 0.014436958614051972 0.02560819462227913
0 0.5024061597690087 0.7029449423815621 0.015399422521655439 0.020486555697823303
0 0.5909528392685275 0.704865556978233 0.017324350336862367 0.026888604353393086
0 0.6963426371511068 0.7023047375160051 0.012512030798845043 0.019206145966709345
0 0.6819056785370549 0.7029449423815621 0.014436958614051972 0.02560819462227913
0 0.8051010587102984 0.7035851472471191 0.012512030798845043 0.02176696542893726
0 0.8301251203079885 0.6991037131882202 0.012512030798845043 0.020486555697823303
0 0.3156881616939365 0.7490396927016645 0.023099133782483156 0.040973111395646605
0 0.2666025024061598 0.7445582586427657 0.019249278152069296 0.029449423815621
0 0.18960538979788258 0.7023047375160051 0.007699711260827719 0.011523687580025609
0 0.16843118383060635 0.7298335467349552 0.015399422521655439 0.02560819462227913
0 0.9653512993262753 0.7099871959026889 0.019249278152069296 0.024327784891165175
0 0.9817131857555341 0.7010243277848912 0.015399422521655439 0.019206145966709345
0 0.8455245428296438 0.7151088348271447 0.02021174205967276 0.03713188220230474
0 0.829162656400385 0.6991037131882202 0.012512030798845043 0.01792573623559539
0 0.7868142444658325 0.7317541613316261 0.01828681424446583 0.026888604353393086
0 0.690567853705486 0.7170294494238156 0.012512030798845043 0.01792573623559539
0 0.5409047160731473 0.7144686299615877 0.011549566891241578 0.01792573623559539
0 0.4716073147256978 0.7163892445582587 0.011549566891241578 0.02176696542893726
0 0.4326275264677575 0.7259923175416133 0.012512030798845043 0.01792573623559539
0 0.4177093358999038 0.7144686299615877 0.015399422521655439 0.023047375160051217
0 0.9258902791145333 0.7298335467349552 0.025024061597690085 0.040973111395646605
