0 0.27582417582417584 0.946875 0.013186813186813187 0.027083333333333334
0 0.3153846153846154 0.96875 0.01098901098901099 0.025
0 0.3510989010989011 1.0333333333333334 0.025274725274725275 0.13333333333333333
0 0.34395604395604396 0.965625 0.01098901098901099 0.022916666666666665
0 0.371978021978022 1.040625 0.025274725274725275 0.14791666666666667
0 0.3983516483516483 0.9677083333333333 0.00989010989010989 0.022916666666666665
0 0.260989010989011 0.915625 0.00989010989010989 0.022916666666666665
0 0.28406593406593406 0.9239583333333333 0.012087912087912088 0.022916666666666665
0 0.3434065934065934 0.946875 0.012087912087912088 0.027083333333333334
0 0.3038461538461538 0.9135416666666667 0.00989010989010989 0.01875
0 0.289010989010989 0.9052083333333333 0.01098901098901099 0.022916666666666665
0 0.3697802197802198 0.93125 0.012087912087912088 0.020833333333333332
0 0.3648351648351648 0.9177083333333333 0.008791208791208791 0.01875
0 0.3543956043956044 0.9552083333333333 0.023076923076923078 0.11458333333333333
0 0.3395604395604396 0.9041666666666667 0.01098901098901099 0.025
0 0.39615384615384613 0.8989583333333333 0.014285714285714285 0.027083333333333334
0 0.4010989010989011 0.8958333333333334 0.01098901098901099 0.020833333333333332
0 0.3576923076923077 0.8791666666666667 0.012087912087912088 0.025
0 0.3478021978021978 0.8625 0.00989010989010989 0.020833333333333332
0 0.3313186813186813 0.8416666666666667 0.012087912087912088 0.025
0 0.31373626373626373 0.8520833333333333 0.00989010989010989 0.020833333333333332
0 0.26868131868131867 0.8697916666666666 0.012087912087912088 0.027083333333333334
0 0.289010989010989 0.871875 0.008791208791208791 0.022916666666666665
0 0.2989010989010989 0.8645833333333334 0.008791208791208791 0.020833333333333332
0 0.31373626373626373 0.853125 0.00989010989010989 0.01875
0 0.2653846153846154 0.8541666666666666 0.012087912087912088 0.020833333333333332
0 0.3637362637362637 0.8166666666666667 0.01098901098901099 0.020833333333333332
0 0.4126373626373626 0.8104166666666667 0.00989010989010989 0.020833333333333332
0 0.3868131868131868 0.7875 0.01098901098901099 0.025
0 0.35274725274725277 0.7947916666666667 0.01098901098901099 0.022916666666666665
0 0.3269230769230769 0.796875 0.012087912087912088 0.027083333333333334
0 0.3142857142857143 0.79375 0.01098901098901099 0.025
0 0.2956043956043956 0.8083333333333333 0.008791208791208791 0.020833333333333332
0 0.2642857142857143 0.8145833333333333 0.012087912087912088 0.025
0 0.35934065934065934 0.778125 0.01098901098901099 0.022916666666666665
0 0.3324175824175824 0.7677083333333333 0.00989010989010989 0.01875
0 0.29945054945054944 0.7739583333333333 0.00989010989010989 0.022916666666666665
0 0.27912087912087913 0.7552083333333334 0.01098901098901099 0.022916666666666665
0 0.36538461538461536 0.7385416666666667 0.012087912087912088 0.027083333333333334
0 0.3456043956043956 0.753125 0.00989010989010989 0.022916666666666665
0 0.31978021978021975 0.7333333333333333 0.008791208791208791 0.020833333333333332
0 0.29835164835164835 0.740625 0.00989010989010989 0.022916666666666665
0 0.2681318681318681 0.7197916666666667 0.008791208791208791 0.01875
0 0.2445054945054945 0.7354166666666667 0.007692307692307693 0.016666666666666666
0 0.34065934065934067 0.7041666666666667 0.008791208791208791 0.020833333333333332
0 0.29285714285714287 0.71875 0.007692307692307693 0.016666666666666666
0 0.30494505494505497 0.6979166666666666 0.007692307692307693 0.016666666666666666
0 0.3153846153846154 0.6979166666666666 0.006593406593406593 0.016666666666666666
0 0.24670329670329672 0.7052083333333333 0.007692307692307693 0.01875
0 0.23296703296703297 0.7375 0.008791208791208791 0.020833333333333332
0 0.21043956043956044 0.7322916666666667 0.007692307692307693 0.01875
0 0.20164835164835165 0.7229166666666667 0.00989010989010989 0.020833333333333332
0 0.1835164835164835 0.721875 0.008791208791208791 0.014583333333333334
0 0.15494505494505495 0.7010416666666667 0.008791208791208791 0.014583333333333334
0 0.17252747252747253 0.69375 0.008791208791208791 0.016666666666666666
0 0.22087912087912087 0.7041666666666667 0.008791208791208791 0.016666666666666666
0 0.3659340659340659 0.7083333333333334 0.008791208791208791 0.020833333333333332
0 0.35494505494505496 0.6947916666666667 0.008791208791208791 0.014583333333333334
0 0.3478021978021978 0.6822916666666666 0.00989010989010989 0.01875
0 0.2967032967032967 0.6770833333333334 0.008791208791208791 0.016666666666666666
0 0.2456043956043956 0.6635416666666667 0.007692307692307693 0.01875
0 0.22747252747252747 0.7041666666666667 0.024175824175824177 0.10833333333333334
0 0.22582417582417583 0.63125 0.007692307692307693 0.020833333333333332
0 0.24065934065934066 0.6270833333333333 0.008791208791208791 0.016666666666666666
0 0.2989010989010989 0.6375 0.008791208791208791 0.020833333333333332
0 0.28516483516483515 0.6375 0.007692307692307693 0.016666666666666666
0 0.34065934065934067 0.6979166666666666 0.02857142857142857 0.1125
0 0.3467032967032967 0.6364583333333333 0.00989010989010989 0.01875
0 0.32472527472527474 0.684375 0.007692307692307693 0.01875
0 0.328021978021978 0.7083333333333334 0.007692307692307693 0.0125
0 0.2714285714285714 0.6729166666666667 0.006593406593406593 0.016666666666666666
0 0.2763736263736264 0.63125 0.007692307692307693 0.020833333333333332
0 0.3901098901098901 0.6791666666666667 0.008791208791208791 0.016666666666666666
0 0.3730769230769231 0.7239583333333334 0.023076923076923078 0.12291666666666666
0 0.40384615384615385 0.6104166666666667 0.00989010989010989 0.020833333333333332
0 0.3769230769230769 0.6302083333333334 0.008791208791208791 0.01875
0 0.3912087912087912 0.65 0.02197802197802198 0.1125
0 0.37032967032967035 0.5927083333333333 0.008791208791208791 0.014583333333333334
0 0.37637362637362637 0.5875 0.005494505494505495 0.0125
0 0.35824175824175825 0.5958333333333333 0.006593406593406593 0.016666666666666666
0 0.32967032967032966 0.6020833333333333 0.006593406593406593 0.016666666666666666
0 0.3456043956043956 0.5791666666666667 0.007692307692307693 0.0125
0 0.3120879120879121 0.6145833333333334 0.026373626373626374 0.1125
0 0.3324175824175824 0.5635416666666667 0.007692307692307693 0.014583333333333334
0 0.3978021978021978 0.6375 0.026373626373626374 0.12916666666666668
0 0.371978021978022 0.5270833333333333 0.007692307692307693 0.016666666666666666
0 0.30439560439560437 0.5552083333333333 0.008791208791208791 0.014583333333333334
0 0.33406593406593404 0.5354166666666667 0.006593406593406593 0.0125
0 0.328021978021978 0.5302083333333333 0.007692307692307693 0.014583333333333334
0 0.31373626373626373 0.5645833333333333 0.01868131868131868 0.09166666666666666
0 0.30494505494505497 0.5364583333333334 0.007692307692307693 0.01875
0 0.3505494505494505 0.49375 0.006593406593406593 0.0125
0 0.3637362637362637 0.4895833333333333 0.006593406593406593 0.016666666666666666
0 0.4010989010989011 0.5 0.015384615384615385 0.07083333333333333
0 0.38571428571428573 0.48541666666666666 0.006593406593406593 0.0125
0 0.39175824175824175 0.5270833333333333 0.01868131868131868 0.09166666666666666
0 0.35494505494505496 0.509375 0.01978021978021978 0.08541666666666667
0 0.3423076923076923 0.46770833333333334 0.007692307692307693 0.014583333333333334
0 0.40494505494505495 0.415625 0.007692307692307693 0.01875
0 0.4098901098901099 0.4875 0.006593406593406593 0.0125
0 0.35 0.4479166666666667 0.005494505494505495 0.0125
0 0.3741758241758242 0.4041666666666667 0.005494505494505495 0.016666666666666666
0 0.3675824175824176 0.4010416666666667 0.005494505494505495 0.014583333333333334
0 0.41098901098901097 0.39791666666666664 0.004395604395604396 0.008333333333333333
0 0.3994505494505495 0.39895833333333336 0.005494505494505495 0.014583333333333334
0 0.3324175824175824 0.44583333333333336 0.005494505494505495 0.0125
0 0.317032967032967 0.434375 0.005494505494505495 0.010416666666666666
0 0.3269230769230769 0.42604166666666665 0.005494505494505495 0.010416666666666666
0 0.3423076923076923 0.38125 0.005494505494505495 0.0125
0 0.3335164835164835 0.39479166666666665 0.005494505494505495 0.010416666666666666
0 0.41098901098901097 0.353125 0.006593406593406593 0.010416666666666666
0 0.4 0.35104166666666664 0.004395604395604396 0.010416666666666666
0 0.3868131868131868 0.37604166666666666 0.006593406593406593 0.014583333333333334
0 0.35604395604395606 0.38125 0.006593406593406593 0.0125
0 0.37857142857142856 0.35208333333333336 0.005494505494505495 0.0125
0 0.3626373626373626 0.378125 0.01978021978021978 0.08125
0 0.3521978021978022 0.3614583333333333 0.005494505494505495 0.010416666666666666
0 0.33406593406593404 0.35520833333333335 0.004395604395604396 0.010416666666666666
0 0.3208791208791209 0.3489583333333333 0.006593406593406593 0.014583333333333334
0 0.31373626373626373 0.3875 0.014285714285714285 0.07083333333333333
0 0.30934065934065935 0.35833333333333334 0.005494505494505495 0.0125
0 0.4065934065934066 0.3125 0.004395604395604396 0.008333333333333333
0 0.39065934065934066 0.32395833333333335 0.005494505494505495 0.010416666666666666
0 0.3851648351648352 0.35104166666666664 0.014285714285714285 0.06041666666666667
0 0.3945054945054945 0.32708333333333334 0.013186813186813187 0.05
0 0.382967032967033 0.32395833333333335 0.014285714285714285 0.05625
0 0.3620879120879121 0.3302083333333333 0.005494505494505495 0.010416666666666666
0 0.34835164835164834 0.346875 0.015384615384615385 0.06041666666666667
0 0.3412087912087912 0.3625 0.012087912087912088 0.05
0 0.33406593406593404 0.3572916666666667 0.006593406593406593 0.010416666666666666
0 0.32142857142857145 0.3614583333333333 0.005494505494505495 0.010416666666666666
0 0.3401098901098901 0.3 0.005494505494505495 0.0125
0 0.3269230769230769 0.31875 0.012087912087912088 0.058333333333333334
0 0.1697802197802198 0.625 0.007692307692307693 0.016666666666666666
0 0.1478021978021978 0.6322916666666667 0.007692307692307693 0.014583333333333334
0 0.18516483516483517 0.6489583333333333 0.025274725274725275 0.11041666666666666
0 0.20384615384615384 0.6385416666666667 0.025274725274725275 0.09791666666666667
0 0.1543956043956044 0.6052083333333333 0.007692307692307693 0.014583333333333334
0 0.26153846153846155 0.5760416666666667 0.006593406593406593 0.014583333333333334
0 0.21428571428571427 0.5875 0.026373626373626374 0.06666666666666667
0 0.19835164835164834 0.5052083333333334 0.005494505494505495 0.010416666666666666
0 0.21978021978021978 0.5041666666666667 0.004395604395604396 0.0125
0 0.2692307692307692 0.5135416666666667 0.008791208791208791 0.014583333333333334
0 0.2857142857142857 0.5041666666666667 0.006593406593406593 0.0125
0 0.2967032967032967 0.465625 0.008791208791208791 0.014583333333333334
0 0.2978021978021978 0.44479166666666664 0.004395604395604396 0.010416666666666666
0 0.28846153846153844 0.425 0.005494505494505495 0.0125
0 0.2802197802197802 0.43125 0.006593406593406593 0.0125
0 0.2763736263736264 0.465625 0.005494505494505495 0.010416666666666666
0 0.2703296703296703 0.46458333333333335 0.006593406593406593 0.0125
0 0.22472527472527473 0.4947916666666667 0.01868131868131868 0.08958333333333333
0 0.2549450549450549 0.47604166666666664 0.006593406593406593 0.014583333333333334
0 0.2620879120879121 0.46979166666666666 0.005494505494505495 0.010416666666666666
0 0.30934065934065935 0.3458333333333333 0.012087912087912088 0.05416666666666667
0 0.45274725274725275 1.0208333333333333 0.024175824175824177 0.12083333333333333
0 0.48956043956043954 0.94375 0.012087912087912088 0.025
0 0.5076923076923077 1.00625 0.024175824175824177 0.1375
0 0.5192307692307693 0.940625 0.012087912087912088 0.027083333333333334
0 0.5269230769230769 1.0354166666666667 0.025274725274725275 0.15833333333333333
0 0.5598901098901099 0.9864583333333333 0.012087912087912088 0.022916666666666665
0 0.6071428571428571 0.9770833333333333 0.012087912087912088 0.025
0 0.6296703296703297 0.9614583333333333 0.013186813186813187 0.027083333333333334
0 0.6571428571428571 0.9322916666666666 0.01098901098901099 0.027083333333333334
0 0.6840659340659341 0.95 0.012087912087912088 0.025
0 0.7082417582417583 0.95 0.014285714285714285 0.025
0 0.7214285714285714 1.0260416666666667 0.025274725274725275 0.12708333333333333
0 0.7840659340659341 0.978125 0.014285714285714285 0.027083333333333334
0 0.8120879120879121 0.965625 0.013186813186813187 0.027083333333333334
0 0.7835164835164835 0.9635416666666666 0.01098901098901099 0.027083333333333334
0 0.7807692307692308 0.93125 0.014285714285714285 0.025
0 0.8434065934065934 1.0270833333333333 0.038461538461538464 0.16666666666666666
0 0.8928571428571429 0.959375 0.012087912087912088 0.027083333333333334
0 0.9032967032967033 0.946875 0.013186813186813187 0.027083333333333334
0 0.9631868131868132 0.975 0.012087912087912088 0.025
0 0.9829670329670329 0.9802083333333333 0.012087912087912088 0.022916666666666665
0 0.9725274725274725 0.909375 0.024175824175824177 0.13958333333333334
0 0.9582417582417583 0.8729166666666667 0.008791208791208791 0.020833333333333332
0 0.9186813186813186 0.9197916666666667 0.013186813186813187 0.027083333333333334
0 0.9351648351648352 0.98125 0.024175824175824177 0.15833333333333333
0 0.9005494505494506 0.9010416666666666 0.00989010989010989 0.01875
0 0.9241758241758242 0.903125 0.008791208791208791 0.022916666666666665
0 0.8637362637362638 0.8989583333333333 0.01098901098901099 0.022916666666666665
0 0.8736263736263736 0.9 0.008791208791208791 0.020833333333333332
0 0.8703296703296703 0.778125 0.01098901098901099 0.022916666666666665
0 0.8565934065934065 0.7635416666666667 0.00989010989010989 0.022916666666666665
0 0.8445054945054945 0.771875 0.00989010989010989 0.01875
0 0.8395604395604396 0.9833333333333333 0.03076923076923077 0.17916666666666667
0 0.8126373626373626 0.865625 0.00989010989010989 0.022916666666666665
0 0.7895604395604395 0.8635416666666667 0.00989010989010989 0.01875
0 0.7692307692307693 0.8927083333333333 0.013186813186813187 0.022916666666666665
0 0.7626373626373626 0.9135416666666667 0.01098901098901099 0.022916666666666665
0 0.7263736263736263 0.9625 0.02857142857142857 0.14166666666666666
0 0.6857142857142857 0.909375 0.01098901098901099 0.022916666666666665
0 0.634065934065934 0.91875 0.01098901098901099 0.020833333333333332
0 0.6032967032967033 0.95 0.01098901098901099 0.025
0 0.578021978021978 0.95 0.01098901098901099 0.020833333333333332
0 0.5604395604395604 0.9489583333333333 0.013186813186813187 0.027083333333333334
0 0.539010989010989 0.934375 0.00989010989010989 0.022916666666666665
0 0.5664835164835165 0.9114583333333334 0.012087912087912088 0.022916666666666665
0 0.5840659340659341 0.971875 0.025274725274725275 0.12291666666666666
0 0.6093406593406593 0.9427083333333334 0.012087912087912088 0.027083333333333334
0 0.6093406593406593 0.8979166666666667 0.012087912087912088 0.029166666666666667
0 0.5010989010989011 0.9125 0.01098901098901099 0.025
0 0.5362637362637362 0.90625 0.01098901098901099 0.020833333333333332
0 0.5576923076923077 0.884375 0.012087912087912088 0.027083333333333334
0 0.5956043956043956 0.8708333333333333 0.01098901098901099 0.029166666666666667
0 0.6302197802197802 0.8635416666666667 0.012087912087912088 0.022916666666666665
0 0.6571428571428571 0.8760416666666667 0.01098901098901099 0.022916666666666665
0 0.6802197802197802 0.8541666666666666 0.013186813186813187 0.029166666666666667
0 0.704945054945055 0.8427083333333333 0.014285714285714285 0.027083333333333334
0 0.7565934065934066 0.8208333333333333 0.00989010989010989 0.025
0 0.762087912087912 0.83125 0.00989010989010989 0.020833333333333332
0 0.7730769230769231 0.8479166666666667 0.00989010989010989 0.020833333333333332
0 0.8126373626373626 0.7854166666666667 0.00989010989010989 0.016666666666666666
0 0.7967032967032966 0.8010416666666667 0.01098901098901099 0.022916666666666665
0 0.7763736263736264 0.7927083333333333 0.012087912087912088 0.027083333333333334
0 0.7697802197802198 0.7677083333333333 0.00989010989010989 0.01875
0 0.7928571428571428 0.7645833333333333 0.00989010989010989 0.020833333333333332
0 0.6813186813186813 0.8177083333333334 0.008791208791208791 0.01875
0 0.6791208791208792 0.8270833333333333 0.008791208791208791 0.016666666666666666
0 0.6593406593406593 0.8114583333333333 0.008791208791208791 0.01875
0 0.65 0.840625 0.00989010989010989 0.01875
0 0.6510989010989011 0.8395833333333333 0.007692307692307693 0.0125
0 0.6302197802197802 0.821875 0.012087912087912088 0.022916666666666665
0 0.6192307692307693 0.7947916666666667 0.00989010989010989 0.022916666666666665
0 0.6395604395604395 0.8104166666666667 0.008791208791208791 0.020833333333333332
0 0.6043956043956044 0.8322916666666667 0.01098901098901099 0.022916666666666665
0 0.5763736263736263 0.8645833333333334 0.00989010989010989 0.025
0 0.532967032967033 0.85 0.01098901098901099 0.020833333333333332
0 0.49615384615384617 0.8864583333333333 0.012087912087912088 0.022916666666666665
0 0.5274725274725275 0.840625 0.008791208791208791 0.01875
0 0.5186813186813187 0.8416666666666667 0.01098901098901099 0.020833333333333332
0 0.5368131868131868 0.7947916666666667 0.00989010989010989 0.01875
0 0.515934065934066 0.7885416666666667 0.00989010989010989 0.022916666666666665
0 0.4675824175824176 0.8135416666666667 0.00989010989010989 0.022916666666666665
0 0.49835164835164836 0.7489583333333333 0.00989010989010989 0.022916666666666665
0 0.4697802197802198 0.7572916666666667 0.007692307692307693 0.014583333333333334
0 0.5104395604395604 0.73125 0.007692307692307693 0.020833333333333332
0 0.4774725274725275 0.7645833333333333 0.007692307692307693 0.0125
0 0.5027472527472527 0.7177083333333333 0.020879120879120878 0.09791666666666667
0 0.4901098901098901 0.6916666666666667 0.008791208791208791 0.016666666666666666
0 0.4736263736263736 0.703125 0.006593406593406593 0.014583333333333334
0 0.49175824175824173 0.675 0.03406593406593406 0.11666666666666667
0 0.44285714285714284 0.7135416666666666 0.01978021978021978 0.09375
0 0.46593406593406594 0.6270833333333333 0.006593406593406593 0.0125
0 0.4945054945054945 0.6052083333333333 0.008791208791208791 0.014583333333333334
0 0.49175824175824173 0.46041666666666664 0.005494505494505495 0.0125
0 0.48296703296703297 0.4625 0.005494505494505495 0.0125
0 0.45714285714285713 0.4625 0.006593406593406593 0.016666666666666666
0 0.4686813186813187 0.46770833333333334 0.005494505494505495 0.014583333333333334
0 0.47197802197802197 0.46145833333333336 0.007692307692307693 0.01875
0 0.48516483516483516 0.4708333333333333 0.016483516483516484 0.075
0 0.493956043956044 0.46875 0.014285714285714285 0.058333333333333334
0 0.4950549450549451 0.4197916666666667 0.005494505494505495 0.010416666666666666
0 0.4818681318681319 0.42291666666666666 0.005494505494505495 0.0125
0 0.4736263736263736 0.39479166666666665 0.006593406593406593 0.014583333333333334
0 0.5417582417582417 0.39479166666666665 0.006593406593406593 0.014583333333333334
0 0.5543956043956044 0.39895833333333336 0.005494505494505495 0.010416666666666666
0 0.5054945054945055 0.4041666666666667 0.006593406593406593 0.0125
0 0.5148351648351648 0.41875 0.012087912087912088 0.058333333333333334
0 0.5983516483516483 0.39166666666666666 0.007692307692307693 0.0125
0 0.5472527472527473 0.7927083333333333 0.024175824175824177 0.10208333333333333
0 0.5384615384615384 0.7385416666666667 0.008791208791208791 0.01875
0 0.5774725274725274 0.7302083333333333 0.014285714285714285 0.027083333333333334
0 0.5851648351648352 0.7177083333333333 0.007692307692307693 0.01875
0 0.6373626373626373 0.790625 0.02197802197802198 0.10625
0 0.6027472527472527 0.6864583333333333 0.00989010989010989 0.022916666666666665
0 0.6021978021978022 0.7572916666666667 0.024175824175824177 0.09791666666666667
0 0.5901098901098901 0.6770833333333334 0.008791208791208791 0.016666666666666666
0 0.7021978021978021 0.7479166666666667 0.008791208791208791 0.016666666666666666
0 0.7181318681318681 0.7364583333333333 0.00989010989010989 0.01875
0 0.7571428571428571 0.7364583333333333 0.008791208791208791 0.01875
0 0.7324175824175824 0.69375 0.012087912087912088 0.020833333333333332
0 0.7456043956043956 0.7364583333333333 0.020879120879120878 0.09791666666666667
0 0.7532967032967033 0.6583333333333333 0.007692307692307693 0.016666666666666666
0 0.7247252747252747 0.6635416666666667 0.007692307692307693 0.01875
0 0.6923076923076923 0.6635416666666667 0.01098901098901099 0.01875
0 0.7153846153846154 0.6322916666666667 0.017582417582417582 0.08958333333333333
0 0.6747252747252748 0.5739583333333333 0.006593406593406593 0.014583333333333334
0 0.7076923076923077 0.5635416666666667 0.008791208791208791 0.01875
0 0.7060439560439561 0.5572916666666666 0.01868131868131868 0.08125
0 0.6604395604395604 0.490625 0.006593406593406593 0.014583333333333334
0 0.7181318681318681 0.4875 0.005494505494505495 0.0125
0 0.6983516483516483 0.5166666666666667 0.014285714285714285 0.07083333333333333
0 0.7098901098901099 0.5041666666666667 0.017582417582417582 0.08333333333333333
0 0.6148351648351649 0.36770833333333336 0.005494505494505495 0.010416666666666666
0 0.6038461538461538 0.365625 0.005494505494505495 0.010416666666666666
0 0.6241758241758242 0.36041666666666666 0.013186813186813187 0.058333333333333334
0 0.5736263736263736 0.3645833333333333 0.006593406593406593 0.0125
0 0.5626373626373626 0.39166666666666666 0.015384615384615385 0.0625
0 0.5532967032967033 0.37604166666666666 0.005494505494505495 0.010416666666666666
0 0.5071428571428571 0.35625 0.005494505494505495 0.0125
0 0.4956043956043956 0.38125 0.006593406593406593 0.0125
0 0.45384615384615384 0.403125 0.013186813186813187 0.06458333333333334
0 0.47637362637362635 0.4041666666666667 0.016483516483516484 0.07083333333333333
0 0.4945054945054945 0.31666666666666665 0.004395604395604396 0.008333333333333333
0 0.4664835164835165 0.334375 0.005494505494505495 0.010416666666666666
0 0.4582417582417582 0.3489583333333333 0.01098901098901099 0.05625
0 0.5307692307692308 0.365625 0.015384615384615385 0.06041666666666667
0 0.5423076923076923 0.3375 0.0032967032967032967 0.008333333333333333
0 0.545054945054945 0.33125 0.004395604395604396 0.008333333333333333
0 0.5554945054945055 0.32916666666666666 0.0032967032967032967 0.008333333333333333
0 0.5659340659340659 0.33125 0.004395604395604396 0.008333333333333333
0 0.582967032967033 0.34791666666666665 0.014285714285714285 0.07083333333333333
0 0.5945054945054945 0.3229166666666667 0.004395604395604396 0.008333333333333333
0 0.595054945054945 0.3177083333333333 0.005494505494505495 0.010416666666666666
0 0.573076923076923 0.340625 0.012087912087912088 0.06041666666666667
0 0.6379120879120879 0.3104166666666667 0.005494505494505495 0.0125
0 0.6186813186813187 0.3229166666666667 0.006593406593406593 0.0125
0 0.5961538461538461 0.2791666666666667 0.005494505494505495 0.0125
0 0.5736263736263736 0.28541666666666665 0.004395604395604396 0.008333333333333333
0 0.5598901098901099 0.3145833333333333 0.012087912087912088 0.058333333333333334
0 0.5318681318681319 0.30520833333333336 0.004395604395604396 0.010416666666666666
0 0.5554945054945055 0.2864583333333333 0.0032967032967032967 0.00625
0 0.5840659340659341 0.309375 0.014285714285714285 0.06458333333333334
0 0.5978021978021978 0.275 0.01098901098901099 0.05416666666666667
0 0.5835164835164836 0.28229166666666666 0.013186813186813187 0.05625
0 0.6010989010989011 0.21458333333333332 0.004395604395604396 0.008333333333333333
0 0.5868131868131868 0.20625 0.004395604395604396 0.008333333333333333
0 0.578021978021978 0.20625 0.004395604395604396 0.008333333333333333
0 0.5851648351648352 0.10520833333333333 0.0032967032967032967 0.00625
0 0.5527472527472528 0.09479166666666666 0.004395604395604396 0.010416666666666666
0 0.5445054945054945 0.04375 0.0032967032967032967 0.008333333333333333
0 0.3708791208791209 0.26979166666666665 0.005494505494505495 0.010416666666666666
0 0.3648351648351648 0.26875 0.004395604395604396 0.008333333333333333
0 0.37857142857142856 0.25833333333333336 0.005494505494505495 0.0125
0 0.40934065934065933 0.221875 0.005494505494505495 0.010416666666666666
0 0.38571428571428573 0.22604166666666667 0.004395604395604396 0.010416666666666666
0 0.378021978021978 0.23958333333333334 0.004395604395604396 0.008333333333333333
0 0.367032967032967 0.2635416666666667 0.013186813186813187 0.06041666666666667
0 0.3626373626373626 0.25729166666666664 0.013186813186813187 0.052083333333333336
0 0.3708791208791209 0.246875 0.012087912087912088 0.052083333333333336
0 0.4010989010989011 0.18958333333333333 0.004395604395604396 0.008333333333333333
0 0.39395604395604394 0.209375 0.012087912087912088 0.05625
0 0.49230769230769234 0.28229166666666666 0.013186813186813187 0.04791666666666667
0 0.4824175824175824 0.2635416666666667 0.004395604395604396 0.010416666666666666
0 0.489010989010989 0.28229166666666666 0.01098901098901099 0.052083333333333336
0 0.4593406593406593 0.13541666666666666 0.004395604395604396 0.008333333333333333
0 0.42857142857142855 0.07083333333333333 0.004395604395604396 0.008333333333333333
0 0.41208791208791207 0.07083333333333333 0.004395604395604396 0.0125
0 0.4664835164835165 0.036458333333333336 0.0032967032967032967 0.00625
0 0.4269230769230769 0.041666666666666664 0.0032967032967032967 0.008333333333333333
0 0.4164835164835165 0.022916666666666665 0.004395604395604396 0.008333333333333333
0 0.36043956043956044 0.09166666666666666 0.004395604395604396 0.008333333333333333
0 0.49945054945054945 0.005208333333333333 0.00989010989010989 0.035416666666666666
0 0.43956043956043955 0.00625 0.008791208791208791 0.0375
0 0.5521978021978022 0.31875 0.014285714285714285 0.06666666666666667
0 0.6203296703296703 0.40520833333333334 0.005494505494505495 0.010416666666666666
0 0.6076923076923076 0.428125 0.013186813186813187 0.06458333333333334
0 0.5752747252747252 0.40520833333333334 0.012087912087912088 0.05625
0 0.6873626373626374 0.5177083333333333 0.01868131868131868 0.07708333333333334
0 0.6763736263736264 0.51875 0.01868131868131868 0.07916666666666666
0 0.7796703296703297 0.7395833333333334 0.007692307692307693 0.020833333333333332
0 0.8115384615384615 0.9375 0.023076923076923078 0.125
0 0.7461538461538462 0.4947916666666667 0.008791208791208791 0.01875
0 0.24395604395604395 0.646875 0.006593406593406593 0.014583333333333334
0 0.22527472527472528 0.525 0.008791208791208791 0.016666666666666666
0 0.2489010989010989 0.5395833333333333 0.016483516483516484 0.08333333333333333
0 0.2598901098901099 0.5447916666666667 0.016483516483516484 0.07708333333333334
0 0.22417582417582418 0.5041666666666667 0.006593406593406593 0.0125
0 0.32252747252747255 0.278125 0.007692307692307693 0.014583333333333334
0 0.22417582417582418 0.6697916666666667 0.015384615384615385 0.06875
0 0.22967032967032966 0.49270833333333336 0.006593406593406593 0.014583333333333334
0 0.23461538461538461 0.4875 0.01868131868131868 0.06666666666666667
0 0.548901098901099 0.7083333333333334 0.027472527472527472 0.09583333333333334
0 0.7653846153846153 0.609375 0.007692307692307693 0.01875
0 0.17802197802197803 0.515625 0.017582417582417582 0.07291666666666667
0 0.19175824175824177 0.5041666666666667 0.007692307692307693 0.016666666666666666
0 0.3153846153846154 0.475 0.006593406593406593 0.0125
0 0.30934065934065935 0.5 0.014285714285714285 0.06666666666666667
0 0.3373626373626374 0.41458333333333336 0.006593406593406593 0.0125
0 0.3291208791208791 0.496875 0.016483516483516484 0.06041666666666667
0 0.3384615384615385 0.43333333333333335 0.004395604395604396 0.008333333333333333
0 0.3489010989010989 0.4322916666666667 0.012087912087912088 0.04791666666666667
0 0.34285714285714286 0.4322916666666667 0.01098901098901099 0.04791666666666667
0 0.36538461538461536 0.403125 0.012087912087912088 0.052083333333333336
0 0.3598901098901099 0.4479166666666667 0.014285714285714285 0.06666666666666667
0 0.3532967032967033 0.440625 0.00989010989010989 0.03958333333333333
0 0.3505494505494505 0.43854166666666666 0.013186813186813187 0.06041666666666667
0 0.3901098901098901 0.465625 0.006593406593406593 0.010416666666666666
0 0.3752747252747253 0.4708333333333333 0.005494505494505495 0.0125
0 0.3708791208791209 0.46041666666666664 0.0032967032967032967 0.008333333333333333
0 0.40384615384615385 0.47604166666666664 0.005494505494505495 0.010416666666666666
0 0.3730769230769231 0.5510416666666667 0.005494505494505495 0.010416666666666666
0 0.38186813186813184 0.446875 0.01868131868131868 0.08541666666666667
0 0.3840659340659341 0.42604166666666665 0.01868131868131868 0.08125
0 0.3934065934065934 0.3572916666666667 0.004395604395604396 0.010416666666666666
