0 0.8645061728395061 0.350462962962963 0.046296296296296294 0.08425925925925926
0 0.7947530864197531 0.3648148148148148 0.033950617283950615 0.06666666666666667
0 0.682716049382716 0.37777777777777777 0.040740740740740744 0.06111111111111111
0 0.5848765432098766 0.33287037037037037 0.037654320987654324 0.062037037037037036
0 0.5080246913580246 0.40324074074074073 0.03333333333333333 0.049074074074074076
0 0.44814814814814813 0.37592592592592594 0.013580246913580247 0.027777777777777776
0 0.34814814814814815 0.3731481481481482 0.019753086419753086 0.03333333333333333
0 0.39382716049382716 0.37962962962962965 0.012345679012345678 0.020370370370370372
0 0.333641975308642 0.37777777777777777 0.009259259259259259 0.016666666666666666
0 0.32222222222222224 0.37916666666666665 0.008641975308641974 0.01574074074074074
0 0.30401234567901236 0.3814814814814815 0.009259259259259259 0.014814814814814815
0 0.29074074074074074 0.3851851851851852 0.008641975308641974 0.012962962962962963
0 0.2552469135802469 0.3824074074074074 0.021604938271604937 0.03333333333333333
0 0.18950617283950616 0.3837962962962963 0.020987654320987655 0.03425925925925926
0 0.20030864197530865 0.3712962962962963 0.014197530864197531 0.024074074074074074
0 0.16018518518518518 0.38981481481481484 0.020370370370370372 0.03333333333333333
0 0.14537037037037037 0.37175925925925923 0.016666666666666666 0.028703703703703703
0 0.0787037037037037 0.3925925925925926 0.025308641975308643 0.037037037037037035
0 0.0404320987654321 0.39444444444444443 0.027777777777777776 0.044444444444444446
0 0.2916666666666667 0.3800925925925926 0.006790123456790123 0.012037037037037037
0 0.3728395061728395 0.37916666666666665 0.007407407407407408 0.013888888888888888
0 0.195679012345679 0.38935185185185184 0.01728395061728395 0.030555555555555555
