0 0.949375 0.32176360225140715 0.05875 0.10318949343339587
0 0.865 0.3789868667917448 0.0575 0.10131332082551595
0 0.72625 0.4071294559099437 0.0575 0.1050656660412758
0 0.601875 0.3527204502814259 0.04375 0.08630393996247655
0 0.5575 0.4174484052532833 0.055 0.10694183864915573
0 0.46625 0.4090056285178236 0.0475 0.08630393996247655
0 0.44375 0.34896810506566606 0.0375 0.0675422138836773
0 0.34875 0.3921200750469043 0.0425 0.07879924953095685
0 0.308125 0.4071294559099437 0.03625 0.06378986866791744
0 0.25 0.398686679174484 0.04 0.06941838649155722
0 0.210625 0.3921200750469043 0.03625 0.07129455909943715
0 0.154375 0.3545966228893058 0.03875 0.0600375234521576
0 0.103125 0.3602251407129456 0.04375 0.075046904315197
