0 0.7397762345679012 0.4783950617283951 0.03202160493827161 0.05761316872427984
0 0.5727237654320988 0.551440329218107 0.03433641975308642 0.04938271604938271
0 0.5025077160493827 0.466820987654321 0.03510802469135803 0.05709876543209876
0 0.32060185185185186 0.4506172839506173 0.034722222222222224 0.053497942386831275
0 0.16319444444444445 0.470679012345679 0.010802469135802469 0.018518518518518517
0 0.06983024691358025 0.4832818930041152 0.010030864197530864 0.014917695473251029
0 0.5733024691358025 0.38271604938271603 0.010030864197530864 0.01646090534979424
0 0.5399305555555556 0.4022633744855967 0.008873456790123456 0.012345679012345678
0 0.6032021604938271 0.4066358024691358 0.010416666666666666 0.014917695473251029
0 0.8634259259259259 0.4655349794238683 0.0038580246913580245 0.0051440329218107
0 0.8705632716049383 0.4637345679012346 0.003472222222222222 0.004629629629629629
0 0.7770061728395061 0.5640432098765432 0.021604938271604937 0.030349794238683128
0 0.8491512345679012 0.463477366255144 0.004629629629629629 0.006172839506172839
0 0.7663966049382716 0.4169238683127572 0.008101851851851851 0.011831275720164609
0 0.7243441358024691 0.4117798353909465 0.010416666666666666 0.014917695473251029
0 0.7073688271604939 0.4122942386831276 0.009645061728395061 0.01286008230452675
0 0.6847993827160493 0.4102366255144033 0.007716049382716049 0.011831275720164609
