0 0.6467391304347826 0.19694072657743786 0.0391304347826087 0.09177820267686425
0 0.15760869565217392 0.6443594646271511 0.06304347826086956 0.1147227533460803
0 0.3483695652173913 0.5707456978967496 0.06195652173913044 0.13193116634799235
0 0.15706521739130436 0.4818355640535373 0.051086956521739134 0.08795411089866156
0 0.2896739130434783 0.49904397705544934 0.051086956521739134 0.1147227533460803
0 0.2902173913043478 0.49904397705544934 0.05217391304347826 0.11089866156787763
0 0.40217391304347827 0.607074569789675 0.04782608695652174 0.12810707456978968
0 0.41195652173913044 0.4808795411089866 0.041304347826086954 0.09751434034416825
0 0.508695652173913 0.5783938814531548 0.04782608695652174 0.09751434034416825
0 0.5668478260869565 0.5535372848948374 0.04456521739130435 0.09369024856596558
0 0.7391304347826086 0.5745697896749522 0.04782608695652174 0.10133843212237094
0 0.7179347826086957 0.44072657743785854 0.05326086956521739 0.11281070745697896
0 0.758695652173913 0.45315487571701724 0.04782608695652174 0.09177820267686425
0 0.8445652173913043 0.43307839388145314 0.04782608695652174 0.08604206500956023
0 0.9521739130434783 0.4904397705544933 0.05217391304347826 0.10516252390057361
0 0.014130434782608696 0.5650095602294455 0.043478260869565216 0.08604206500956023
0 0.08967391304347826 0.5621414913957935 0.057608695652173914 0.10325047801147227
0 0.6407608695652174 0.5697896749521989 0.04456521739130435 0.0994263862332696
0 0.8913043478260869 0.5038240917782026 0.04565217391304348 0.08604206500956023
