0 0.16583333333333333 0.77625 0.105 0.2125
0 0.35625 0.83 0.10916666666666666 0.2025
0 0.51375 0.945 0.11916666666666667 0.2325
0 0.5008333333333334 0.648125 0.10666666666666667 0.18875
0 0.6629166666666667 0.69625 0.09416666666666666 0.195
0 0.7979166666666667 0.86 0.10083333333333333 0.185
0 0.9220833333333334 0.854375 0.1175 0.22125
0 0.03666666666666667 0.506875 0.04833333333333333 0.08875
0 0.11666666666666667 0.558125 0.04833333333333333 0.08625
0 0.12541666666666668 0.53 0.04416666666666667 0.0775
0 0.04416666666666667 0.385625 0.035 0.05375
0 0.10833333333333334 0.4025 0.03166666666666667 0.0525
0 0.13333333333333333 0.393125 0.023333333333333334 0.04875
0 0.01625 0.395 0.034166666666666665 0.0575
0 0.08458333333333333 0.301875 0.029166666666666667 0.04875
0 0.12416666666666666 0.319375 0.021666666666666667 0.04125
0 0.1475 0.278125 0.023333333333333334 0.04125
0 0.16833333333333333 0.22875 0.013333333333333334 0.025
0 0.17166666666666666 0.273125 0.023333333333333334 0.03875
0 0.16166666666666665 0.313125 0.03 0.05875
0 0.11041666666666666 0.4025 0.025833333333333333 0.045
0 0.1675 0.378125 0.025 0.04125
0 0.19291666666666665 0.37875 0.035833333333333335 0.0525
0 0.20875 0.36 0.025833333333333333 0.0475
0 0.22958333333333333 0.380625 0.0325 0.06625
0 0.25333333333333335 0.404375 0.03333333333333333 0.06625
0 0.21083333333333334 0.475 0.041666666666666664 0.0775
0 0.20333333333333334 0.523125 0.041666666666666664 0.08875
0 0.255 0.5025 0.055 0.1075
0 0.24333333333333335 0.606875 0.065 0.09875
0 0.2675 0.4425 0.05 0.0775
0 0.33916666666666667 0.46625 0.055 0.1025
0 0.4058333333333333 0.535625 0.06333333333333334 0.10125
0 0.3279166666666667 0.705625 0.10083333333333333 0.18125
0 0.305 0.35625 0.041666666666666664 0.065
0 0.3745833333333333 0.361875 0.034166666666666665 0.06625
0 0.41 0.394375 0.04 0.06125
0 0.4370833333333333 0.433125 0.0525 0.09125
0 0.4870833333333333 0.4425 0.050833333333333335 0.095
0 0.52375 0.46875 0.04416666666666667 0.0825
0 0.5520833333333334 0.563125 0.04083333333333333 0.08125
0 0.5820833333333333 0.4825 0.0375 0.0875
0 0.5545833333333333 0.479375 0.035833333333333335 0.08875
0 0.615 0.45125 0.045 0.09
0 0.66625 0.526875 0.050833333333333335 0.09125
0 0.7 0.578125 0.05 0.08375
0 0.75625 0.559375 0.0475 0.09625
0 0.80125 0.52125 0.06416666666666666 0.125
0 0.9158333333333334 0.66375 0.08333333333333333 0.1425
0 0.9633333333333334 0.55875 0.075 0.135
0 0.9541666666666667 0.495625 0.065 0.10875
0 0.9308333333333333 0.464375 0.04666666666666667 0.08625
0 0.9045833333333333 0.43125 0.0425 0.085
0 0.95875 0.418125 0.050833333333333335 0.08625
0 0.9191666666666667 0.3575 0.03833333333333333 0.0725
0 0.6695833333333333 0.43375 0.05416666666666667 0.1025
0 0.7241666666666666 0.420625 0.04833333333333333 0.09875
0 0.75875 0.391875 0.0475 0.09875
0 0.8216666666666667 0.441875 0.045 0.08125
0 0.85625 0.356875 0.029166666666666667 0.04625
0 0.8116666666666666 0.33875 0.03166666666666667 0.0525
0 0.93375 0.274375 0.0325 0.05125
0 0.9920833333333333 0.330625 0.0225 0.05375
0 0.96 0.369375 0.03333333333333333 0.06125
0 0.6441666666666667 0.268125 0.028333333333333332 0.05875
0 0.69375 0.274375 0.020833333333333332 0.04375
0 0.75875 0.324375 0.025833333333333333 0.04625
0 0.88125 0.259375 0.0325 0.05875
0 0.59625 0.36875 0.03916666666666667 0.06
0 0.50625 0.355625 0.0375 0.05375
0 0.3125 0.31375 0.02666666666666667 0.05
0 0.47125 0.275625 0.024166666666666666 0.03875
