0 0.6051785714285715 0.4976190476190476 0.0525 0.08571428571428572
0 0.5066071428571428 0.5307142857142857 0.04321428571428571 0.07952380952380952
0 0.4373214285714286 0.615 0.04107142857142857 0.06523809523809523
0 0.3430357142857143 0.5371428571428571 0.0425 0.07523809523809524
0 0.2648214285714286 0.5995238095238096 0.0375 0.06571428571428571
0 0.12696428571428572 0.5857142857142857 0.1382142857142857 0.2219047619047619
0 0.2082142857142857 0.5521428571428572 0.06357142857142857 0.11
0 0.05785714285714286 0.5607142857142857 0.054285714285714284 0.09666666666666666
0 0.3142857142857143 0.5266666666666666 0.012857142857142857 0.02
0 0.37160714285714286 0.5045238095238095 0.031071428571428573 0.051904761904761905
0 0.4419642857142857 0.5104761904761905 0.026071428571428572 0.0419047619047619
0 0.47910714285714284 0.48142857142857143 0.02892857142857143 0.054285714285714284
0 0.6514285714285715 0.48023809523809524 0.017142857142857144 0.032857142857142856
0 0.7510714285714286 0.45785714285714285 0.01 0.018571428571428572
0 0.7875 0.45380952380952383 0.011428571428571429 0.01619047619047619
0 0.6975 0.4669047619047619 0.012142857142857143 0.020476190476190478
