0 0.18115384615384617 0.6259181532004198 0.022307692307692306 0.03252885624344176
0 0.23807692307692307 0.6044071353620147 0.016153846153846154 0.023084994753410283
0 0.2523076923076923 0.6406086044071354 0.016923076923076923 0.026232948583420776
0 0.26384615384615384 0.6306400839454355 0.016923076923076923 0.02728226652675761
0 0.3038461538461538 0.5907660020986358 0.012307692307692308 0.02098635886673662
0 0.3819230769230769 0.6190975865687304 0.02076923076923077 0.03147953830010493
0 0.3992307692307692 0.6075550891920252 0.016923076923076923 0.025183630640083946
0 0.445 0.5897166841552991 0.014615384615384615 0.02728226652675761
0 0.6038461538461538 0.5886673662119623 0.015384615384615385 0.02728226652675761
0 0.69 0.6101783840503673 0.038461538461538464 0.1521511017838405
0 0.8134615384615385 0.6190975865687304 0.026923076923076925 0.03147953830010493
0 0.8407692307692308 0.5813221406086044 0.043076923076923075 0.17418677859391396
0 0.8784615384615385 0.5750262329485835 0.047692307692307694 0.16369359916054566
