0 0.16357421875 0.363103953147877 0.0283203125 0.04685212298682284
0 0.224609375 0.35505124450951686 0.03125 0.048316251830161056
0 0.31103515625 0.3857979502196193 0.0283203125 0.05417276720351391
0 0.39453125 0.3616398243045388 0.03125 0.055636896046852125
0 0.4921875 0.3806734992679356 0.033203125 0.06149341142020498
0 0.560546875 0.41800878477306 0.0234375 0.036603221083455345
0 0.6328125 0.4055636896046852 0.025390625 0.040995607613469986
0 0.7021484375 0.3945827232796486 0.033203125 0.05124450951683748
0 0.76611328125 0.4494875549048316 0.0341796875 0.0527086383601757
0 0.8466796875 0.308199121522694 0.037109375 0.060029282576866766
0 0.7744140625 0.3206442166910688 0.03125 0.05856515373352855
0 0.72265625 0.34699853587115664 0.02734375 0.04978038067349927
0 0.1435546875 0.33821376281112736 0.02734375 0.0527086383601757
0 0.12646484375 0.3301610541727672 0.0263671875 0.05417276720351391
0 0.10595703125 0.3184480234260615 0.0283203125 0.05417276720351391
0 0.197265625 0.29941434846266474 0.021484375 0.0424597364568082
0 0.24365234375 0.2964860907759883 0.0224609375 0.04538799414348463
0 0.30615234375 0.3623718887262079 0.0205078125 0.036603221083455345
0 0.349609375 0.30600292825768666 0.01953125 0.032210834553440704
0 0.40576171875 0.2752562225475842 0.0166015625 0.029282576866764276
0 0.47509765625 0.2891654465592972 0.0185546875 0.03367496339677892
0 0.5439453125 0.30234260614934116 0.01953125 0.036603221083455345
0 0.57568359375 0.29282576866764276 0.0224609375 0.03806734992679356
0 0.59521484375 0.2972181551976574 0.0205078125 0.03513909224011713
0 0.6357421875 0.32723279648609077 0.025390625 0.0424597364568082
0 0.67041015625 0.3279648609077599 0.0205078125 0.040995607613469986
0 0.1591796875 0.24816983894582723 0.01171875 0.01903367496339678
0 0.68505859375 0.3235724743777452 0.0283203125 0.04685212298682284
0 0.6923828125 0.35505124450951686 0.03125 0.048316251830161056
0 0.6083984375 0.37481698389458273 0.01953125 0.03513909224011713
