0 0.8473684210526315 0.8255102040816327 0.007894736842105263 0.014285714285714285
0 0.6763157894736842 0.8204081632653061 0.013157894736842105 0.0163265306122449
0 0.6059210526315789 0.823469387755102 0.009210526315789473 0.014285714285714285
0 0.6368421052631579 0.8285714285714286 0.007894736842105263 0.012244897959183673
0 0.5644736842105263 0.8163265306122449 0.007894736842105263 0.012244897959183673
0 0.5210526315789473 0.8428571428571429 0.010526315789473684 0.024489795918367346
0 0.049342105263157895 0.7989795918367347 0.017105263157894738 0.030612244897959183
0 0.025657894736842105 0.8214285714285714 0.014473684210526316 0.022448979591836733
0 0.4756578947368421 0.826530612244898 0.009210526315789473 0.0163265306122449
0 0.5019736842105263 0.8295918367346938 0.009210526315789473 0.014285714285714285
0 0.5381578947368421 0.8642857142857143 0.02631578947368421 0.07551020408163266
0 0.555921052631579 0.863265306122449 0.019736842105263157 0.07755102040816327
0 0.4921052631578947 0.8244897959183674 0.007894736842105263 0.012244897959183673
0 0.5164473684210527 0.823469387755102 0.009210526315789473 0.014285714285714285
