0 0.63625 0.495 0.0525 0.07
0 0.37 0.4477777777777778 0.045 0.06666666666666667
0 0.3475 0.46055555555555555 0.04 0.056666666666666664
0 0.41083333333333333 0.44666666666666666 0.035 0.051111111111111114
0 0.37833333333333335 0.4161111111111111 0.035 0.05
0 0.24 0.4216666666666667 0.04 0.05444444444444444
0 0.19958333333333333 0.40166666666666667 0.04416666666666667 0.06111111111111111
0 0.12833333333333333 0.39222222222222225 0.045 0.06222222222222222
0 0.47583333333333333 0.44333333333333336 0.03166666666666667 0.04666666666666667
0 0.5245833333333333 0.4661111111111111 0.0325 0.043333333333333335
0 0.5120833333333333 0.45555555555555555 0.029166666666666667 0.044444444444444446
0 0.58125 0.4905555555555556 0.029166666666666667 0.04111111111111111
0 0.5666666666666667 0.49444444444444446 0.021666666666666667 0.03333333333333333
0 0.5554166666666667 0.4777777777777778 0.020833333333333332 0.03111111111111111
0 0.5766666666666667 0.4533333333333333 0.015 0.02666666666666667
0 0.6566666666666666 0.4727777777777778 0.018333333333333333 0.03
0 0.7404166666666666 0.45444444444444443 0.06916666666666667 0.08666666666666667
0 0.8033333333333333 0.5477777777777778 0.06666666666666667 0.09111111111111111
0 0.86625 0.5555555555555556 0.0525 0.07555555555555556
0 0.9083333333333333 0.52 0.035 0.051111111111111114
0 1.0025 0.5566666666666666 0.03 0.044444444444444446
0 0.9775 0.53 0.028333333333333332 0.04
0 0.9641666666666666 0.5255555555555556 0.018333333333333333 0.03111111111111111
0 0.705 0.4872222222222222 0.015 0.025555555555555557
0 0.6883333333333334 0.47055555555555556 0.015 0.023333333333333334
0 0.7604166666666666 0.485 0.0275 0.034444444444444444
0 0.80625 0.5194444444444445 0.0525 0.07
0 0.0475 0.36777777777777776 0.011666666666666667 0.017777777777777778
0 0.01 0.3688888888888889 0.01 0.015555555555555555
0 0.14833333333333334 0.375 0.01 0.016666666666666666
0 0.16791666666666666 0.3927777777777778 0.0125 0.01888888888888889
0 0.2679166666666667 0.4122222222222222 0.014166666666666666 0.02
0 0.2991666666666667 0.4161111111111111 0.01 0.016666666666666666
0 0.30583333333333335 0.42777777777777776 0.011666666666666667 0.017777777777777778
0 0.3279166666666667 0.42444444444444446 0.0125 0.015555555555555555
0 0.8625 0.5205555555555555 0.045 0.05444444444444444
