0 0.08977455716586151 0.7833333333333333 0.17149758454106281 0.32469135802469135
0 0.5169082125603864 0.7679012345679013 0.14814814814814814 0.3925925925925926
0 0.3176328502415459 0.5654320987654321 0.09903381642512077 0.1506172839506173
0 0.5511272141706924 0.5611111111111111 0.0893719806763285 0.14444444444444443
0 0.4428341384863124 0.48641975308641977 0.06280193236714976 0.10123456790123457
0 0.5040257648953301 0.45555555555555555 0.04186795491143317 0.06172839506172839
0 0.5136876006441223 0.29876543209876544 0.030595813204508857 0.06419753086419754
0 0.5938003220611916 0.3469135802469136 0.03462157809983897 0.06666666666666667
0 0.6690821256038647 0.32098765432098764 0.03542673107890499 0.07901234567901234
0 0.7548309178743962 0.18395061728395062 0.07648953301127215 0.15308641975308643
0 0.9537037037037037 0.454320987654321 0.06038647342995169 0.07654320987654321
