0 0.9301428571428572 0.8995398773006135 0.003142857142857143 0.0066462167689161555
0 0.8678571428571429 0.8793456032719836 0.004285714285714286 0.010224948875255624
0 0.5875714285714285 0.8392126789366053 0.006 0.01278118609406953
0 0.5701428571428572 0.842280163599182 0.0054285714285714284 0.010736196319018405
0 0.49414285714285716 0.8374233128834356 0.006571428571428572 0.011247443762781187
0 0.482 0.8312883435582822 0.006285714285714286 0.012269938650306749
0 0.3587142857142857 0.29192229038854806 0.048285714285714286 0.1032719836400818
0 0.3505714285714286 0.3880368098159509 0.04 0.07770961145194274
0 0.17414285714285715 0.3118609406952965 0.047142857142857146 0.0950920245398773
0 0.11957142857142856 0.37065439672801637 0.046 0.08588957055214724
0 0.665 0.5894683026584867 0.03 0.065439672801636
