0 0.21227272727272728 0.3069466882067851 0.10818181818181818 0.20032310177705978
0 0.31636363636363635 0.3360258481421648 0.06181818181818182 0.13570274636510501
0 0.45 0.38449111470113084 0.06727272727272728 0.13247172859450726
0 0.5781818181818181 0.364297253634895 0.07818181818181819 0.1567043618739903
0 0.9531818181818181 0.21809369951534732 0.06636363636363636 0.13247172859450726
0 0.23545454545454544 0.0840064620355412 0.06 0.11954765751211632
0 0.9122727272727272 0.23263327948303716 0.017272727272727273 0.035541195476575124
0 0.4672727272727273 0.14620355411954766 0.03636363636363636 0.07269789983844911
0 0.5495454545454546 0.1567043618739903 0.015454545454545455 0.035541195476575124
0 0.6181818181818182 0.19063004846526657 0.034545454545454546 0.06462035541195477
0 0.6809090909090909 0.252827140549273 0.01818181818181818 0.033925686591276254
