0 0.4817708333333333 0.3907407407407407 0.003125 0.007407407407407408
0 0.49166666666666664 0.39814814814814814 0.004166666666666667 0.007407407407407408
0 0.4552083333333333 0.4009259259259259 0.008333333333333333 0.024074074074074074
0 0.46770833333333334 0.39444444444444443 0.004166666666666667 0.007407407407407408
0 0.4708333333333333 0.4 0.004166666666666667 0.007407407407407408
0 0.4203125 0.43425925925925923 0.005208333333333333 0.009259259259259259
0 0.4296875 0.4546296296296296 0.003125 0.005555555555555556
0 0.4432291666666667 0.42962962962962964 0.003125 0.007407407407407408
0 0.45260416666666664 0.4361111111111111 0.005208333333333333 0.009259259259259259
0 0.4552083333333333 0.42777777777777776 0.004166666666666667 0.007407407407407408
0 0.46770833333333334 0.425 0.004166666666666667 0.009259259259259259
0 0.47239583333333335 0.4305555555555556 0.005208333333333333 0.009259259259259259
0 0.465625 0.43796296296296294 0.004166666666666667 0.009259259259259259
0 0.4713541666666667 0.4722222222222222 0.005208333333333333 0.011111111111111112
0 0.4859375 0.4666666666666667 0.005208333333333333 0.011111111111111112
0 0.4901041666666667 0.45740740740740743 0.005208333333333333 0.011111111111111112
0 0.49635416666666665 0.46111111111111114 0.007291666666666667 0.011111111111111112
0 0.5026041666666666 0.45 0.005208333333333333 0.011111111111111112
0 0.5046875 0.4203703703703704 0.003125 0.007407407407407408
0 0.5020833333333333 0.4009259259259259 0.004166666666666667 0.009259259259259259
0 0.5125 0.3962962962962963 0.004166666666666667 0.007407407407407408
0 0.5166666666666667 0.4111111111111111 0.010416666666666666 0.037037037037037035
0 0.5182291666666666 0.42314814814814816 0.005208333333333333 0.009259259259259259
0 0.51875 0.4462962962962963 0.004166666666666667 0.011111111111111112
0 0.5135416666666667 0.4685185185185185 0.00625 0.011111111111111112
0 0.5317708333333333 0.46574074074074073 0.005208333333333333 0.009259259259259259
0 0.5432291666666667 0.46574074074074073 0.007291666666666667 0.012962962962962963
0 0.5515625 0.44722222222222224 0.005208333333333333 0.009259259259259259
0 0.575 0.4444444444444444 0.004166666666666667 0.007407407407407408
0 0.5333333333333333 0.49074074074074076 0.00625 0.011111111111111112
0 0.5395833333333333 0.4925925925925926 0.00625 0.014814814814814815
0 0.5572916666666666 0.4898148148148148 0.00625 0.012962962962962963
0 0.5317708333333333 0.49907407407407406 0.007291666666666667 0.012962962962962963
0 0.5432291666666667 0.4981481481481482 0.007291666666666667 0.011111111111111112
0 0.5536458333333333 0.5055555555555555 0.009375 0.018518518518518517
0 0.5640625 0.5037037037037037 0.005208333333333333 0.011111111111111112
0 0.5791666666666667 0.5185185185185185 0.014583333333333334 0.08148148148148149
0 0.5885416666666666 0.4935185185185185 0.00625 0.012962962962962963
0 0.453125 0.537962962962963 0.00625 0.016666666666666666
0 0.4734375 0.55 0.007291666666666667 0.014814814814814815
0 0.5125 0.6287037037037037 0.010416666666666666 0.024074074074074074
0 0.5494791666666666 0.6259259259259259 0.011458333333333333 0.025925925925925925
0 0.3776041666666667 0.7351851851851852 0.013541666666666667 0.03333333333333333
0 0.41822916666666665 0.7231481481481481 0.013541666666666667 0.03518518518518519
