0 0.013157894736842105 0.5356638418079096 0.03289473684210526 0.0480225988700565
0 0.1493186090225564 0.566207627118644 0.0350093984962406 0.06038135593220339
0 0.19983552631578946 0.5074152542372882 0.03218984962406015 0.05084745762711865
0 0.28970864661654133 0.5201271186440678 0.030545112781954886 0.05155367231638418
0 0.42974624060150374 0.511475988700565 0.028665413533834585 0.05261299435028249
0 0.5404135338345865 0.534427966101695 0.02631578947368421 0.042725988700564974
0 0.6560150375939849 0.5503177966101694 0.03148496240601504 0.050494350282485875
0 0.8462171052631579 0.2309322033898305 0.08482142857142858 0.15324858757062146
0 0.5956296992481203 0.5889830508474576 0.01268796992481203 0.024717514124293787
0 0.6051456766917294 0.599752824858757 0.011513157894736841 0.02153954802259887
0 0.6339285714285714 0.5935734463276836 0.01362781954887218 0.02401129943502825
0 0.7080592105263158 0.598340395480226 0.009163533834586466 0.01730225988700565
0 0.7415413533834586 0.5953389830508474 0.009398496240601503 0.01765536723163842
0 0.5025845864661654 0.5942796610169492 0.009868421052631578 0.018361581920903956
0 0.4787359022556391 0.5933968926553672 0.013862781954887217 0.02153954802259887
0 0.377937030075188 0.5941031073446328 0.00963345864661654 0.013771186440677966
0 0.37899436090225563 0.5932203389830508 0.010338345864661654 0.016242937853107344
0 0.5845864661654135 0.576271186440678 0.008928571428571428 0.016242937853107344
