0 0.10540254237288135 0.30625 0.026483050847457626 0.0775
0 0.14247881355932204 0.25875 0.034957627118644065 0.0925
0 0.1128177966101695 0.47375 0.05826271186440678 0.1725
0 0.2155720338983051 0.31 0.034957627118644065 0.095
0 0.2198093220338983 0.28 0.026483050847457626 0.075
0 0.2574152542372881 0.3075 0.029661016949152543 0.085
0 0.2823093220338983 0.2925 0.03072033898305085 0.085
0 0.3596398305084746 0.3625 0.020127118644067795 0.06
0 0.3914194915254237 0.28 0.03072033898305085 0.08
0 0.4025423728813559 0.3275 0.02754237288135593 0.08
0 0.4205508474576271 0.305 0.029661016949152543 0.09
0 0.4433262711864407 0.35 0.034957627118644065 0.11
0 0.4793432203389831 0.3175 0.026483050847457626 0.07
0 0.5185381355932204 0.32625 0.034957627118644065 0.0875
0 0.5217161016949152 0.30375 0.03072033898305085 0.0775
0 0.5572033898305084 0.3075 0.023305084745762712 0.065
0 0.5455508474576272 0.33 0.0211864406779661 0.055
0 0.6451271186440678 0.41875 0.036016949152542374 0.0925
0 0.7388771186440678 0.3575 0.037076271186440676 0.105
0 0.7203389830508474 0.365 0.036016949152542374 0.105
0 0.6986228813559322 0.31 0.034957627118644065 0.095
0 0.7632415254237288 0.3325 0.03072033898305085 0.085
0 0.8395127118644068 0.33875 0.034957627118644065 0.0925
0 0.916843220338983 0.3825 0.0413135593220339 0.115
0 0.96875 0.38875 0.04978813559322034 0.1325
0 0.9925847457627118 0.2925 0.023305084745762712 0.06
0 0.920021186440678 0.33625 0.0413135593220339 0.1025
0 0.8691737288135594 0.27625 0.03283898305084746 0.1025
0 0.854343220338983 0.31 0.034957627118644065 0.1
