0 0.6374358974358975 0.697841726618705 0.035897435897435895 0.030215827338129497
0 0.5148717948717949 0.7320143884892086 0.03282051282051282 0.02805755395683453
0 0.24615384615384617 0.7359712230215827 0.028717948717948718 0.02446043165467626
0 0.2164102564102564 0.7323741007194244 0.03487179487179487 0.027338129496402876
0 0.18102564102564103 0.7294964028776978 0.033846153846153845 0.02158273381294964
0 0.1317948717948718 0.7262589928057553 0.031794871794871796 0.026618705035971222
0 0.12923076923076923 0.7316546762589928 0.041025641025641026 0.031654676258992806
0 0.0005128205128205128 0.7453237410071942 0.02358974358974359 0.02158273381294964
0 0.030256410256410255 0.7269784172661871 0.02564102564102564 0.020863309352517987
0 0.03076923076923077 0.7266187050359713 0.024615384615384615 0.017266187050359712
