0 0.07846153846153846 0.5339157245632066 0.016923076923076923 0.023638232271325797
0 0.005 0.5015416238437821 0.008461538461538461 0.01644398766700925
0 0.03923076923076923 0.5102774922918808 0.015384615384615385 0.019527235354573486
0 0.04730769230769231 0.5041109969167523 0.01 0.013360739979445015
0 0.0726923076923077 0.4984583761562179 0.011538461538461539 0.014388489208633094
0 0.1453846153846154 0.5030832476875642 0.007692307692307693 0.011305241521068859
0 0.16615384615384615 0.4989722507708119 0.009230769230769232 0.011305241521068859
0 0.23307692307692307 0.5416238437821171 0.02923076923076923 0.03699897225077081
0 0.25076923076923074 0.46505652620760535 0.006153846153846154 0.009249743062692703
0 0.27307692307692305 0.5118191161356629 0.010769230769230769 0.012332990750256937
0 0.2903846153846154 0.5241521068859198 0.014615384615384615 0.018499486125385406
0 0.2976923076923077 0.5159301130524152 0.013846153846153847 0.020554984583761562
0 0.3434615384615385 0.540082219938335 0.019230769230769232 0.023638232271325797
0 0.36730769230769234 0.5231243576567317 0.01 0.014388489208633094
0 0.3923076923076923 0.5256937307297019 0.012307692307692308 0.017471736896197326
0 0.40615384615384614 0.5102774922918808 0.007692307692307693 0.011305241521068859
0 0.395 0.5267214799588901 0.02076923076923077 0.025693730729701953
0 0.4173076923076923 0.538540596094553 0.014615384615384615 0.024665981500513873
0 0.45269230769230767 0.5159301130524152 0.01 0.014388489208633094
0 0.45269230769230767 0.5354573484069887 0.011538461538461539 0.01644398766700925
0 0.4653846153846154 0.5292908530318602 0.010769230769230769 0.01644398766700925
0 0.47384615384615386 0.5292908530318602 0.007692307692307693 0.012332990750256937
0 0.4819230769230769 0.5195272353545735 0.008461538461538461 0.011305241521068859
0 0.4880769230769231 0.5436793422404933 0.014615384615384615 0.020554984583761562
0 0.5107692307692308 0.5457348406988695 0.03076923076923077 0.045220966084275435
0 0.5330769230769231 0.5292908530318602 0.007692307692307693 0.010277492291880781
0 0.541923076923077 0.5303186022610483 0.008461538461538461 0.012332990750256937
0 0.5465384615384615 0.5452209660842754 0.008461538461538461 0.013360739979445015
0 0.5503846153846154 0.5390544707091469 0.006923076923076923 0.011305241521068859
0 0.5542307692307692 0.5236382322713258 0.006923076923076923 0.009249743062692703
0 0.5646153846153846 0.5318602261048304 0.007692307692307693 0.009249743062692703
0 0.5715384615384616 0.5241521068859198 0.006153846153846154 0.010277492291880781
0 0.5803846153846154 0.5678314491264131 0.031538461538461536 0.046248715313463515
0 0.6888461538461539 0.5364850976361768 0.006923076923076923 0.010277492291880781
0 0.6996153846153846 0.5354573484069887 0.006923076923076923 0.010277492291880781
0 0.7242307692307692 0.5405960945529291 0.008461538461538461 0.012332990750256937
0 0.7488461538461538 0.5416238437821171 0.006923076923076923 0.010277492291880781
0 0.7873076923076923 0.5621788283658787 0.019230769230769232 0.024665981500513873
0 0.8 0.5488180883864338 0.009230769230769232 0.010277492291880781
0 0.8592307692307692 0.5642343268242549 0.021538461538461538 0.030832476875642344
0 0.8846153846153846 0.5508735868448099 0.007692307692307693 0.010277492291880781
0 0.9092307692307692 0.5513874614594039 0.006153846153846154 0.009249743062692703
0 0.835 0.5431654676258992 0.005384615384615384 0.007194244604316547
0 0.9211538461538461 0.5734840698869476 0.026923076923076925 0.0328879753340185
0 0.9823076923076923 0.5637204522096608 0.024615384615384615 0.023638232271325797
0 0.9761538461538461 0.5585817060637205 0.021538461538461538 0.025693730729701953
0 0.9423076923076923 0.5637204522096608 0.018461538461538463 0.02158273381294964
0 0.9638461538461538 0.5416238437821171 0.007692307692307693 0.010277492291880781
0 0.9761538461538461 0.5405960945529291 0.006153846153846154 0.008221993833504625
0 0.08115384615384616 0.5118191161356629 0.016153846153846154 0.020554984583761562
