0 0.009433962264150943 0.6003460207612457 0.0830188679245283 0.11764705882352941
0 0.1349056603773585 0.5588235294117647 0.08867924528301886 0.09688581314878893
0 0.37641509433962267 0.5527681660899654 0.0660377358490566 0.08131487889273356
0 0.5 0.6678200692041523 0.08679245283018867 0.10034602076124567
0 0.5556603773584906 0.5112456747404844 0.035849056603773584 0.04325259515570934
0 0.6933962264150944 0.5570934256055363 0.04716981132075472 0.05190311418685121
0 0.8452830188679246 0.5527681660899654 0.05660377358490566 0.06401384083044982
0 0.9849056603773585 0.6124567474048442 0.07169811320754717 0.08304498269896193
0 0.7679245283018868 0.523356401384083 0.03773584905660377 0.0328719723183391
0 0.6981132075471698 0.5363321799307958 0.03773584905660377 0.03460207612456748
0 0.3433962264150943 0.5051903114186851 0.05660377358490566 0.058823529411764705
0 0.2641509433962264 0.4602076124567474 0.022641509433962263 0.02422145328719723
0 0.3283018867924528 0.44896193771626297 0.018867924528301886 0.015570934256055362
0 0.21226415094339623 0.458477508650519 0.02830188679245283 0.031141868512110725
