0 0.8043333333333333 0.368755676657584 0.03933333333333333 0.05812897366030881
0 0.724 0.47547683923705725 0.02666666666666667 0.04632152588555858
0 0.656 0.4750227066303361 0.030666666666666665 0.05449591280653951
0 0.6123333333333333 0.4396003633060854 0.03133333333333333 0.05267938237965486
0 0.5756666666666667 0.40009082652134426 0.043333333333333335 0.07538601271571299
0 0.47933333333333333 0.4141689373297003 0.03333333333333333 0.05631244323342416
0 0.45266666666666666 0.4100817438692098 0.02666666666666667 0.04632152588555858
0 0.3913333333333333 0.42052679382379654 0.034666666666666665 0.05631244323342416
0 0.315 0.4028156221616712 0.03266666666666666 0.053587647593097185
0 0.23 0.4396003633060854 0.03333333333333333 0.061762034514078114
0 0.186 0.3873751135331517 0.044 0.08446866485013624
0 0.559 0.4055404178019982 0.03133333333333333 0.048138056312443236
0 0.3933333333333333 0.4368755676657584 0.029333333333333333 0.03996366939146231
