0 0.24818181818181817 0.1591276252019386 0.05272727272727273 0.11793214862681745
0 0.2768181818181818 0.4531502423263328 0.06818181818181818 0.13731825525040386
0 0.16227272727272726 0.49434571890145396 0.06636363636363636 0.14862681744749595
0 0.09318181818181819 0.5234248788368336 0.09545454545454546 0.18739903069466882
0 0.8536363636363636 0.3715670436187399 0.07636363636363637 0.11954765751211632
0 0.3290909090909091 0.37075928917609047 0.038181818181818185 0.08562197092084006
0 0.34454545454545454 0.3432956381260097 0.038181818181818185 0.06946688206785137
0 0.3563636363636364 0.34491114701130854 0.02909090909090909 0.07269789983844911
0 0.39590909090909093 0.3174474959612278 0.031818181818181815 0.0791599353796446
0 0.42954545454545456 0.20113085621970922 0.026363636363636363 0.04361873990306947
0 0.9077272727272727 0.531502423263328 0.09909090909090909 0.19063004846526657
0 0.9968181818181818 0.5735056542810986 0.09363636363636364 0.22294022617124395
0 0.7295454545454545 0.3408723747980614 0.03909090909090909 0.0840064620355412
0 0.6913636363636364 0.33037156704361875 0.03727272727272727 0.06623586429725363
0 0.69 0.3287560581583199 0.038181818181818185 0.07592891760904685
0 0.6654545454545454 0.28998384491114704 0.02727272727272727 0.0630048465266559
