0 0.18575465425531915 0.37275 0.02210771276595745 0.0405
0 0.23454122340425532 0.36975 0.02327127659574468 0.042
0 0.23470744680851063 0.36975 0.023936170212765957 0.042
0 0.29928523936170215 0.4825 0.03174867021276596 0.056
0 0.39652593085106386 0.329125 0.03706781914893617 0.06075
0 0.507064494680851 0.360625 0.033743351063829786 0.07275
0 0.6273271276595744 0.365125 0.034242021276595744 0.05775
0 0.6923204787234043 0.345875 0.024601063829787235 0.04375
0 0.569813829787234 0.3585 0.018949468085106384 0.037
0 0.3070146276595745 0.385625 0.021941489361702128 0.03425
0 0.32197473404255317 0.362625 0.018617021276595744 0.03375
0 0.3528091755319149 0.379875 0.018450797872340427 0.03575
0 0.4642619680851064 0.341875 0.02759308510638298 0.05325
0 0.4482214095744681 0.355875 0.02210771276595745 0.03975
0 0.4295212765957447 0.35425 0.022273936170212765 0.035
0 0.5132147606382979 0.340875 0.01778590425531915 0.02975
0 0.72265625 0.331375 0.007147606382978723 0.01175
0 0.7347074468085106 0.332125 0.006648936170212766 0.01225
0 0.6709607712765957 0.355375 0.01180186170212766 0.01975
0 0.703125 0.348375 0.012632978723404254 0.02225
0 0.7793384308510638 0.3555 0.02576462765957447 0.0445
0 0.8038563829787234 0.365625 0.024601063829787235 0.04275
0 0.9222074468085106 0.382375 0.02759308510638298 0.04675
0 0.87890625 0.334625 0.020445478723404256 0.03875
0 0.8257978723404256 0.335375 0.008643617021276596 0.01475
0 0.9325132978723404 0.322 0.00997340425531915 0.015
0 0.8897938829787234 0.305 0.010638297872340425 0.016
0 0.9060837765957447 0.33125 0.007646276595744681 0.014
0 0.9796376329787234 0.3725 0.007147606382978723 0.0125
0 0.9706615691489362 0.369125 0.006482712765957447 0.01025
0 0.9605219414893617 0.373125 0.006815159574468085 0.00975
0 0.9500498670212766 0.363625 0.006150265957446809 0.01025
0 -0.0029920212765957447 0.378625 0.004654255319148936 0.00825
0 0.0758809840425532 0.372375 0.007147606382978723 0.01225
0 0.011884973404255319 0.38225 0.007147606382978723 0.011
