0 0.07538461538461538 0.29976303317535546 0.018461538461538463 0.026066350710900472
0 0.10307692307692308 0.31398104265402843 0.027692307692307693 0.05924170616113744
0 0.14076923076923076 0.2950236966824645 0.02923076923076923 0.054502369668246446
0 0.17384615384615384 0.29265402843601895 0.027692307692307693 0.04976303317535545
0 0.15076923076923077 0.3246445497630332 0.027692307692307693 0.05687203791469194
0 0.19230769230769232 0.3305687203791469 0.036923076923076927 0.06872037914691943
0 0.27384615384615385 0.2985781990521327 0.036923076923076927 0.07109004739336493
0 0.3423076923076923 0.3341232227488152 0.03538461538461538 0.05687203791469194
0 0.37384615384615383 0.36492890995260663 0.033846153846153845 0.06635071090047394
0 0.4330769230769231 0.34360189573459715 0.02923076923076923 0.052132701421800945
0 0.47384615384615386 0.34360189573459715 0.04 0.08530805687203792
0 0.5084615384615384 0.27606635071090047 0.03538461538461538 0.06872037914691943
0 0.5723076923076923 0.36018957345971564 0.033846153846153845 0.06635071090047394
0 0.5892307692307692 0.41113744075829384 0.043076923076923075 0.08767772511848342
0 0.6730769230769231 0.3957345971563981 0.05076923076923077 0.08530805687203792
0 0.6876923076923077 0.3305687203791469 0.033846153846153845 0.07345971563981042
0 0.6607692307692308 0.3471563981042654 0.03230769230769231 0.054502369668246446
0 0.7361538461538462 0.37203791469194314 0.026153846153846153 0.052132701421800945
0 0.7707692307692308 0.3590047393364929 0.021538461538461538 0.04028436018957346
0 0.8746153846153846 0.4277251184834123 0.038461538461538464 0.07345971563981042
