0 0.125 0.20427350427350427 0.06538461538461539 0.1076923076923077
0 0.2705128205128205 0.2376068376068376 0.0641025641025641 0.1094017094017094
0 0.42948717948717946 0.24615384615384617 0.0641025641025641 0.11623931623931624
0 0.5801282051282052 0.2205128205128205 0.07051282051282051 0.11282051282051282
0 0.7487179487179487 0.19829059829059828 0.06666666666666667 0.10598290598290598
0 0.8448717948717949 0.21196581196581196 0.0641025641025641 0.09914529914529914
0 0.6583333333333333 0.16666666666666666 0.06025641025641026 0.10085470085470086
0 0.5096153846153846 0.13333333333333333 0.06025641025641026 0.1094017094017094
0 0.34102564102564104 0.17863247863247864 0.05897435897435897 0.10085470085470086
0 0.20448717948717948 0.1905982905982906 0.06025641025641026 0.0905982905982906
