0 0.9678125 0.4535647279549719 0.033125 0.04221388367729831
0 0.8609375 0.4812382739212008 0.035625 0.0600375234521576
0 0.901875 0.4324577861163227 0.02875 0.0450281425891182
0 0.90125 0.4432457786116323 0.02125 0.03283302063789869
0 0.8715625 0.4638836772983114 0.028125 0.051594746716697934
0 0.818125 0.4451219512195122 0.0225 0.038461538461538464
0 0.7796875 0.4366791744840525 0.026875 0.04221388367729831
0 0.7271875 0.43105065666041276 0.025625 0.04409005628517824
0 0.69 0.45778611632270166 0.0225 0.04127579737335835
0 0.6559375 0.45590994371482174 0.020625 0.03377110694183865
0 0.6475 0.45684803001876173 0.015 0.02626641651031895
0 0.665625 0.45872420262664165 0.0175 0.03189493433395872
0 0.6275 0.46622889305816134 0.01625 0.02626641651031895
0 0.609375 0.44934333958724204 0.01625 0.028142589118198873
0 0.5959375 0.4521575984990619 0.013125 0.0225140712945591
0 0.586875 0.449812382739212 0.0125 0.021575984990619138
0 0.5665625 0.45168855534709196 0.014375 0.021575984990619138
0 0.5740625 0.43386491557223267 0.014375 0.02345215759849906
0 0.7928125 0.45919324577861165 0.020625 0.03470919324577861
0 0.4115625 0.44652908067542213 0.039375 0.07317073170731707
0 0.451875 0.4624765478424015 0.02125 0.03377110694183865
0 0.2228125 0.4709193245778612 0.038125 0.06566604127579738
0 0.21 0.4324577861163227 0.0325 0.05065666041275797
0 0.251875 0.4474671669793621 0.02625 0.04878048780487805
0 0.2803125 0.4826454033771107 0.021875 0.04221388367729831
0 0.314375 0.44793621013133206 0.01875 0.03470919324577861
0 0.3021875 0.4601313320825516 0.021875 0.03470919324577861
0 0.0346875 0.44090056285178236 0.061875 0.08818011257035648
0 0.0846875 0.45075046904315197 0.016875 0.021575984990619138
0 0.068125 0.44606003752345214 0.015 0.027204502814258912
