0 0.04551724137931035 0.39591836734693875 0.05241379310344828 0.09387755102040816
0 0.1317241379310345 0.41122448979591836 0.04551724137931035 0.0836734693877551
0 0.16344827586206898 0.38877551020408163 0.037241379310344824 0.0673469387755102
0 0.22758620689655173 0.42448979591836733 0.044137931034482755 0.07755102040816327
0 0.26068965517241377 0.3979591836734694 0.03586206896551724 0.0653061224489796
0 0.31103448275862067 0.4163265306122449 0.04 0.06938775510204082
0 0.40620689655172415 0.42551020408163265 0.04827586206896552 0.08775510204081632
0 0.5558620689655173 0.4204081632653061 0.044137931034482755 0.08571428571428572
0 0.6496551724137931 0.4683673469387755 0.038620689655172416 0.07959183673469387
0 0.646896551724138 0.3948979591836735 0.038620689655172416 0.07551020408163266
0 0.7344827586206897 0.4387755102040816 0.04275862068965517 0.07755102040816327
0 0.7537931034482759 0.39183673469387753 0.04 0.07346938775510205
0 0.8 0.4153061224489796 0.041379310344827586 0.07551020408163266
0 0.8055172413793104 0.4846938775510204 0.044137931034482755 0.0836734693877551
0 0.8896551724137931 0.4142857142857143 0.038620689655172416 0.07755102040816327
0 0.8910344827586207 0.4744897959183674 0.05241379310344828 0.09591836734693877
0 0.953103448275862 0.413265306122449 0.044137931034482755 0.06326530612244897
