0 0.7293532338308458 0.35741687979539644 0.05771144278606965 0.08951406649616368
0 0.6569651741293532 0.364769820971867 0.054228855721393035 0.09398976982097186
0 0.5149253731343284 0.36508951406649615 0.05472636815920398 0.08695652173913043
0 0.3800995024875622 0.3132992327365729 0.051741293532338306 0.08823529411764706
0 0.30522388059701494 0.3382352941176471 0.059203980099502486 0.09335038363171355
0 0.2281094527363184 0.3379156010230179 0.05522388059701493 0.09271099744245524
0 0.19577114427860698 0.25767263427109977 0.06119402985074627 0.0959079283887468
0 0.3243781094527363 0.2484015345268542 0.05572139303482587 0.09271099744245524
0 0.47885572139303484 0.26918158567774936 0.05323383084577114 0.08695652173913043
0 0.5987562189054726 0.2979539641943734 0.0472636815920398 0.08823529411764706
0 0.6728855721393034 0.27621483375959077 0.05522388059701493 0.08439897698209718
0 0.7900497512437811 0.27237851662404094 0.056716417910447764 0.08567774936061381
