0 0.071 0.6574212893553223 0.086 0.06746626686656672
0 0.123 0.603448275862069 0.082 0.05547226386806597
0 0.239 0.5727136431784108 0.078 0.05997001499250375
0 0.323 0.5727136431784108 0.054 0.044977511244377814
0 0.384 0.595952023988006 0.044 0.04047976011994003
0 0.455 0.5659670164917541 0.03 0.031484257871064465
0 0.466 0.7226386806596702 0.04 0.041979010494752625
0 0.497 0.5614692653673163 0.034 0.031484257871064465
0 0.554 0.5952023988005997 0.044 0.047976011994003
0 0.582 0.5659670164917541 0.028 0.025487256371814093
0 0.65 0.5584707646176912 0.06 0.05247376311844078
0 0.697 0.5884557721139431 0.042 0.04047976011994003
0 0.706 0.553223388305847 0.036 0.035982008995502246
0 0.767 0.5464767616191905 0.022 0.022488755622188907
0 0.735 0.5472263868065967 0.026 0.020989505247376312
0 0.949 0.5442278860569715 0.026 0.020989505247376312
0 0.871 0.5397301349325337 0.026 0.020989505247376312
0 0.851 0.5419790104947526 0.022 0.01649175412293853
0 0.811 0.5449775112443778 0.018 0.010494752623688156
0 0.915 0.532983508245877 0.014 0.013493253373313344
0 0.817 0.5982008995502249 0.038 0.07796101949025487
0 0.598 0.5494752623688156 0.016 0.01649175412293853
