0 0.19733333333333333 0.7464717741935484 0.08 0.07560483870967742
0 -0.004666666666666667 0.7247983870967742 0.044 0.04233870967741935
0 0.33666666666666667 0.71875 0.028 0.018145161290322582
0 0.384 0.7469758064516129 0.016 0.014112903225806451
0 0.43 0.7429435483870968 0.012 0.010080645161290322
0 0.44 0.7449596774193549 0.010666666666666666 0.008064516129032258
0 0.49 0.7505040322580645 0.009333333333333334 0.009072580645161291
0 0.5786666666666667 0.7424395161290323 0.008 0.007056451612903226
0 0.556 0.7404233870967742 0.010666666666666666 0.007056451612903226
0 0.5306666666666666 0.7419354838709677 0.008 0.006048387096774193
0 0.5166666666666667 0.7394153225806451 0.006666666666666667 0.005040322580645161
0 0.478 0.7409274193548387 0.009333333333333334 0.006048387096774193
0 0.19933333333333333 0.6915322580645161 0.06 0.04838709677419355
0 0.11333333333333333 0.7399193548387096 0.010666666666666666 0.008064516129032258
