0 0.145263671875 0.30907095830285297 0.28662109375 0.4718361375274323
0 0.194580078125 0.16130212143379663 0.11669921875 0.246525237746891
0 0.458251953125 0.28383321141185075 0.19189453125 0.3920994879297732
0 0.55712890625 0.4195318215069495 0.15234375 0.26847110460863205
0 0.658203125 0.4140453547915143 0.11328125 0.21653255303584493
0 0.7939453125 0.3968544257498171 0.0810546875 0.13386978785662035
0 0.765625 0.5120702267739575 0.083984375 0.15654718361375275
0 0.851318359375 0.4813460131675201 0.05029296875 0.10095098756400878
0 0.991455078125 0.3039502560351134 0.02294921875 0.046086320409656184
0 0.982177734375 0.46927578639356254 0.07861328125 0.14996342355523043
