0 0.09905660377358491 0.6537530266343826 0.0037735849056603774 0.009685230024213076
0 0.06792452830188679 0.6634382566585957 0.0037735849056603774 0.009685230024213076
0 0.0330188679245283 0.6585956416464891 0.0037735849056603774 0.009685230024213076
0 0.15754716981132075 0.6549636803874092 0.005660377358490566 0.012106537530266344
0 0.20943396226415095 0.6731234866828087 0.005660377358490566 0.014527845036319613
0 0.2410377358490566 0.6561743341404358 0.0047169811320754715 0.014527845036319613
0 0.25141509433962267 0.6598062953995157 0.0047169811320754715 0.012106537530266344
0 0.2627358490566038 0.6295399515738499 0.0047169811320754715 0.009685230024213076
0 0.27216981132075474 0.6537530266343826 0.006603773584905661 0.014527845036319613
0 0.280188679245283 0.6610169491525424 0.005660377358490566 0.014527845036319613
0 0.3589622641509434 0.648910411622276 0.006603773584905661 0.014527845036319613
0 0.39622641509433965 0.6549636803874092 0.005660377358490566 0.01694915254237288
0 0.41226415094339625 0.652542372881356 0.005660377358490566 0.01694915254237288
0 0.4221698113207547 0.652542372881356 0.006603773584905661 0.01694915254237288
0 0.42924528301886794 0.6598062953995157 0.007547169811320755 0.01694915254237288
0 0.46084905660377357 0.6573849878934624 0.006603773584905661 0.01694915254237288
0 0.4688679245283019 0.6561743341404358 0.005660377358490566 0.014527845036319613
0 0.5028301886792453 0.6610169491525424 0.007547169811320755 0.01937046004842615
0 0.5457547169811321 0.6598062953995157 0.008490566037735849 0.021791767554479417
0 0.5745283018867925 0.6682808716707022 0.007547169811320755 0.024213075060532687
0 0.6075471698113207 0.652542372881356 0.007547169811320755 0.021791767554479417
0 0.6613207547169812 0.652542372881356 0.007547169811320755 0.021791767554479417
0 0.7330188679245283 0.6610169491525424 0.009433962264150943 0.029055690072639227
0 0.7863207547169812 0.6852300242130751 0.0047169811320754715 0.014527845036319613
0 0.8028301886792453 0.662227602905569 0.007547169811320755 0.01694915254237288
0 0.8122641509433962 0.662227602905569 0.007547169811320755 0.021791767554479417
0 0.8886792452830189 0.7033898305084746 0.0037735849056603774 0.007263922518159807
0 0.2981132075471698 0.6246973365617433 0.0037735849056603774 0.009685230024213076
