0 0.266643059490085 0.5097535934291582 0.021954674220963172 0.03696098562628337
0 0.2577903682719547 0.5171971252566735 0.019830028328611898 0.03234086242299795
0 0.340828611898017 0.4938398357289528 0.025141643059490085 0.043121149897330596
0 0.36791784702549574 0.48023613963039014 0.028328611898016998 0.05184804928131417
0 0.41359773371104813 0.5918891170431212 0.009915014164305949 0.015400410677618069
0 0.442457507082153 0.5936858316221766 0.010269121813031162 0.013860369609856264
0 0.5168201133144475 0.5405544147843943 0.025141643059490085 0.04004106776180698
0 0.5051345609065155 0.5302874743326489 0.02160056657223796 0.039014373716632446
0 0.6242917847025495 0.48459958932238195 0.03611898016997167 0.050308008213552365
0 0.669971671388102 0.5669917864476386 0.021246458923512748 0.034394250513347026
0 0.7418555240793201 0.5392710472279261 0.019830028328611898 0.03131416837782341
0 0.8132082152974505 0.6632443531827515 0.04780453257790368 0.20841889117043122
0 0.84171388101983 0.6527207392197125 0.026203966005665724 0.1391170431211499
0 0.7763810198300283 0.6588809034907598 0.022308781869688384 0.11858316221765913
