0 0.894140625 0.6770833333333334 0.04296875 0.09861111111111111
0 0.908203125 0.6583333333333333 0.03203125 0.07222222222222222
0 0.987890625 0.6208333333333333 0.00859375 0.016666666666666666
0 0.958203125 0.6458333333333334 0.00703125 0.013888888888888888
0 0.761328125 0.6986111111111111 0.00703125 0.013888888888888888
0 0.70234375 0.7243055555555555 0.01875 0.04027777777777778
0 0.67734375 0.7166666666666667 0.0109375 0.019444444444444445
0 0.647265625 0.7208333333333333 0.01015625 0.019444444444444445
0 0.653515625 0.7111111111111111 0.00859375 0.013888888888888888
0 0.6421875 0.7104166666666667 0.00625 0.0125
0 0.622265625 0.7173611111111111 0.00703125 0.0125
0 0.62265625 0.7194444444444444 0.00625 0.013888888888888888
0 0.615625 0.7270833333333333 0.009375 0.020833333333333332
0 0.60703125 0.725 0.0109375 0.019444444444444445
0 0.569921875 0.7305555555555555 0.00859375 0.019444444444444445
0 0.558203125 0.7305555555555555 0.00859375 0.013888888888888888
0 0.546875 0.7229166666666667 0.00625 0.0125
0 0.574609375 0.71875 0.00546875 0.009722222222222222
0 0.528515625 0.7152777777777778 0.00703125 0.011111111111111112
0 0.51484375 0.7194444444444444 0.009375 0.016666666666666666
0 0.489453125 0.7340277777777777 0.01171875 0.02361111111111111
0 0.474609375 0.71875 0.01171875 0.02638888888888889
0 0.469921875 0.7236111111111111 0.01015625 0.022222222222222223
0 0.44921875 0.7270833333333333 0.0125 0.02638888888888889
0 0.421484375 0.71875 0.00859375 0.015277777777777777
0 0.400390625 0.7256944444444444 0.00703125 0.015277777777777777
0 0.37734375 0.7333333333333333 0.003125 0.005555555555555556
0 0.346484375 0.7291666666666666 0.00546875 0.013888888888888888
0 0.36328125 0.7291666666666666 0.00625 0.013888888888888888
0 0.321875 0.7298611111111111 0.00625 0.0125
0 0.289453125 0.71875 0.00703125 0.0125
0 0.268359375 0.7173611111111111 0.01171875 0.02638888888888889
0 0.22890625 0.7152777777777778 0.0046875 0.008333333333333333
0 0.22265625 0.7215277777777778 0.0046875 0.009722222222222222
0 0.213671875 0.7138888888888889 0.00546875 0.011111111111111112
0 0.204296875 0.71875 0.00546875 0.009722222222222222
0 0.191015625 0.7055555555555556 0.00703125 0.011111111111111112
0 0.17109375 0.7055555555555556 0.009375 0.019444444444444445
0 0.15078125 0.7020833333333333 0.009375 0.020833333333333332
0 0.13828125 0.6916666666666667 0.0125 0.027777777777777776
0 0.1296875 0.6986111111111111 0.009375 0.019444444444444445
0 0.108203125 0.6909722222222222 0.00546875 0.0125
0 0.096875 0.6826388888888889 0.00625 0.015277777777777777
0 0.061328125 0.5979166666666667 0.02734375 0.05694444444444444
