0 0.88623046875 0.3589409722222222 0.087890625 0.20399305555555555
0 0.7177734375 0.4270833333333333 0.076171875 0.1857638888888889
0 0.52978515625 0.3689236111111111 0.076171875 0.1892361111111111
0 0.409912109375 0.2877604166666667 0.07373046875 0.17274305555555555
0 0.2509765625 0.3506944444444444 0.0712890625 0.15104166666666666
0 0.12451171875 0.3372395833333333 0.06640625 0.1519097222222222
0 0.0498046875 0.3493923611111111 0.0634765625 0.13975694444444445
0 0.157470703125 0.22265625 0.04443359375 0.09461805555555555
0 0.28857421875 0.2838541666666667 0.0439453125 0.10416666666666667
0 0.5146484375 0.2552083333333333 0.041015625 0.08159722222222222
0 0.619140625 0.3081597222222222 0.041015625 0.10243055555555555
0 0.97705078125 0.3350694444444444 0.0478515625 0.09375
0 0.80224609375 0.3198784722222222 0.0380859375 0.08246527777777778
0 0.699462890625 0.23741319444444445 0.03271484375 0.07552083333333333
0 0.767578125 0.2877604166666667 0.0302734375 0.06163194444444445
0 0.61962890625 0.2204861111111111 0.029296875 0.06770833333333333
0 0.54833984375 0.2287326388888889 0.029296875 0.06336805555555555
0 0.3349609375 0.21744791666666666 0.0283203125 0.059895833333333336
0 0.490234375 0.2092013888888889 0.017578125 0.041666666666666664
0 0.734130859375 0.2508680555555556 0.01904296875 0.03819444444444445
0 0.441162109375 0.22916666666666666 0.01708984375 0.036458333333333336
0 0.23095703125 0.18272569444444445 0.0078125 0.016493055555555556
0 0.41064453125 0.2921006944444444 0.0732421875 0.15538194444444445
0 0.38134765625 0.23524305555555555 0.0234375 0.046875
