0 0.86875 0.34375 0.13125 0.23333333333333334
0 0.6640625 0.32395833333333335 0.13125 0.18541666666666667
0 0.35625 0.353125 0.1125 0.17291666666666666
0 0.1203125 0.36041666666666666 0.134375 0.225
0 0.49140625 0.278125 0.1109375 0.18125
0 0.1265625 0.178125 0.090625 0.16041666666666668
0 0.81328125 0.29791666666666666 0.1234375 0.17916666666666667
0 0.92578125 0.19583333333333333 0.0296875 0.04583333333333333
0 0.82734375 0.18541666666666667 0.0296875 0.04583333333333333
0 0.72265625 0.184375 0.0296875 0.04375
0 0.640625 0.21041666666666667 0.071875 0.11666666666666667
0 0.58828125 0.23541666666666666 0.0296875 0.04583333333333333
0 0.309375 0.19375 0.03125 0.041666666666666664
0 0.4390625 0.20625 0.059375 0.09166666666666666
0 0.0109375 0.203125 0.03125 0.04791666666666667
