0 0.05585005679666793 0.9397766551449083 0.10336993563044301 0.08481786758840734
0 0.10942824687618326 0.8239829832491359 0.045437334343051874 0.036692369050784365
0 0.154297614539947 0.837942036692369 0.050359712230215826 0.04865727200212709
0 0.3025369178341537 0.8386067535229992 0.05831124574024991 0.06328104227599043
0 0.35706171904581596 0.789284764690242 0.03483528966300644 0.02951342727997873
0 0.5208254449072321 0.89484179739431 0.0594471790988262 0.05982451475671364
0 0.4986747444149943 0.9724807232119117 0.05906853464596744 0.04440308428609412
0 0.46648996592199926 0.8074980058495081 0.03862173419159409 0.04307365062483382
0 0.4825823551684968 0.7111140654081362 0.010223400227186671 0.010901356022334486
0 0.456455887921242 0.7644243552246743 0.02158273381294964 0.020207391651156606
0 0.5321847784929951 0.7684126562084552 0.026126467247254828 0.022334485509173094
0 0.5611510791366906 0.7516617920765754 0.015903067020068155 0.015953203935123637
0 0.5100340780007573 0.7509970752459453 0.01741764483150322 0.01781441106088806
0 0.4924271109428247 0.7306567402286626 0.017796289284361985 0.01701675086413188
0 0.5287769784172662 0.723876628556235 0.01476713366149186 0.014091996809359212
0 0.54600530102234 0.7262696091465036 0.015903067020068155 0.013560223344855092
0 0.6662249148049981 0.8144110608880617 0.03445664521014767 0.03562882212177612
0 0.7589928057553957 0.8273065674022866 0.043544112078758045 0.035894708854028186
0 0.6616811813706929 0.789550651422494 0.029155622870124954 0.02472746609944164
0 0.6999242711094282 0.7737303908534964 0.022340022718667172 0.020207391651156606
0 0.7877697841726619 0.7572454134538686 0.026126467247254828 0.02605689976070194
0 0.950586898901931 0.776123371443765 0.030670200681560015 0.02924754054772667
0 0.9307080651268459 0.7532571124700878 0.021204089360090876 0.01648497739962776
0 0.8561151079136691 0.7398298324913587 0.021204089360090876 0.019941504918904545
0 0.6510791366906474 0.7423557564477533 0.018553578190079516 0.017548524328636
0 0.6808027262400606 0.7319861738899229 0.014388489208633094 0.012230789683594789
0 0.6667928814842863 0.7176282903483117 0.014388489208633094 0.014889657006115395
0 0.6722832260507383 0.7124434990693964 0.013252555850056797 0.011964902951342728
0 0.6968951154865581 0.7155011964902951 0.01552442256720939 0.010635469290082425
0 0.6993563044301401 0.7159000265886732 0.011359333585762969 0.009306035628822122
0 0.7139341158652026 0.7124434990693964 0.010980689132904203 0.010369582557830364
0 0.723589549413101 0.7261366657803776 0.016660355925785686 0.013294336612603031
0 0.753691783415373 0.7408933794203669 0.017796289284361985 0.01249667641584685
0 0.7470655054903446 0.7220154214304706 0.013631200302915562 0.010369582557830364
0 0.7735706171904582 0.7294602499335283 0.016660355925785686 0.014623770273863334
0 0.7620219613782658 0.7121776123371444 0.012495266944339266 0.010369582557830364
0 0.8040514956455888 0.7291943632012763 0.010980689132904203 0.009306035628822122
0 0.7815221507004922 0.7218824780643446 0.014388489208633094 0.010103695825578303
0 0.7841726618705036 0.7073916511566073 0.010602044680045438 0.00824248869981388
0 0.8220371071563801 0.7438181334751396 0.01741764483150322 0.01249667641584685
0 0.9151836425596365 0.7423557564477533 0.016660355925785686 0.014889657006115395
0 0.8460810299129118 0.7346450412124435 0.01552442256720939 0.013826110077107153
0 0.8672851192730027 0.7399627758574847 0.01703900037864445 0.01701675086413188
0 0.8049981067777358 0.7220154214304706 0.010602044680045438 0.008774262164318
0 0.7979931843998486 0.7095187450146238 0.00946611132146914 0.007178941770805637
0 0.8146535403256342 0.7153682531241691 0.00946611132146914 0.00824248869981388
0 0.8413479742521772 0.7217495346982186 0.011359333585762969 0.00824248869981388
0 0.8583869746308217 0.7220154214304706 0.013631200302915562 0.014623770273863334
0 0.9087466868610374 0.7264025525126296 0.015903067020068155 0.013826110077107153
0 0.9388489208633094 0.7295931932996543 0.01476713366149186 0.011699016219090667
0 0.9905338886785309 0.7353097580430736 0.0121166224914805 0.010369582557830364
0 0.9519121544869368 0.7301249667641585 0.015903067020068155 0.013294336612603031
0 0.896630064369557 0.7201542143047062 0.010602044680045438 0.009837809093326244
0 0.9131010980689133 0.7209518745014624 0.01628171147292692 0.013560223344855092
0 0.9339265429761454 0.7141717628290348 0.010223400227186671 0.007976601967561819
0 0.9609996213555472 0.7129752725339006 0.010602044680045438 0.007178941770805637
0 0.9833396440742143 0.7115128955065142 0.010602044680045438 0.009571922361074183
0 0.9308973873532753 0.7064610475937251 0.010223400227186671 0.007976601967561819
0 0.8186293070806513 0.7022068598776922 0.009087466868610375 0.0069130550385535765
0 0.8430518742900417 0.7039351236373305 0.00870882241575161 0.006647168306301516
0 0.8474062854979174 0.71031640521138 0.008330177962892843 0.007710715235309758
0 0.8608481635744036 0.706195160861473 0.007194244604316547 0.006381281574049455
0 0.8413479742521772 0.7222813081627227 0.014388489208633094 0.010369582557830364
0 0.8733434305187429 0.7077904812549853 0.007951533510034078 0.006381281574049455
0 0.8977659977281333 0.7010103695825578 0.00605831124574025 0.005583621377293273
0 0.8811056418023476 0.6983515022600372 0.006815600151457781 0.0050518479127891515
0 0.8722074971601667 0.692767880882744 0.004922377887163953 0.003988300983780909
0 0.9653540325634229 0.7057963307630949 0.00870882241575161 0.0061153948417973945
0 0.9780386217341916 0.7011433129486838 0.00605831124574025 0.0053177346450412125
0 0.927300265051117 0.6994150491890455 0.007572889057175312 0.0061153948417973945
0 0.9354411207875805 0.6963573517681467 0.007194244604316547 0.0053177346450412125
