0 0.051875 0.5288888888888889 0.01625 0.02666666666666667
0 0.07875 0.4266666666666667 0.01 0.022222222222222223
0 0.103125 0.4088888888888889 0.01375 0.017777777777777778
0 0.118125 0.41555555555555557 0.01375 0.02666666666666667
0 0.115 0.3888888888888889 0.0125 0.022222222222222223
0 0.17375 0.38555555555555554 0.01 0.02
0 0.205 0.40444444444444444 0.0125 0.022222222222222223
0 0.220625 0.42 0.01125 0.022222222222222223
0 0.255625 0.38666666666666666 0.00875 0.017777777777777778
0 0.27375 0.4 0.0075 0.013333333333333334
0 0.28375 0.39555555555555555 0.01 0.017777777777777778
0 0.3325 0.3888888888888889 0.01 0.017777777777777778
0 0.339375 0.3655555555555556 0.00875 0.015555555555555555
0 0.43125 0.40444444444444444 0.0075 0.013333333333333334
0 0.43125 0.38 0.0075 0.013333333333333334
0 0.653125 0.5066666666666667 0.01125 0.022222222222222223
0 0.67625 0.43444444444444447 0.0125 0.028888888888888888
0 0.88125 0.7211111111111111 0.0225 0.051111111111111114
0 0.929375 0.7377777777777778 0.02875 0.05333333333333334
0 0.97125 0.6755555555555556 0.025 0.04888888888888889
0 0.9375 0.5155555555555555 0.015 0.02666666666666667
0 0.88875 0.4988888888888889 0.015 0.024444444444444446
0 0.925625 0.4955555555555556 0.01375 0.03111111111111111
0 0.965 0.48333333333333334 0.015 0.02
0 0.986875 0.4588888888888889 0.01125 0.02
0 0.818125 0.46444444444444444 0.01125 0.017777777777777778
0 0.760625 0.47 0.01125 0.02
0 0.774375 0.46111111111111114 0.01125 0.02
0 0.795625 0.4177777777777778 0.00875 0.017777777777777778
0 0.85625 0.4111111111111111 0.01 0.017777777777777778
0 0.908125 0.4411111111111111 0.00875 0.02
0 0.89 0.43333333333333335 0.01 0.017777777777777778
0 0.8125 0.4177777777777778 0.01 0.017777777777777778
0 0.838125 0.4 0.00875 0.017777777777777778
0 0.5475 0.4033333333333333 0.01 0.015555555555555555
0 0.565 0.3933333333333333 0.0075 0.013333333333333334
0 0.585625 0.39555555555555555 0.00625 0.013333333333333334
0 0.646875 0.41555555555555557 0.00875 0.017777777777777778
0 0.661875 0.38 0.00625 0.013333333333333334
0 0.680625 0.3566666666666667 0.00625 0.011111111111111112
0 0.695625 0.4 0.01125 0.017777777777777778
0 0.869375 0.4411111111111111 0.02125 0.08222222222222222
0 0.920625 0.4411111111111111 0.02625 0.1
0 0.639375 0.37444444444444447 0.00625 0.011111111111111112
0 0.49875 0.36777777777777776 0.005 0.011111111111111112
0 0.520625 0.36666666666666664 0.00625 0.013333333333333334
0 0.539375 0.37222222222222223 0.00625 0.011111111111111112
0 0.829375 0.3977777777777778 0.00875 0.017777777777777778
0 0.74625 0.4677777777777778 0.0075 0.011111111111111112
0 0.75625 0.4177777777777778 0.01 0.017777777777777778
