0 0.09506398537477148 0.577433628318584 0.02010968921389397 0.03392330383480826
0 0.13208409506398539 0.5870206489675516 0.0283363802559415 0.0471976401179941
0 0.1846435100548446 0.5553097345132744 0.021937842778793418 0.04277286135693215
0 0.2783363802559415 0.5442477876106194 0.024680073126142597 0.05604719764011799
0 0.2893053016453382 0.5228613569321534 0.026508226691042046 0.06047197640117994
0 0.3857404021937843 0.5265486725663717 0.027422303473491772 0.058997050147492625
0 0.4323583180987203 0.551622418879056 0.02010968921389397 0.035398230088495575
0 0.4616087751371115 0.6246312684365781 0.02010968921389397 0.045722713864306784
0 0.5155393053016454 0.5811209439528023 0.025594149908592323 0.05014749262536873
0 0.6115173674588665 0.5530973451327433 0.02010968921389397 0.04129793510324484
0 0.5626142595978062 0.5914454277286135 0.015539305301645339 0.032448377581120944
0 0.5415904936014625 0.5766961651917404 0.015539305301645339 0.035398230088495575
0 0.6672760511882998 0.5567846607669616 0.014625228519195612 0.028023598820058997
0 0.7481718464351006 0.5700589970501475 0.010054844606946984 0.022123893805309734
0 0.7659963436928702 0.5634218289085545 0.014625228519195612 0.029498525073746312
0 0.7774223034734917 0.5921828908554573 0.011882998171846435 0.019174041297935103
0 0.8436928702010968 0.553834808259587 0.016453382084095063 0.030973451327433628
0 0.9364716636197441 0.581858407079646 0.013711151736745886 0.025073746312684365
0 0.3779707495429616 0.5671091445427728 0.026508226691042046 0.04277286135693215
