0 0.04476930105070809 0.4965277777777778 0.05512410537536166 0.10262345679012345
0 0.15174356631643063 0.5127314814814815 0.056799147251408555 0.1257716049382716
0 0.2559768539668037 0.45949074074074076 0.05603776458047815 0.12988683127572018
0 0.34719049794426676 0.5194187242798354 0.05512410537536166 0.11085390946502058
0 0.4284300289325415 0.4488168724279835 0.048576214405360134 0.08076131687242798
0 0.5185015989036089 0.5061728395061729 0.05177402162326786 0.1286008230452675
0 0.6349170092888686 0.46566358024691357 0.048880767473732295 0.12834362139917696
0 0.7271204507385411 0.4531893004115226 0.05299223389675651 0.08384773662551441
0 0.8126998629511192 0.5042438271604939 0.05756052992233897 0.1257716049382716
0 0.9402314603319628 0.4774948559670782 0.05162174508908177 0.09387860082304526
