0 0.124609375 0.5385416666666667 0.03203125 0.04791666666666667
0 0.212890625 0.5489583333333333 0.02890625 0.04583333333333333
0 0.28359375 0.5395833333333333 0.028125 0.04583333333333333
0 0.362890625 0.5463541666666667 0.02890625 0.046875
0 0.434375 0.5401041666666667 0.028125 0.040625
0 0.502734375 0.546875 0.02734375 0.041666666666666664
0 0.59140625 0.5395833333333333 0.028125 0.04375
0 0.65859375 0.5385416666666667 0.0234375 0.04583333333333333
0 0.72578125 0.5390625 0.028125 0.04479166666666667
0 0.78984375 0.5442708333333334 0.028125 0.040625
0 0.859375 0.5260416666666666 0.0296875 0.041666666666666664
0 0.934375 0.5473958333333333 0.0296875 0.046875
0 0.14453125 0.4640625 0.0296875 0.04479166666666667
0 0.21953125 0.47604166666666664 0.028125 0.04583333333333333
0 0.2921875 0.4630208333333333 0.0296875 0.04895833333333333
0 0.3546875 0.4713541666666667 0.025 0.03854166666666667
0 0.40546875 0.465625 0.025 0.03958333333333333
0 0.457421875 0.4609375 0.02421875 0.036458333333333336
0 0.510546875 0.45677083333333335 0.02890625 0.042708333333333334
0 0.57265625 0.4630208333333333 0.0265625 0.042708333333333334
0 0.6234375 0.4765625 0.0265625 0.042708333333333334
0 0.6828125 0.47708333333333336 0.0265625 0.03958333333333333
0 0.727734375 0.4734375 0.02421875 0.03854166666666667
0 0.77578125 0.48020833333333335 0.0265625 0.04375
0 0.815234375 0.47604166666666664 0.02578125 0.041666666666666664
0 0.8703125 0.4869791666666667 0.0234375 0.03854166666666667
0 0.17109375 0.42291666666666666 0.028125 0.04583333333333333
0 0.228125 0.4244791666666667 0.028125 0.03854166666666667
0 0.30078125 0.421875 0.0265625 0.041666666666666664
0 0.367578125 0.4317708333333333 0.02421875 0.042708333333333334
0 0.421875 0.43020833333333336 0.025 0.041666666666666664
0 0.481640625 0.4296875 0.02578125 0.040625
0 0.5921875 0.4317708333333333 0.0234375 0.040625
0 0.64609375 0.428125 0.0234375 0.03958333333333333
0 0.701953125 0.4317708333333333 0.02734375 0.03854166666666667
0 0.7484375 0.4322916666666667 0.0265625 0.035416666666666666
0 0.811328125 0.4348958333333333 0.02578125 0.040625
0 0.866015625 0.4322916666666667 0.02578125 0.041666666666666664
0 0.145703125 0.4041666666666667 0.02578125 0.0375
0 0.203515625 0.4041666666666667 0.02578125 0.03958333333333333
0 0.26796875 0.403125 0.025 0.03958333333333333
0 0.329296875 0.38385416666666666 0.02421875 0.03854166666666667
0 0.393359375 0.40572916666666664 0.02421875 0.040625
0 0.45234375 0.41041666666666665 0.0234375 0.03958333333333333
0 0.507421875 0.41510416666666666 0.02265625 0.034375
0 0.55390625 0.409375 0.021875 0.035416666666666666
0 0.61015625 0.4036458333333333 0.0234375 0.03854166666666667
0 0.666796875 0.4078125 0.02265625 0.03854166666666667
0 0.7140625 0.40625 0.0234375 0.035416666666666666
0 0.776953125 0.40677083333333336 0.02421875 0.034375
0 0.83515625 0.40677083333333336 0.0234375 0.03854166666666667
0 0.169921875 0.359375 0.02421875 0.03333333333333333
0 0.243359375 0.3489583333333333 0.02421875 0.041666666666666664
0 0.30078125 0.3619791666666667 0.021875 0.036458333333333336
0 0.359765625 0.35989583333333336 0.02421875 0.036458333333333336
0 0.419140625 0.3645833333333333 0.02265625 0.035416666666666666
0 0.478125 0.37083333333333335 0.0203125 0.035416666666666666
0 0.556640625 0.37552083333333336 0.02109375 0.034375
0 0.620703125 0.37135416666666665 0.02109375 0.034375
0 0.658984375 0.3692708333333333 0.01953125 0.03229166666666667
0 0.7015625 0.371875 0.0234375 0.0375
0 0.750390625 0.36822916666666666 0.02109375 0.03229166666666667
0 0.794140625 0.37083333333333335 0.02109375 0.035416666666666666
0 0.20078125 0.3260416666666667 0.021875 0.03958333333333333
0 0.26015625 0.3203125 0.021875 0.03229166666666667
0 0.306640625 0.32864583333333336 0.02109375 0.034375
0 0.344921875 0.3260416666666667 0.02109375 0.035416666666666666
0 0.39453125 0.32395833333333335 0.0203125 0.03125
0 0.449609375 0.32708333333333334 0.01953125 0.0375
0 0.498828125 0.32708333333333334 0.02109375 0.035416666666666666
0 0.55078125 0.33697916666666666 0.01875 0.034375
0 0.584765625 0.3229166666666667 0.02109375 0.03125
0 0.63203125 0.33489583333333334 0.0203125 0.03229166666666667
0 0.6734375 0.3302083333333333 0.0203125 0.03333333333333333
0 0.716015625 0.3338541666666667 0.01796875 0.03229166666666667
0 0.76015625 0.33489583333333334 0.0203125 0.03229166666666667
