0 0.003061224489795918 0.8130671506352087 0.014285714285714285 0.036297640653357534
0 0.03010204081632653 0.8139745916515426 0.02142857142857143 0.038112522686025406
0 0.036734693877551024 0.79491833030853 0.014285714285714285 0.032667876588021776
0 0.04693877551020408 0.7667876588021778 0.0163265306122449 0.038112522686025406
0 0.06785714285714285 0.8112522686025408 0.015306122448979591 0.032667876588021776
0 0.06785714285714285 0.7223230490018149 0.015306122448979591 0.032667876588021776
0 0.09693877551020408 0.823049001814882 0.0163265306122449 0.030852994555353903
0 0.10612244897959183 0.79491833030853 0.014285714285714285 0.036297640653357534
0 0.11275510204081633 0.7441016333938294 0.015306122448979591 0.029038112522686024
0 0.13214285714285715 0.809437386569873 0.015306122448979591 0.036297640653357534
0 0.13214285714285715 0.7849364791288567 0.015306122448979591 0.02722323049001815
0 0.14081632653061224 0.7241379310344828 0.014285714285714285 0.032667876588021776
0 0.1489795918367347 0.7422867513611615 0.0163265306122449 0.032667876588021776
0 0.14744897959183673 0.7831215970961888 0.013265306122448979 0.02722323049001815
0 0.1673469387755102 0.822141560798548 0.0163265306122449 0.036297640653357534
0 0.15816326530612246 0.7958257713248639 0.014285714285714285 0.030852994555353903
0 0.18775510204081633 0.73502722323049 0.014285714285714285 0.032667876588021776
0 0.19846938775510203 0.779491833030853 0.017346938775510204 0.030852994555353903
0 0.20204081632653062 0.8121597096188747 0.0163265306122449 0.030852994555353903
0 0.1913265306122449 0.8330308529945554 0.015306122448979591 0.036297640653357534
0 0.1923469387755102 0.8874773139745916 0.019387755102040816 0.036297640653357534
0 0.20510204081632652 0.911070780399274 0.014285714285714285 0.029038112522686024
0 0.20816326530612245 0.73502722323049 0.014285714285714285 0.032667876588021776
0 0.22142857142857142 0.7894736842105263 0.014285714285714285 0.029038112522686024
0 0.2173469387755102 0.8257713248638838 0.0163265306122449 0.032667876588021776
0 0.22908163265306122 0.7386569872958257 0.015306122448979591 0.029038112522686024
0 0.22959183673469388 0.7577132486388385 0.014285714285714285 0.030852994555353903
0 0.2392857142857143 0.8974591651542649 0.017346938775510204 0.030852994555353903
0 0.2423469387755102 0.8257713248638838 0.013265306122448979 0.029038112522686024
0 0.24489795918367346 0.7912885662431942 0.0163265306122449 0.032667876588021776
0 0.2576530612244898 0.7767695099818511 0.015306122448979591 0.032667876588021776
0 0.2596938775510204 0.7477313974591652 0.015306122448979591 0.029038112522686024
0 0.2724489795918367 0.9065335753176044 0.0163265306122449 0.034482758620689655
0 0.2698979591836735 0.823049001814882 0.015306122448979591 0.034482758620689655
0 0.2811224489795918 0.7994555353901996 0.013265306122448979 0.034482758620689655
0 0.28469387755102044 0.7713248638838476 0.0163265306122449 0.029038112522686024
0 0.2836734693877551 0.7277676950998185 0.012244897959183673 0.029038112522686024
0 0.2943877551020408 0.7477313974591652 0.013265306122448979 0.032667876588021776
0 0.29744897959183675 0.8284936479128857 0.015306122448979591 0.034482758620689655
0 0.3107142857142857 0.9001814882032668 0.017346938775510204 0.032667876588021776
0 0.3173469387755102 0.7323049001814882 0.014285714285714285 0.030852994555353903
0 0.3137755102040816 0.76497277676951 0.015306122448979591 0.030852994555353903
0 0.3127551020408163 0.7976406533575318 0.015306122448979591 0.030852994555353903
0 0.3280612244897959 0.8321234119782214 0.015306122448979591 0.034482758620689655
0 0.34030612244897956 0.808529945553539 0.015306122448979591 0.030852994555353903
0 0.3408163265306122 0.7758620689655172 0.012244897959183673 0.030852994555353903
0 0.33877551020408164 0.7386569872958257 0.014285714285714285 0.032667876588021776
0 0.35816326530612247 0.7286751361161524 0.014285714285714285 0.030852994555353903
0 0.3551020408163265 0.794010889292196 0.012244897959183673 0.030852994555353903
0 0.35459183673469385 0.8983666061705989 0.015306122448979591 0.032667876588021776
0 0.35816326530612247 0.8402903811252269 0.014285714285714285 0.032667876588021776
0 0.3683673469387755 0.8166969147005445 0.012244897959183673 0.025408348457350273
0 0.37244897959183676 0.7731397459165155 0.014285714285714285 0.032667876588021776
0 0.3846938775510204 0.7531760435571688 0.014285714285714285 0.029038112522686024
0 0.3862244897959184 0.7286751361161524 0.013265306122448979 0.02722323049001815
0 0.38877551020408163 0.8130671506352087 0.014285714285714285 0.036297640653357534
0 0.39387755102040817 0.9047186932849365 0.014285714285714285 0.034482758620689655
0 0.411734693877551 0.8049001814882033 0.015306122448979591 0.034482758620689655
0 0.4326530612244898 0.9056261343012704 0.0163265306122449 0.036297640653357534
0 0.43214285714285716 0.8185117967332124 0.017346938775510204 0.036297640653357534
0 0.43214285714285716 0.7622504537205081 0.017346938775510204 0.032667876588021776
0 0.43979591836734694 0.73502722323049 0.014285714285714285 0.032667876588021776
0 0.4229591836734694 0.7123411978221416 0.017346938775510204 0.034482758620689655
0 0.47346938775510206 0.9038112522686026 0.0163265306122449 0.039927404718693285
0 0.45714285714285713 0.8239564428312159 0.0163265306122449 0.032667876588021776
0 0.44948979591836735 0.8021778584392014 0.015306122448979591 0.032667876588021776
0 0.46785714285714286 0.7150635208711433 0.013265306122448979 0.029038112522686024
0 0.4739795918367347 0.7486388384754991 0.013265306122448979 0.02722323049001815
0 0.46122448979591835 0.7540834845735027 0.014285714285714285 0.034482758620689655
0 0.46785714285714286 0.7822141560798548 0.013265306122448979 0.029038112522686024
0 0.4770408163265306 0.8076225045372051 0.013265306122448979 0.036297640653357534
0 0.488265306122449 0.8139745916515426 0.015306122448979591 0.034482758620689655
0 0.5066326530612245 0.8992740471869328 0.015306122448979591 0.038112522686025406
0 0.514795918367347 0.8348457350272233 0.013265306122448979 0.029038112522686024
0 0.5137755102040816 0.8012704174228675 0.015306122448979591 0.02722323049001815
0 0.5010204081632653 0.7776769509981851 0.014285714285714285 0.034482758620689655
0 0.5076530612244898 0.7558983666061706 0.015306122448979591 0.030852994555353903
0 0.5025510204081632 0.7241379310344828 0.017346938775510204 0.036297640653357534
0 0.5352040816326531 0.7259528130671506 0.015306122448979591 0.032667876588021776
0 0.539795918367347 0.7577132486388385 0.014285714285714285 0.038112522686025406
0 0.5255102040816326 0.778584392014519 0.0163265306122449 0.032667876588021776
0 0.5372448979591836 0.7976406533575318 0.015306122448979591 0.030852994555353903
0 0.5387755102040817 0.8330308529945554 0.014285714285714285 0.032667876588021776
0 0.5387755102040817 0.9056261343012704 0.0163265306122449 0.036297640653357534
0 0.573469387755102 0.8938294010889292 0.0163265306122449 0.034482758620689655
0 0.564795918367347 0.8185117967332124 0.017346938775510204 0.036297640653357534
0 0.5571428571428572 0.76497277676951 0.014285714285714285 0.030852994555353903
0 0.5642857142857143 0.7277676950998185 0.0163265306122449 0.036297640653357534
0 0.5698979591836735 0.7495462794918331 0.013265306122448979 0.029038112522686024
0 0.5816326530612245 0.7758620689655172 0.012244897959183673 0.02722323049001815
0 0.6040816326530613 0.8865698729582577 0.0163265306122449 0.034482758620689655
0 0.5933673469387755 0.8157894736842105 0.017346938775510204 0.034482758620689655
0 0.5984693877551021 0.7168784029038112 0.013265306122448979 0.029038112522686024
0 0.610204081632653 0.7667876588021778 0.014285714285714285 0.030852994555353903
0 0.6183673469387755 0.8021778584392014 0.0163265306122449 0.029038112522686024
0 0.6209183673469387 0.8321234119782214 0.015306122448979591 0.034482758620689655
0 0.6428571428571429 0.9001814882032668 0.0163265306122449 0.036297640653357534
0 0.6408163265306123 0.8303085299455535 0.014285714285714285 0.030852994555353903
0 0.6255102040816326 0.7822141560798548 0.014285714285714285 0.029038112522686024
0 0.6428571428571429 0.764065335753176 0.014285714285714285 0.032667876588021776
0 0.6515306122448979 0.8058076225045372 0.013265306122448979 0.025408348457350273
0 0.625 0.7504537205081669 0.013265306122448979 0.02722323049001815
0 0.6326530612244898 0.7150635208711433 0.014285714285714285 0.029038112522686024
0 0.6602040816326531 0.7186932849364791 0.0163265306122449 0.032667876588021776
0 0.6545918367346939 0.7468239564428312 0.013265306122448979 0.030852994555353903
0 0.6515306122448979 0.8039927404718693 0.015306122448979591 0.032667876588021776
0 0.6668367346938775 0.8284936479128857 0.011224489795918367 0.02722323049001815
0 0.6678571428571428 0.8666061705989111 0.015306122448979591 0.038112522686025406
0 0.6892857142857143 0.8275862068965517 0.013265306122448979 0.029038112522686024
0 0.6811224489795918 0.8058076225045372 0.015306122448979591 0.029038112522686024
0 0.6816326530612244 0.7686025408348457 0.012244897959183673 0.030852994555353903
0 0.6862244897959183 0.7313974591651543 0.013265306122448979 0.032667876588021776
0 0.6959183673469388 0.778584392014519 0.014285714285714285 0.032667876588021776
0 0.6892857142857143 0.8284936479128857 0.013265306122448979 0.030852994555353903
0 0.7040816326530612 0.8983666061705989 0.0163265306122449 0.032667876588021776
0 0.7122448979591837 0.8212341197822142 0.014285714285714285 0.02722323049001815
0 0.7290816326530613 0.9029038112522686 0.015306122448979591 0.030852994555353903
0 0.7091836734693877 0.8021778584392014 0.012244897959183673 0.029038112522686024
0 0.7127551020408164 0.8212341197822142 0.013265306122448979 0.02722323049001815
0 0.7096938775510204 0.7123411978221416 0.013265306122448979 0.030852994555353903
0 0.7117346938775511 0.7568058076225045 0.013265306122448979 0.029038112522686024
0 0.7372448979591837 0.8257713248638838 0.015306122448979591 0.032667876588021776
0 0.7403061224489796 0.7676950998185118 0.013265306122448979 0.029038112522686024
0 0.7438775510204082 0.7323049001814882 0.014285714285714285 0.030852994555353903
0 0.7556122448979592 0.7731397459165155 0.013265306122448979 0.029038112522686024
0 0.764795918367347 0.794010889292196 0.013265306122448979 0.02722323049001815
0 0.763265306122449 0.8139745916515426 0.0163265306122449 0.034482758620689655
0 0.7642857142857142 0.9047186932849365 0.0163265306122449 0.034482758620689655
0 0.8025510204081633 0.9029038112522686 0.015306122448979591 0.034482758620689655
0 0.7882653061224489 0.809437386569873 0.015306122448979591 0.032667876588021776
0 0.810204081632653 0.8003629764065335 0.014285714285714285 0.032667876588021776
0 0.8392857142857143 0.8883847549909256 0.015306122448979591 0.034482758620689655
0 0.7862244897959184 0.7577132486388385 0.013265306122448979 0.030852994555353903
0 0.7964285714285714 0.7758620689655172 0.015306122448979591 0.034482758620689655
0 0.8071428571428572 0.7186932849364791 0.0163265306122449 0.032667876588021776
0 0.8163265306122449 0.778584392014519 0.014285714285714285 0.032667876588021776
0 0.8306122448979592 0.7549909255898367 0.0163265306122449 0.032667876588021776
0 0.8377551020408164 0.8067150635208712 0.014285714285714285 0.034482758620689655
0 0.8795918367346939 0.8856624319419237 0.02040816326530612 0.047186932849364795
0 0.8607142857142858 0.808529945553539 0.017346938775510204 0.034482758620689655
0 0.8561224489795919 0.7168784029038112 0.012244897959183673 0.029038112522686024
0 0.878061224489796 0.8130671506352087 0.013265306122448979 0.025408348457350273
0 0.8760204081632653 0.7277676950998185 0.011224489795918367 0.029038112522686024
0 0.8954081632653061 0.8112522686025408 0.013265306122448979 0.036297640653357534
0 0.9010204081632653 0.76497277676951 0.014285714285714285 0.030852994555353903
0 0.8918367346938776 0.73502722323049 0.012244897959183673 0.032667876588021776
0 0.9061224489795918 0.73502722323049 0.0163265306122449 0.029038112522686024
0 0.9112244897959184 0.8121597096188747 0.014285714285714285 0.02722323049001815
0 0.9168367346938775 0.7196007259528131 0.013265306122448979 0.02722323049001815
0 0.9193877551020408 0.8920145190562614 0.014285714285714285 0.034482758620689655
0 0.9489795918367347 0.9001814882032668 0.0163265306122449 0.036297640653357534
0 0.9841836734693877 0.895644283121597 0.015306122448979591 0.034482758620689655
0 0.9326530612244898 0.8166969147005445 0.0163265306122449 0.036297640653357534
0 0.9530612244897959 0.8166969147005445 0.014285714285714285 0.036297640653357534
0 0.976530612244898 0.8257713248638838 0.014285714285714285 0.029038112522686024
0 0.9357142857142857 0.7277676950998185 0.014285714285714285 0.029038112522686024
0 0.9224489795918367 0.778584392014519 0.014285714285714285 0.032667876588021776
0 0.925 0.7486388384754991 0.013265306122448979 0.030852994555353903
0 0.9362244897959183 0.7758620689655172 0.013265306122448979 0.030852994555353903
0 0.9331632653061225 0.8148820326678766 0.015306122448979591 0.036297640653357534
0 0.935204081632653 0.7277676950998185 0.013265306122448979 0.032667876588021776
0 0.9714285714285714 0.8030852994555354 0.014285714285714285 0.030852994555353903
0 0.988265306122449 0.8030852994555354 0.013265306122448979 0.030852994555353903
0 0.9653061224489796 0.7686025408348457 0.012244897959183673 0.030852994555353903
0 0.9821428571428571 0.7568058076225045 0.013265306122448979 0.029038112522686024
0 0.9642857142857143 0.7404718693284936 0.014285714285714285 0.029038112522686024
0 0.9724489795918367 0.721415607985481 0.0163265306122449 0.030852994555353903
0 0.986734693877551 0.7250453720508166 0.014285714285714285 0.030852994555353903
0 0.08826530612244898 0.7885662431941923 0.013265306122448979 0.02722323049001815
0 0.09489795918367347 0.7713248638838476 0.014285714285714285 0.032667876588021776
