0 0.9203125 0.43281938325991187 0.05625 0.08590308370044053
0 0.88984375 0.4669603524229075 0.0390625 0.07488986784140969
0 0.7578125 0.3898678414096916 0.034375 0.06167400881057269
0 0.77890625 0.42290748898678415 0.0359375 0.06607929515418502
0 0.7296875 0.5341409691629956 0.05625 0.09030837004405286
0 0.690625 0.43392070484581496 0.0375 0.07048458149779736
0 0.675 0.40748898678414097 0.040625 0.07488986784140969
0 0.63984375 0.486784140969163 0.0453125 0.07488986784140969
0 0.63515625 0.3799559471365639 0.0390625 0.06387665198237885
0 0.6171875 0.42951541850220265 0.034375 0.07048458149779736
0 0.56640625 0.44162995594713655 0.0390625 0.07709251101321586
0 0.56171875 0.3733480176211454 0.0453125 0.07709251101321586
0 0.496875 0.43722466960352424 0.0375 0.05947136563876652
0 0.4671875 0.40969162995594716 0.0375 0.05286343612334802
0 0.44609375 0.4900881057268722 0.0421875 0.08149779735682819
0 0.4109375 0.4790748898678414 0.04375 0.07709251101321586
0 0.41171875 0.3975770925110132 0.0421875 0.06828193832599119
0 0.36953125 0.38215859030837 0.0390625 0.06387665198237885
0 0.3140625 0.3997797356828194 0.040625 0.07268722466960352
0 0.33359375 0.4713656387665198 0.0453125 0.07929515418502203
0 0.24375 0.38215859030837 0.040625 0.07268722466960352
0 0.24609375 0.4581497797356828 0.0484375 0.09691629955947137
0 0.18203125 0.40969162995594716 0.0453125 0.06607929515418502
0 0.040625 0.42290748898678415 0.046875 0.07488986784140969
