0 0.2296875 0.48009367681498827 0.028125 0.05152224824355972
0 0.2875 0.4953161592505855 0.028125 0.0585480093676815
0 0.3421875 0.5105386416861827 0.025 0.0468384074941452
0 0.39921875 0.47892271662763464 0.0328125 0.04918032786885246
0 0.45 0.4707259953161593 0.021875 0.05152224824355972
0 0.625 0.4718969555035129 0.025 0.04918032786885246
0 0.6578125 0.47423887587822017 0.025 0.053864168618266976
0 0.7203125 0.47892271662763464 0.025 0.04918032786885246
0 0.76484375 0.4918032786885246 0.0234375 0.05152224824355972
0 0.81484375 0.4765807962529274 0.0265625 0.053864168618266976
