0 0.10693359375 0.6131386861313869 0.0439453125 0.08175182481751825
0 0.06005859375 0.6087591240875913 0.0380859375 0.061313868613138686
0 0.19970703125 0.6211678832116788 0.0205078125 0.033576642335766425
0 0.1689453125 0.6284671532846715 0.01953125 0.030656934306569343
0 0.26318359375 0.6306569343065693 0.0224609375 0.043795620437956206
0 0.30322265625 0.637956204379562 0.0244140625 0.04671532846715328
0 0.23779296875 0.6233576642335766 0.0185546875 0.035036496350364967
0 0.32861328125 0.6277372262773723 0.0205078125 0.029197080291970802
0 0.37890625 0.7364963503649635 0.044921875 0.3197080291970803
0 0.36767578125 0.6102189781021898 0.0185546875 0.029197080291970802
0 0.353515625 0.6124087591240875 0.013671875 0.024817518248175182
0 0.2119140625 0.6255474452554745 0.013671875 0.021897810218978103
