0 0.20175 0.13066825775656324 0.0555 0.07517899761336516
0 0.2205 0.12052505966587113 0.062 0.08949880668257756
0 0.33075 0.17422434367541767 0.0785 0.11694510739856802
0 0.34 0.10202863961813842 0.046 0.060859188544152745
0 0.38525 0.11187350835322196 0.0685 0.1175417661097852
0 0.51225 0.1548329355608592 0.0725 0.09367541766109785
0 0.51375 0.15393794749403342 0.0685 0.09069212410501193
0 0.601 0.06175417661097852 0.06 0.10680190930787589
0 0.709 0.14081145584725538 0.074 0.10978520286396182
0 0.835 0.1393198090692124 0.073 0.1175417661097852
