0 0.87451171875 0.8367496339677891 0.0068359375 0.010248901903367497
0 0.88671875 0.8279648609077599 0.0078125 0.013177159590043924
0 0.83056640625 0.8696925329428989 0.0146484375 0.05856515373352855
0 0.84130859375 0.8455344070278185 0.0068359375 0.010248901903367497
0 0.86181640625 0.8411420204978038 0.0068359375 0.010248901903367497
0 0.849609375 0.842606149341142 0.005859375 0.010248901903367497
0 0.8271484375 0.8455344070278185 0.005859375 0.010248901903367497
0 0.513671875 0.8550512445095169 0.00390625 0.005856515373352855
0 0.6591796875 0.8579795021961932 0.00390625 0.005856515373352855
0 0.6630859375 0.8718887262079063 0.009765625 0.0424597364568082
0 0.60546875 0.8726207906295754 0.0078125 0.032210834553440704
