0 0.12254901960784313 0.3680555555555556 0.052083333333333336 0.07598039215686274
0 0.22426470588235295 0.3698937908496732 0.0428921568627451 0.08129084967320262
0 0.29794730392156865 0.38848039215686275 0.0352328431372549 0.06209150326797386
0 0.3792892156862745 0.3425245098039216 0.03431372549019608 0.06413398692810457
0 0.39690563725490197 0.42320261437908496 0.036458333333333336 0.06781045751633986
0 0.4931066176470588 0.372140522875817 0.03829656862745098 0.05555555555555555
0 0.5638786764705882 0.3555964052287582 0.03707107843137255 0.06576797385620915
0 0.6035539215686274 0.3423202614379085 0.031862745098039214 0.0457516339869281
0 0.633578431372549 0.38419117647058826 0.032475490196078434 0.05923202614379085
0 0.6963848039215687 0.3478349673202614 0.03125 0.051879084967320264
0 0.6848958333333334 0.3925653594771242 0.02971813725490196 0.05228758169934641
0 0.7487745098039216 0.3805147058823529 0.0392156862745098 0.05923202614379085
0 0.7974877450980392 0.3590686274509804 0.03308823529411765 0.05065359477124183
0 0.8302696078431373 0.3555964052287582 0.01838235294117647 0.024918300653594773
0 0.9136029411764706 0.3555964052287582 0.03676470588235294 0.0559640522875817
0 0.8563112745098039 0.34211601307189543 0.0055147058823529415 0.006944444444444444
0 0.18045343137254902 0.38235294117647056 0.016544117647058824 0.02696078431372549
0 0.03125 0.41074346405228757 0.014705882352941176 0.02165032679738562
