0 0.8212121212121212 0.3519607843137255 0.04242424242424243 0.08823529411764706
0 0.6963636363636364 0.3862745098039216 0.044848484848484846 0.09019607843137255
0 0.7303030303030303 0.31862745098039214 0.044848484848484846 0.09215686274509804
0 0.5424242424242425 0.396078431372549 0.04 0.08627450980392157
0 0.5775757575757576 0.3627450980392157 0.04242424242424243 0.09803921568627451
0 0.43757575757575756 0.4176470588235294 0.041212121212121214 0.08627450980392157
0 0.41878787878787876 0.30980392156862746 0.04242424242424243 0.07450980392156863
0 0.3096969696969697 0.3029411764705882 0.044848484848484846 0.07647058823529412
0 0.3290909090909091 0.16666666666666666 0.04242424242424243 0.09019607843137255
0 0.1812121212121212 0.32254901960784316 0.037575757575757575 0.07647058823529412
0 0.16303030303030303 0.23333333333333334 0.04242424242424243 0.08627450980392157
