0 -0.03571428571428571 0.4967811158798283 0.07142857142857142 0.1223175965665236
0 0.07857142857142857 0.34334763948497854 0.08285714285714285 0.15450643776824036
0 0.14142857142857143 0.4291845493562232 0.08571428571428572 0.16738197424892703
0 0.3 0.33476394849785407 0.07714285714285714 0.12875536480686695
0 0.35285714285714287 0.4184549356223176 0.08 0.15879828326180256
0 0.5135714285714286 0.36373390557939916 0.11285714285714285 0.2167381974248927
0 0.5264285714285715 0.26824034334763946 0.08428571428571428 0.12875536480686695
0 0.7407142857142858 0.27896995708154504 0.09857142857142857 0.1759656652360515
0 0.7742857142857142 0.4366952789699571 0.08857142857142856 0.17381974248927037
0 0.9735714285714285 0.27145922746781115 0.09285714285714286 0.19527896995708155
