0 0.13697916666666668 0.3194444444444444 0.07291666666666667 0.13518518518518519
0 0.2734375 0.37453703703703706 0.08854166666666667 0.18425925925925926
0 0.53046875 0.3476851851851852 0.0453125 0.08981481481481482
0 0.65234375 0.28194444444444444 0.0390625 0.09351851851851851
0 0.5140625 0.23935185185185184 0.035416666666666666 0.08611111111111111
0 0.78046875 0.29212962962962963 0.04114583333333333 0.08425925925925926
0 0.92265625 0.3226851851851852 0.0265625 0.058333333333333334
0 0.26328125 0.7384259259259259 0.12135416666666667 0.24166666666666667
0 0.503125 0.749537037037037 0.11875 0.24537037037037038
0 0.7234375 0.7458333333333333 0.11875 0.22685185185185186
0 0.26953125 0.22592592592592592 0.03802083333333333 0.07777777777777778
0 0.84921875 0.3125 0.0296875 0.06388888888888888
0 0.7361979166666667 0.30277777777777776 0.021354166666666667 0.05
0 0.17213541666666668 0.387037037037037 0.05260416666666667 0.12407407407407407
0 0.16145833333333334 0.23703703703703705 0.028125 0.06111111111111111
0 0.5203125 0.3925925925925926 0.036458333333333336 0.07037037037037037
