0 0.08375 0.736664162283997 0.0065 0.009767092411720512
0 0.43175 0.708114199849737 0.0035 0.0067618332081141996
0 0.44075 0.708114199849737 0.0035 0.005259203606311044
0 0.60075 0.7066115702479339 0.0035 0.005259203606311044
0 0.5955 0.7268970698722765 0.011 0.029301277235161533
0 0.6275 0.7205108940646131 0.006 0.012021036814425245
0 0.64225 0.7054845980465815 0.0035 0.006010518407212622
0 0.6505 0.7058602554470323 0.003 0.005259203606311044
0 0.655 0.7054845980465815 0.003 0.004507888805409466
0 0.6265 0.7043576258452291 0.004 0.0067618332081141996
0 0.44275 0.7317806160781367 0.0035 0.006010518407212622
