0 0.6708984375 0.20670572916666666 0.005859375 0.008463541666666666
0 0.695556640625 0.21451822916666666 0.00830078125 0.011067708333333334
0 0.692138671875 0.1962890625 0.00830078125 0.008463541666666666
0 0.685302734375 0.19759114583333334 0.00830078125 0.009765625
0 0.685791015625 0.19368489583333334 0.00830078125 0.011067708333333334
0 0.68603515625 0.193359375 0.0078125 0.010416666666666666
0 0.678955078125 0.18717447916666666 0.00732421875 0.009765625
0 0.691162109375 0.18619791666666666 0.00537109375 0.009114583333333334
0 0.60546875 0.18880208333333334 0.0078125 0.010416666666666666
0 0.590087890625 0.19563802083333334 0.00537109375 0.007161458333333333
0 0.5986328125 0.18977864583333334 0.0068359375 0.009765625
0 0.593994140625 0.2001953125 0.00927734375 0.014973958333333334
0 0.615966796875 0.2177734375 0.00634765625 0.011067708333333334
0 0.609375 0.2353515625 0.0087890625 0.012369791666666666
0 0.583984375 0.236328125 0.009765625 0.015625
0 0.56591796875 0.3121744791666667 0.0126953125 0.021484375
0 0.5517578125 0.3056640625 0.013671875 0.022786458333333332
0 0.574462890625 0.4410807291666667 0.02490234375 0.043619791666666664
0 0.528076171875 0.4069010416666667 0.01904296875 0.033854166666666664
0 0.53369140625 0.48828125 0.0244140625 0.04296875
0 0.51025390625 0.6155598958333334 0.0341796875 0.061848958333333336
0 0.445556640625 0.6487630208333334 0.03662109375 0.059244791666666664
0 0.51513671875 0.685546875 0.05078125 0.09895833333333333
0 0.414306640625 0.705078125 0.06005859375 0.11197916666666667
0 0.1328125 0.6136067708333334 0.0380859375 0.061848958333333336
0 0.216796875 0.6048177083333334 0.0302734375 0.05078125
0 0.186767578125 0.5436197916666666 0.03271484375 0.049479166666666664
0 0.333251953125 0.4010416666666667 0.01806640625 0.0234375
0 0.3818359375 0.3544921875 0.013671875 0.022786458333333332
0 0.39501953125 0.3385416666666667 0.0146484375 0.022135416666666668
0 0.45166015625 0.2630208333333333 0.01171875 0.020833333333333332
0 0.502197265625 0.2568359375 0.00927734375 0.013671875
0 0.48974609375 0.23828125 0.0078125 0.013020833333333334
0 0.5009765625 0.22330729166666666 0.0087890625 0.014322916666666666
0 0.50927734375 0.22102864583333334 0.0078125 0.013671875
0 0.510986328125 0.2138671875 0.00732421875 0.012369791666666666
0 0.52001953125 0.2109375 0.005859375 0.0078125
0 0.531005859375 0.21223958333333334 0.00830078125 0.010416666666666666
0 0.541015625 0.21061197916666666 0.0068359375 0.009765625
0 0.53125 0.19563802083333334 0.005859375 0.009765625
0 0.545654296875 0.2080078125 0.00634765625 0.009765625
