0 0.09125 0.580625 0.045 0.05875
0 0.174375 0.59 0.03625 0.0425
0 0.225625 0.58125 0.01625 0.02
0 0.296875 0.573125 0.01375 0.01625
0 0.359375 0.5725 0.01625 0.0175
0 0.273125 0.571875 0.00875 0.00875
0 0.460625 0.5725 0.00875 0.01
0 0.596875 0.57375 0.01625 0.015
0 0.646875 0.565625 0.01375 0.01875
0 0.703125 0.586875 0.02125 0.01875
0 0.79125 0.5825 0.0275 0.0275
0 0.871875 0.5825 0.01625 0.0175
0 0.964375 0.566875 0.02125 0.02375
0 0.9025 0.561875 0.02 0.02125
0 0.849375 0.566875 0.01625 0.02125
0 0.8075 0.56375 0.02 0.0225
0 0.741875 0.5825 0.01375 0.0175
