0 0.23802083333333332 0.4533333333333333 0.053125 0.10666666666666667
0 0.5447916666666667 0.4891666666666667 0.0375 0.08166666666666667
0 0.7182291666666667 0.49166666666666664 0.034375 0.07
0 0.8369791666666667 0.5 0.026041666666666668 0.056666666666666664
0 0.0203125 0.3908333333333333 0.017708333333333333 0.03166666666666667
0 0.0734375 0.4175 0.021875 0.035
0 0.05572916666666667 0.385 0.015625 0.03333333333333333
0 0.0484375 0.3416666666666667 0.015625 0.03
0 0.008333333333333333 0.3525 0.014583333333333334 0.028333333333333332
0 0.03854166666666667 0.32166666666666666 0.014583333333333334 0.02666666666666667
0 0.0859375 0.345 0.011458333333333333 0.023333333333333334
0 0.11145833333333334 0.4191666666666667 0.016666666666666666 0.028333333333333332
0 0.10677083333333333 0.3858333333333333 0.017708333333333333 0.03166666666666667
0 0.140625 0.4175 0.020833333333333332 0.035
0 0.1375 0.3908333333333333 0.016666666666666666 0.025
0 0.13072916666666667 0.35833333333333334 0.013541666666666667 0.03
0 0.12135416666666667 0.35083333333333333 0.013541666666666667 0.025
0 0.13177083333333334 0.33 0.011458333333333333 0.023333333333333334
0 0.14947916666666666 0.34833333333333333 0.013541666666666667 0.023333333333333334
0 0.1765625 0.38083333333333336 0.015625 0.028333333333333332
0 0.16927083333333334 0.3333333333333333 0.013541666666666667 0.023333333333333334
0 0.20052083333333334 0.43083333333333335 0.015625 0.03166666666666667
0 0.20052083333333334 0.3616666666666667 0.013541666666666667 0.023333333333333334
0 0.19010416666666666 0.3541666666666667 0.011458333333333333 0.021666666666666667
0 0.21927083333333333 0.345 0.011458333333333333 0.02
0 0.2234375 0.35833333333333334 0.011458333333333333 0.02
0 0.2557291666666667 0.3725 0.013541666666666667 0.025
0 0.25104166666666666 0.3458333333333333 0.010416666666666666 0.021666666666666667
0 0.278125 0.34833333333333333 0.010416666666666666 0.02
0 0.2760416666666667 0.3625 0.0125 0.021666666666666667
0 0.296875 0.38166666666666665 0.0125 0.02666666666666667
0 0.309375 0.4 0.0125 0.02
0 0.30364583333333334 0.3525 0.011458333333333333 0.021666666666666667
0 0.3296875 0.38083333333333336 0.013541666666666667 0.021666666666666667
0 0.3296875 0.3458333333333333 0.011458333333333333 0.021666666666666667
0 0.35833333333333334 0.3616666666666667 0.0125 0.023333333333333334
0 0.3848958333333333 0.38916666666666666 0.013541666666666667 0.025
0 0.409375 0.4066666666666667 0.0125 0.023333333333333334
0 0.49583333333333335 0.4191666666666667 0.0125 0.021666666666666667
0 0.4734375 0.4075 0.009375 0.018333333333333333
0 0.465625 0.3775 0.0125 0.021666666666666667
0 0.43802083333333336 0.3641666666666667 0.011458333333333333 0.018333333333333333
0 0.4036458333333333 0.3641666666666667 0.023958333333333335 0.075
0 0.5270833333333333 0.41583333333333333 0.014583333333333334 0.025
0 0.503125 0.4008333333333333 0.0125 0.021666666666666667
0 0.4817708333333333 0.38166666666666665 0.009375 0.016666666666666666
0 0.459375 0.3591666666666667 0.010416666666666666 0.018333333333333333
0 0.44427083333333334 0.3466666666666667 0.007291666666666667 0.016666666666666666
0 0.45208333333333334 0.3408333333333333 0.008333333333333333 0.018333333333333333
0 0.48854166666666665 0.31333333333333335 0.008333333333333333 0.016666666666666666
0 0.5213541666666667 0.3958333333333333 0.009375 0.018333333333333333
0 0.5286458333333334 0.3541666666666667 0.009375 0.015
0 0.5307291666666667 0.3466666666666667 0.023958333333333335 0.09333333333333334
0 0.5859375 0.415 0.011458333333333333 0.02
0 0.6192708333333333 0.42 0.011458333333333333 0.023333333333333334
0 0.6067708333333334 0.385 0.011458333333333333 0.02
0 0.603125 0.35 0.008333333333333333 0.016666666666666666
0 0.6161458333333333 0.37583333333333335 0.009375 0.015
0 0.6260416666666667 0.3616666666666667 0.008333333333333333 0.013333333333333334
0 0.6234375 0.35333333333333333 0.007291666666666667 0.013333333333333334
0 0.6526041666666667 0.405 0.011458333333333333 0.023333333333333334
0 0.634375 0.3908333333333333 0.010416666666666666 0.018333333333333333
0 0.64375 0.38166666666666665 0.008333333333333333 0.016666666666666666
0 0.6421875 0.3516666666666667 0.007291666666666667 0.016666666666666666
0 0.6713541666666667 0.41333333333333333 0.013541666666666667 0.02
0 0.6880208333333333 0.4058333333333333 0.013541666666666667 0.018333333333333333
0 0.675 0.3441666666666667 0.008333333333333333 0.018333333333333333
0 0.6895833333333333 0.3275 0.010416666666666666 0.018333333333333333
0 0.7223958333333333 0.4091666666666667 0.011458333333333333 0.018333333333333333
0 0.7359375 0.4141666666666667 0.009375 0.018333333333333333
0 0.7552083333333334 0.41333333333333333 0.008333333333333333 0.016666666666666666
0 0.7119791666666667 0.3775 0.011458333333333333 0.018333333333333333
0 0.7286458333333333 0.4033333333333333 0.015625 0.06333333333333334
0 0.7427083333333333 0.37 0.008333333333333333 0.013333333333333334
0 0.7223958333333333 0.3425 0.009375 0.018333333333333333
0 0.7984375 0.41583333333333333 0.009375 0.015
0 0.8135416666666667 0.3933333333333333 0.008333333333333333 0.016666666666666666
0 0.7885416666666667 0.3566666666666667 0.008333333333333333 0.016666666666666666
0 0.8083333333333333 0.37333333333333335 0.008333333333333333 0.016666666666666666
0 0.8260416666666667 0.37833333333333335 0.00625 0.013333333333333334
0 0.8072916666666666 0.3525 0.00625 0.011666666666666667
0 0.8161458333333333 0.3616666666666667 0.007291666666666667 0.013333333333333334
0 0.8208333333333333 0.3541666666666667 0.00625 0.011666666666666667
0 0.8322916666666667 0.37833333333333335 0.014583333333333334 0.05333333333333334
0 0.834375 0.35083333333333333 0.008333333333333333 0.011666666666666667
0 0.85625 0.37416666666666665 0.00625 0.011666666666666667
0 0.8645833333333334 0.34833333333333333 0.00625 0.013333333333333334
0 0.8880208333333334 0.38166666666666665 0.009375 0.016666666666666666
0 0.9005208333333333 0.38 0.007291666666666667 0.013333333333333334
0 0.9166666666666666 0.4066666666666667 0.01875 0.06333333333333334
0 0.9286458333333333 0.3725 0.007291666666666667 0.015
0 0.9458333333333333 0.3775 0.010416666666666666 0.018333333333333333
0 0.9625 0.3475 0.00625 0.011666666666666667
0 0.9875 0.35583333333333333 0.00625 0.011666666666666667
0 0.9880208333333333 0.4033333333333333 0.021875 0.07666666666666666
0 0.8947916666666667 0.36666666666666664 0.00625 0.013333333333333334
0 0.9114583333333334 0.3883333333333333 0.01875 0.06666666666666667
0 0.9286458333333333 0.3591666666666667 0.007291666666666667 0.011666666666666667
0 0.9119791666666667 0.3458333333333333 0.007291666666666667 0.011666666666666667
0 0.9208333333333333 0.3358333333333333 0.008333333333333333 0.011666666666666667
0 0.934375 0.365 0.014583333333333334 0.056666666666666664
0 0.9526041666666667 0.33 0.007291666666666667 0.013333333333333334
0 0.9708333333333333 0.3541666666666667 0.020833333333333332 0.06833333333333333
0 0.9770833333333333 0.3225 0.00625 0.011666666666666667
0 0.9963541666666667 0.31916666666666665 0.005208333333333333 0.011666666666666667
0 0.9869791666666666 0.3325 0.015625 0.065
0 0.971875 0.3125 0.00625 0.011666666666666667
0 0.9614583333333333 0.3125 0.00625 0.011666666666666667
0 0.9453125 0.31666666666666665 0.007291666666666667 0.013333333333333334
0 0.9302083333333333 0.31583333333333335 0.00625 0.011666666666666667
0 0.9171875 0.3125 0.005208333333333333 0.011666666666666667
0 0.8942708333333333 0.31583333333333335 0.007291666666666667 0.011666666666666667
0 0.8619791666666666 0.31666666666666665 0.007291666666666667 0.01
0 0.8171875 0.3125 0.007291666666666667 0.011666666666666667
0 0.6708333333333333 0.30416666666666664 0.00625 0.011666666666666667
0 0.6510416666666666 0.29833333333333334 0.008333333333333333 0.013333333333333334
0 0.6369791666666667 0.305 0.009375 0.013333333333333334
0 0.6203125 0.29 0.007291666666666667 0.013333333333333334
0 0.60625 0.29 0.008333333333333333 0.016666666666666666
0 0.5880208333333333 0.2816666666666667 0.007291666666666667 0.016666666666666666
0 0.5848958333333333 0.2925 0.007291666666666667 0.011666666666666667
0 0.5713541666666667 0.2866666666666667 0.007291666666666667 0.013333333333333334
0 0.5510416666666667 0.2875 0.008333333333333333 0.015
0 0.5359375 0.2841666666666667 0.009375 0.018333333333333333
0 0.4921875 0.265 0.009375 0.013333333333333334
0 0.4703125 0.2733333333333333 0.007291666666666667 0.016666666666666666
0 0.4484375 0.265 0.009375 0.016666666666666666
0 0.3921875 0.27416666666666667 0.007291666666666667 0.015
0 0.3692708333333333 0.27166666666666667 0.011458333333333333 0.016666666666666666
0 0.3458333333333333 0.27416666666666667 0.008333333333333333 0.015
0 0.33177083333333335 0.26166666666666666 0.009375 0.016666666666666666
0 0.30104166666666665 0.23166666666666666 0.008333333333333333 0.016666666666666666
0 0.27239583333333334 0.3075 0.009375 0.018333333333333333
0 0.24635416666666668 0.30666666666666664 0.009375 0.016666666666666666
0 0.18489583333333334 0.29333333333333333 0.011458333333333333 0.02
0 0.234375 0.24833333333333332 0.010416666666666666 0.02
0 0.2520833333333333 0.25916666666666666 0.008333333333333333 0.018333333333333333
0 0.17083333333333334 0.20166666666666666 0.008333333333333333 0.013333333333333334
0 0.1453125 0.20083333333333334 0.011458333333333333 0.018333333333333333
0 0.11927083333333334 0.1925 0.009375 0.018333333333333333
0 0.0828125 0.1825 0.011458333333333333 0.018333333333333333
0 0.0484375 0.22833333333333333 0.013541666666666667 0.02
0 0.004166666666666667 0.18 0.010416666666666666 0.016666666666666666
0 0.6041666666666666 0.17833333333333334 0.016666666666666666 0.06333333333333334
0 0.5651041666666666 0.17 0.005208333333333333 0.01
0 0.5520833333333334 0.175 0.00625 0.01
0 0.5385416666666667 0.185 0.014583333333333334 0.06666666666666667
0 0.5125 0.18166666666666667 0.004166666666666667 0.01
0 0.5140625 0.15833333333333333 0.005208333333333333 0.01
0 0.6578125 0.3466666666666667 0.009375 0.013333333333333334
0 0.9796875 0.3375 0.015625 0.055
0 0.628125 0.2975 0.00625 0.008333333333333333
0 0.2989583333333333 0.27 0.0125 0.02
0 0.6484375 0.35833333333333334 0.007291666666666667 0.013333333333333334
