0 0.964 0.24551971326164876 0.07 0.12903225806451613
0 0.9175 0.31810035842293904 0.067 0.12007168458781362
0 0.862 0.24551971326164876 0.064 0.12186379928315412
0 0.8015 0.3055555555555556 0.059 0.12724014336917563
0 0.7065 0.2939068100358423 0.059 0.12903225806451613
0 0.619 0.35125448028673834 0.054 0.12186379928315412
0 0.5925 0.4103942652329749 0.045 0.1003584229390681
0 0.415 0.41308243727598565 0.058 0.12724014336917563
0 0.47 0.4274193548387097 0.044 0.09498207885304659
0 0.31 0.41487455197132617 0.044 0.08781362007168458
0 0.251 0.4265232974910394 0.052 0.0967741935483871
0 0.1675 0.4525089605734767 0.039 0.07706093189964158
0 0.153 0.449820788530466 0.05 0.0967741935483871
0 0.0315 0.47491039426523296 0.031 0.07526881720430108
0 -0.0185 0.45340501792114696 0.035 0.06451612903225806
0 0.2345 0.19982078853046595 0.021 0.044802867383512544
0 0.282 0.21057347670250895 0.02 0.04121863799283154
0 0.4165 0.271505376344086 0.021 0.04838709677419355
0 0.479 0.26881720430107525 0.018 0.03942652329749104
0 0.529 0.46415770609318996 0.018 0.035842293906810034
0 0.4135 0.1881720430107527 0.017 0.03942652329749104
0 0.454 0.18727598566308243 0.016 0.034050179211469536
0 0.9 0.1111111111111111 0.016 0.043010752688172046
0 0.5885 0.28225806451612906 0.021 0.04121863799283154
0 0.5505 0.31272401433691754 0.019 0.04121863799283154
0 0.2675 0.023297491039426525 0.017 0.043010752688172046
0 0.2675 0.07526881720430108 0.019 0.05017921146953405
0 0.313 0.09229390681003584 0.018 0.03763440860215054
0 0.4065 0.11827956989247312 0.017 0.03942652329749104
0 0.45 0.06810035842293907 0.02 0.035842293906810034
0 0.662 0.3951612903225806 0.042 0.08422939068100359
0 0.375 0.3951612903225806 0.03 0.06272401433691756
