0 0.13145896656534956 0.1839430894308943 0.06231003039513678 0.09552845528455285
0 0.23632218844984804 0.2764227642276423 0.05927051671732523 0.0975609756097561
0 0.30015197568389057 0.18495934959349594 0.05927051671732523 0.10569105691056911
0 0.3837386018237082 0.24491869918699186 0.05623100303951368 0.11178861788617886
0 0.526595744680851 0.23780487804878048 0.05623100303951368 0.10569105691056911
0 0.6595744680851063 0.2703252032520325 0.05167173252279635 0.08943089430894309
0 0.810790273556231 0.24898373983739838 0.05623100303951368 0.10365853658536585
0 0.45592705167173253 0.13617886178861788 0.06990881458966565 0.11382113821138211
0 0.6041033434650456 0.15040650406504066 0.06534954407294832 0.10569105691056911
0 0.7522796352583586 0.1676829268292683 0.0668693009118541 0.11585365853658537
0 0.8875379939209727 0.18902439024390244 0.0547112462006079 0.1016260162601626
