0 -0.032692307692307694 0.4571129707112971 0.03461538461538462 0.060669456066945605
0 0.023076923076923078 0.40010460251046026 0.004615384615384616 0.007322175732217573
0 0.031153846153846153 0.40481171548117156 0.0038461538461538464 0.006276150627615063
0 0.040769230769230766 0.4121338912133891 0.010769230769230769 0.03347280334728033
0 0.045 0.2594142259414226 0.006923076923076923 0.01882845188284519
0 0.06615384615384616 0.25523012552301255 0.003076923076923077 0.0041841004184100415
0 0.05653846153846154 0.401673640167364 0.0038461538461538464 0.006276150627615063
0 0.06384615384615384 0.399581589958159 0.004615384615384616 0.006276150627615063
0 0.07461538461538461 0.3985355648535565 0.004615384615384616 0.006276150627615063
0 0.08346153846153846 0.41265690376569036 0.01 0.030334728033472803
0 0.11269230769230769 0.40115062761506276 0.0038461538461538464 0.005230125523012552
0 0.11653846153846154 0.4100418410041841 0.011538461538461539 0.027196652719665274
0 0.13653846153846153 0.39644351464435146 0.0038461538461538464 0.0041841004184100415
0 0.1453846153846154 0.3985355648535565 0.003076923076923077 0.0041841004184100415
0 0.15307692307692308 0.39435146443514646 0.003076923076923077 0.0041841004184100415
0 0.1726923076923077 0.40010460251046026 0.0038461538461538464 0.005230125523012552
0 0.17884615384615385 0.40115062761506276 0.0038461538461538464 0.005230125523012552
0 0.07923076923076923 0.4513598326359833 0.03230769230769231 0.04707112970711297
0 0.15538461538461537 0.4429916317991632 0.03076923076923077 0.04497907949790795
0 0.26884615384615385 0.4408995815899582 0.026923076923076925 0.038702928870292884
0 0.31384615384615383 0.42416317991631797 0.027692307692307693 0.038702928870292884
0 0.3546153846153846 0.3158995815899582 0.04461538461538461 0.0794979079497908
0 0.4157692307692308 0.3797071129707113 0.04384615384615385 0.07740585774058577
0 0.525 0.45292887029288703 0.016153846153846154 0.027196652719665274
0 0.5784615384615385 0.38598326359832635 0.004615384615384616 0.006276150627615063
0 0.6261538461538462 0.3797071129707113 0.004615384615384616 0.008368200836820083
0 0.5965384615384616 0.3969665271966527 0.013076923076923076 0.021966527196652718
0 0.6257692307692307 0.3786610878661088 0.0038461538461538464 0.006276150627615063
0 0.6842307692307692 0.3723849372384937 0.005384615384615384 0.006276150627615063
0 0.695 0.3797071129707113 0.005384615384615384 0.006276150627615063
0 0.7103846153846154 0.38127615062761505 0.005384615384615384 0.009414225941422594
0 0.6380769230769231 0.3969665271966527 0.023846153846153847 0.04497907949790795
0 0.7553846153846154 0.3807531380753138 0.004615384615384616 0.006276150627615063
0 0.7811538461538462 0.377092050209205 0.011538461538461539 0.0198744769874477
0 0.813076923076923 0.3776150627615063 0.006153846153846154 0.008368200836820083
0 0.8407692307692308 0.37343096234309625 0.006153846153846154 0.008368200836820083
0 0.9538461538461539 0.3739539748953975 0.009230769230769232 0.015690376569037656
0 0.9676923076923077 0.3797071129707113 0.009230769230769232 0.012552301255230125
0 0.8269230769230769 0.5596234309623431 0.05846153846153846 0.08577405857740586
0 0.8542307692307692 0.5523012552301255 0.03923076923076923 0.06485355648535565
0 0.825 0.5313807531380753 0.05 0.06485355648535565
0 0.796923076923077 0.46705020920502094 0.023076923076923078 0.036610878661087864
0 0.49153846153846154 0.4042887029288703 0.018461538461538463 0.032426778242677826
0 0.8115384615384615 0.5005230125523012 0.03538461538461538 0.04707112970711297
0 0.7434615384615385 0.37081589958158995 0.0038461538461538464 0.005230125523012552
0 0.7369230769230769 0.3797071129707113 0.010769230769230769 0.016736401673640166
