0 0.008854166666666666 0.37824074074074077 0.025 0.062037037037037036
0 0.03723958333333333 0.3736111111111111 0.021354166666666667 0.03981481481481482
0 0.11901041666666666 0.3449074074074074 0.0234375 0.049074074074074076
0 0.1265625 0.38425925925925924 0.03125 0.06851851851851852
0 0.21302083333333333 0.37592592592592594 0.029166666666666667 0.07592592592592592
0 0.15651041666666668 0.32731481481481484 0.05260416666666667 0.11203703703703703
0 0.24479166666666666 0.3300925925925926 0.023958333333333335 0.058333333333333334
0 0.28229166666666666 0.3509259259259259 0.021875 0.053703703703703705
0 0.31536458333333334 0.3902777777777778 0.005729166666666666 0.010185185185185186
0 0.35625 0.35694444444444445 0.023958333333333335 0.05092592592592592
0 0.35703125 0.3537037037037037 0.025520833333333333 0.06111111111111111
0 0.37057291666666664 0.3527777777777778 0.033854166666666664 0.07222222222222222
0 0.4 0.3611111111111111 0.019791666666666666 0.04814814814814815
0 0.4903645833333333 0.35833333333333334 0.0140625 0.03148148148148148
0 0.515625 0.2902777777777778 0.027083333333333334 0.062037037037037036
0 0.5268229166666667 0.32407407407407407 0.033854166666666664 0.07037037037037037
0 0.54375 0.36157407407407405 0.01875 0.03981481481481482
0 0.5885416666666666 0.29814814814814816 0.029166666666666667 0.06296296296296296
0 0.6205729166666667 0.3263888888888889 0.0234375 0.05092592592592592
0 0.6403645833333333 0.3449074074074074 0.018229166666666668 0.041666666666666664
0 0.6684895833333333 0.34953703703703703 0.019270833333333334 0.04537037037037037
0 0.70625 0.3453703703703704 0.025 0.05740740740740741
0 0.7846354166666667 0.3421296296296296 0.018229166666666668 0.03796296296296296
0 0.8143229166666667 0.31296296296296294 0.022395833333333334 0.05185185185185185
0 0.8424479166666666 0.2935185185185185 0.03697916666666667 0.08148148148148149
0 0.8979166666666667 0.3402777777777778 0.029166666666666667 0.058333333333333334
0 0.9377604166666667 0.2833333333333333 0.0234375 0.044444444444444446
0 0.946875 0.2935185185185185 0.030208333333333334 0.06111111111111111
0 0.96328125 0.30694444444444446 0.0171875 0.03611111111111111
