0 0.26967243975903615 0.9573293172690763 0.003200301204819277 0.006358768406961178
0 0.3331137048192771 0.965194109772423 0.0028237951807228916 0.006693440428380187
0 0.34186746987951805 0.9667001338688086 0.0030120481927710845 0.007028112449799197
0 0.34177334337349397 0.9608433734939759 0.003200301204819277 0.007362784471218206
0 0.35240963855421686 0.9670348058902276 0.00338855421686747 0.007697456492637216
0 0.3518448795180723 0.9596720214190094 0.0030120481927710845 0.006358768406961178
0 0.3570218373493976 0.964190093708166 0.003200301204819277 0.006693440428380187
0 0.37019954819277107 0.9477911646586346 0.003200301204819277 0.006024096385542169
0 0.377917921686747 0.9509705488621151 0.0035768072289156625 0.007028112449799197
0 0.3750941265060241 0.9718875502008032 0.003953313253012048 0.006693440428380187
0 0.38695406626506024 0.9710508701472557 0.0035768072289156625 0.007028112449799197
0 0.39730798192771083 0.9958165997322623 0.0035768072289156625 0.007697456492637216
0 0.39928463855421686 0.964190093708166 0.0030120481927710845 0.007362784471218206
0 0.39410768072289154 0.9434404283801874 0.0028237951807228916 0.00535475234270415
0 0.39956701807228917 0.9385876840696118 0.0028237951807228916 0.007028112449799197
0 0.3998493975903614 0.9176706827309237 0.002259036144578313 0.00535475234270415
0 0.4117093373493976 0.9183400267737617 0.0030120481927710845 0.006024096385542169
0 0.4182981927710843 0.9154953145917001 0.0030120481927710845 0.005689424364123159
0 0.4130271084337349 0.8990963855421686 0.00338855421686747 0.006358768406961178
0 0.41810993975903615 0.9037817938420348 0.0030120481927710845 0.006358768406961178
0 0.42535768072289154 0.9016064257028112 0.0028237951807228916 0.006024096385542169
0 0.4293109939759036 0.8987617135207496 0.002447289156626506 0.005689424364123159
0 0.43373493975903615 0.9144912985274432 0.0030120481927710845 0.005689424364123159
0 0.44474774096385544 0.9099732262382865 0.002447289156626506 0.006024096385542169
0 0.44917168674698793 0.9180053547523427 0.00338855421686747 0.006693440428380187
0 0.45500753012048195 0.9149933065595717 0.00338855421686747 0.006693440428380187
0 0.42093373493975905 0.9633534136546185 0.00338855421686747 0.007697456492637216
0 0.42338102409638556 0.9727242302543507 0.0026355421686746986 0.005689424364123159
0 0.4332643072289157 0.9653614457831325 0.003200301204819277 0.007697456492637216
0 0.44088855421686746 0.964190093708166 0.0037650602409638554 0.007362784471218206
0 0.44399472891566266 0.9866131191432396 0.004329819277108434 0.008701472556894244
0 0.4347703313253012 0.9874497991967871 0.0035768072289156625 0.007697456492637216
0 0.44832454819277107 0.9521419009370816 0.003200301204819277 0.007362784471218206
0 0.4616905120481928 0.9133199464524766 0.0028237951807228916 0.00535475234270415
0 0.4645143072289157 0.9074631860776439 0.0028237951807228916 0.005689424364123159
0 0.46969126506024095 0.9163319946452476 0.002259036144578313 0.004016064257028112
0 0.48098644578313254 0.9186746987951807 0.002259036144578313 0.004685408299866131
0 0.49557605421686746 0.9230254350736279 0.0028237951807228916 0.006024096385542169
0 0.49943524096385544 0.9616800535475234 0.0037650602409638554 0.007697456492637216
0 0.49369352409638556 0.9606760374832664 0.003200301204819277 0.007697456492637216
0 0.48635165662650603 0.9625167336010709 0.003200301204819277 0.007362784471218206
0 0.4583019578313253 0.8816934404283802 0.0028237951807228916 0.0050200803212851405
0 0.4651731927710843 0.8833668005354752 0.002259036144578313 0.004350736278447122
0 0.4682793674698795 0.8850401606425703 0.001694277108433735 0.003681392235609103
0 0.4633847891566265 0.9513052208835341 0.003200301204819277 0.005689424364123159
0 0.46282003012048195 0.9437751004016064 0.003200301204819277 0.006024096385542169
0 0.510730421686747 0.9089692101740294 0.0030120481927710845 0.00535475234270415
0 0.5170368975903614 0.9034471218206158 0.003200301204819277 0.005689424364123159
0 0.5003765060240963 0.9079651941097724 0.0030120481927710845 0.006024096385542169
0 0.49887048192771083 0.9037817938420348 0.0030120481927710845 0.006358768406961178
0 0.5030120481927711 0.9026104417670683 0.0030120481927710845 0.006024096385542169
0 0.5402861445783133 0.9129852744310576 0.0030120481927710845 0.00535475234270415
0 0.5445218373493976 0.9099732262382865 0.003200301204819277 0.006024096385542169
0 0.5465926204819277 0.9061244979919679 0.002447289156626506 0.0050200803212851405
0 0.563441265060241 0.9168340026773761 0.0030120481927710845 0.005689424364123159
0 0.5673004518072289 0.9007697456492637 0.0028237951807228916 0.0050200803212851405
0 0.5763365963855421 0.8987617135207496 0.002447289156626506 0.0050200803212851405
0 0.5919615963855421 0.8972556894243642 0.0028237951807228916 0.006693440428380187
0 0.5886671686746988 0.8950803212851406 0.0026355421686746986 0.0050200803212851405
0 0.4900225903614458 0.8842034805890228 0.00338855421686747 0.00535475234270415
0 0.4993411144578313 0.892904953145917 0.002447289156626506 0.006024096385542169
0 0.5084713855421686 0.8878848728246319 0.002259036144578313 0.004685408299866131
0 0.5130835843373494 0.8821954484605087 0.002447289156626506 0.004685408299866131
0 0.5272025602409639 0.8808567603748326 0.002447289156626506 0.004685408299866131
0 0.5188253012048193 0.8773427041499331 0.002259036144578313 0.005689424364123159
0 0.515625 0.8770080321285141 0.0030120481927710845 0.0050200803212851405
0 0.5352974397590361 0.8728246318607764 0.002447289156626506 0.004685408299866131
0 0.532191265060241 0.8825301204819277 0.0026355421686746986 0.004685408299866131
0 0.49623493975903615 0.8810240963855421 0.0026355421686746986 0.0050200803212851405
0 0.4761859939759036 0.8664658634538153 0.002447289156626506 0.004685408299866131
0 0.5079066265060241 0.8718206157965194 0.002259036144578313 0.004685408299866131
0 0.5544992469879518 0.8847054886211513 0.0028237951807228916 0.0050200803212851405
0 0.5598644578313253 0.8863788487282463 0.002259036144578313 0.0050200803212851405
0 0.5681475903614458 0.8858768406961178 0.0026355421686746986 0.00535475234270415
0 0.5897025602409639 0.8718206157965194 0.0020707831325301206 0.0033467202141900937
0 0.5932793674698795 0.8711512717536813 0.002447289156626506 0.00535475234270415
0 0.5480986445783133 0.8870481927710844 0.002447289156626506 0.0050200803212851405
0 0.5711596385542169 0.875 0.0018825301204819277 0.003681392235609103
0 0.3924134036144578 0.7926706827309237 0.0013177710843373493 0.0023427041499330657
0 0.4085090361445783 0.7913319946452476 0.0007530120481927711 0.0016733601070950468
0 0.4109563253012048 0.7918340026773761 0.0007530120481927711 0.0013386880856760374
0 0.4720444277108434 0.786144578313253 0.0009412650602409639 0.002008032128514056
0 0.5570406626506024 0.8070615796519411 0.0018825301204819277 0.0030120481927710845
0 0.6001506024096386 0.8975903614457831 0.0030120481927710845 0.006024096385542169
0 0.44935993975903615 0.786144578313253 0.0011295180722891566 0.002008032128514056
0 0.43091114457831325 0.784471218206158 0.0007530120481927711 0.0013386880856760374
0 0.43589984939759036 0.7859772423025435 0.0009412650602409639 0.0016733601070950468
0 0.44653614457831325 0.786479250334672 0.0011295180722891566 0.002008032128514056
0 0.48343373493975905 0.893908969210174 0.002259036144578313 0.004685408299866131
0 0.4829631024096386 0.8755020080321285 0.0020707831325301206 0.004016064257028112
0 0.4926581325301205 0.839859437751004 0.0018825301204819277 0.003681392235609103
0 0.5414156626506024 0.8617804551539491 0.0018825301204819277 0.0033467202141900937
0 0.5867846385542169 0.8724899598393574 0.0018825301204819277 0.004016064257028112
0 0.5262612951807228 0.8356760374832664 0.001694277108433735 0.0033467202141900937
0 0.5274849397590361 0.8661311914323963 0.0018825301204819277 0.004016064257028112
0 0.5769013554216867 0.8713186077643909 0.002447289156626506 0.004350736278447122
0 0.580101656626506 0.8686412315930389 0.001694277108433735 0.003681392235609103
0 0.5842432228915663 0.8694779116465864 0.002447289156626506 0.004685408299866131
0 0.5275790662650602 0.8159303882195449 0.0013177710843373493 0.002677376171352075
0 0.5242846385542169 0.8149263721552878 0.0015060240963855422 0.0033467202141900937
0 0.5201430722891566 0.8160977242302544 0.0011295180722891566 0.0023427041499330657
0 0.5152484939759037 0.8130856760374833 0.0015060240963855422 0.0030120481927710845
0 0.5163780120481928 0.8137550200803213 0.0015060240963855422 0.0030120481927710845
0 0.5160015060240963 0.8162650602409639 0.0015060240963855422 0.0033467202141900937
0 0.4498305722891566 0.8254685408299867 0.001694277108433735 0.0030120481927710845
0 0.45397213855421686 0.8259705488621151 0.001694277108433735 0.002677376171352075
0 0.5364269578313253 0.8189424364123159 0.0013177710843373493 0.002677376171352075
0 0.5398155120481928 0.820281124497992 0.0013177710843373493 0.002677376171352075
0 0.5386859939759037 0.8179384203480589 0.0013177710843373493 0.002677376171352075
0 0.5444277108433735 0.8176037483266398 0.0015060240963855422 0.002677376171352075
0 0.5460278614457831 0.82095046854083 0.0028237951807228916 0.013386880856760375
0 0.5473456325301205 0.8191097724230254 0.0013177710843373493 0.0023427041499330657
0 0.5503576807228916 0.8162650602409639 0.0020707831325301206 0.0033467202141900937
0 0.5446159638554217 0.8085676037483266 0.0015060240963855422 0.002677376171352075
0 0.5860316265060241 0.8684738955823293 0.0018825301204819277 0.004016064257028112
