0 0.07784679089026915 0.5840446487196324 0.033126293995859216 0.05712409717662508
0 0.10062111801242236 0.5265922521339461 0.03229813664596273 0.05778069599474721
0 0.13436853002070392 0.5676296782665792 0.032712215320910974 0.06106369008535785
0 0.17598343685300208 0.5689428759028233 0.02650103519668737 0.05318450426789232
0 0.21200828157349896 0.56172028890348 0.02981366459627329 0.058437294812869335
0 0.26563146997929604 0.5502298095863427 0.02857142857142857 0.0551543007222587
0 0.2942028985507246 0.5741956664478004 0.02857142857142857 0.05975049244911359
0 0.33540372670807456 0.531188443860801 0.028985507246376812 0.056467498358502954
0 0.36977225672877845 0.5699277741300066 0.02236024844720497 0.05778069599474721
0 0.41366459627329194 0.5456336178594878 0.02650103519668737 0.0551543007222587
0 0.4494824016563147 0.5633617859487853 0.02774327122153209 0.05778069599474721
0 0.49503105590062113 0.5554826001313198 0.02608695652173913 0.0551543007222587
0 0.518840579710145 0.505581089954038 0.03146997929606625 0.05909389363099146
0 0.5567287784679089 0.5472751149047932 0.02608695652173913 0.051871306631648066
0 0.5819875776397515 0.5400525279054498 0.026915113871635612 0.05318450426789232
0 0.605175983436853 0.531188443860801 0.026915113871635612 0.05909389363099146
0 0.6494824016563147 0.5764937623112278 0.026915113871635612 0.05252790544977019
0 0.6525879917184265 0.5108338804990151 0.02981366459627329 0.05384110308601445
0 0.7012422360248447 0.5187130663164806 0.030227743271221533 0.05909389363099146
0 0.779296066252588 0.5499015101772817 0.028985507246376812 0.05712409717662508
0 0.8037267080745342 0.525279054497702 0.028985507246376812 0.05778069599474721
0 0.8393374741200829 0.5590938936309915 0.03064182194616977 0.05975049244911359
0 0.9109730848861284 0.5364412344057781 0.033126293995859216 0.066973079448457
