0 0.8734375 0.6700223713646533 0.015625 0.024608501118568233
0 0.84765625 0.7002237136465325 0.0171875 0.026845637583892617
0 0.80703125 0.7058165548098434 0.0203125 0.029082774049217
0 0.79375 0.7136465324384788 0.015625 0.02237136465324385
0 0.76796875 0.6991051454138703 0.0140625 0.024608501118568233
0 0.6625 0.7203579418344519 0.025 0.035794183445190156
0 0.715625 0.7225950782997763 0.075 0.11185682326621924
0 0.55546875 0.6946308724832215 0.0171875 0.029082774049217
0 0.49921875 0.7080536912751678 0.0171875 0.024608501118568233
0 0.48359375 0.7136465324384788 0.0203125 0.026845637583892617
0 0.44765625 0.7058165548098434 0.0203125 0.03355704697986577
0 0.39140625 0.6868008948545862 0.0203125 0.03131991051454139
0 0.3 0.697986577181208 0.025 0.0447427293064877
0 0.27421875 0.703579418344519 0.0171875 0.024608501118568233
0 0.25234375 0.7046979865771812 0.0109375 0.02237136465324385
0 0.19296875 0.7046979865771812 0.0171875 0.026845637583892617
0 0.21015625 0.7058165548098434 0.0296875 0.03803131991051454
