0 0.8358333333333333 0.60125 0.015 0.0175
0 0.7683333333333333 0.6025 0.013333333333333334 0.02
0 0.7533333333333333 0.595 0.016666666666666666 0.025
0 0.7408333333333333 0.60125 0.011666666666666667 0.0225
0 0.6583333333333333 0.595 0.016666666666666666 0.025
0 0.6325 0.62125 0.011666666666666667 0.0225
0 0.5791666666666667 0.60625 0.035 0.0675
0 0.5275 0.57875 0.035 0.0675
0 0.47333333333333333 0.6225 0.016666666666666666 0.03
0 0.39166666666666666 0.605 0.016666666666666666 0.03
0 0.35833333333333334 0.59625 0.013333333333333334 0.0225
0 0.3275 0.61875 0.018333333333333333 0.0325
0 0.235 0.58875 0.023333333333333334 0.0425
0 0.2758333333333333 0.6125 0.021666666666666667 0.035
0 0.30083333333333334 0.59 0.015 0.025
0 0.15833333333333333 0.5775 0.013333333333333334 0.02
0 0.18666666666666668 0.60625 0.013333333333333334 0.0225
0 0.03333333333333333 0.57375 0.03333333333333333 0.0475
0 0.07333333333333333 0.585 0.023333333333333334 0.04
