0 0.07051282051282051 0.30526315789473685 0.03333333333333333 0.10105263157894737
0 0.08632478632478632 0.24210526315789474 0.03247863247863248 0.08842105263157894
0 0.1141025641025641 0.29473684210526313 0.03162393162393162 0.08421052631578947
0 0.1623931623931624 0.25263157894736843 0.03076923076923077 0.08842105263157894
0 0.22905982905982905 0.26842105263157895 0.023931623931623933 0.08210526315789474
0 0.24914529914529915 0.29368421052631577 0.024786324786324785 0.07368421052631578
0 0.308974358974359 0.29368421052631577 0.028205128205128206 0.08210526315789474
0 0.3247863247863248 0.43157894736842106 0.03076923076923077 0.0968421052631579
0 0.3799145299145299 0.42947368421052634 0.028205128205128206 0.08842105263157894
0 0.30854700854700856 0.2926315789473684 0.02564102564102564 0.08
0 0.27692307692307694 0.24736842105263157 0.02564102564102564 0.06526315789473684
0 0.30256410256410254 0.23684210526315788 0.02905982905982906 0.07368421052631578
0 0.34615384615384615 0.26421052631578945 0.02735042735042735 0.07368421052631578
0 0.3747863247863248 0.24842105263157896 0.026495726495726495 0.07157894736842105
0 0.4017094017094017 0.28526315789473683 0.02735042735042735 0.09052631578947369
0 0.4337606837606838 0.28210526315789475 0.026495726495726495 0.08421052631578947
0 0.4461538461538462 0.4326315789473684 0.03247863247863248 0.09894736842105263
0 0.4658119658119658 0.40421052631578946 0.02564102564102564 0.08
0 0.4858974358974359 0.26421052631578945 0.028205128205128206 0.08210526315789474
0 0.5188034188034188 0.3452631578947368 0.02735042735042735 0.08421052631578947
0 0.5038461538461538 0.46842105263157896 0.03162393162393162 0.09052631578947369
0 0.5615384615384615 0.44526315789473686 0.02735042735042735 0.07789473684210527
0 0.6158119658119658 0.5284210526315789 0.028205128205128206 0.08842105263157894
0 0.5474358974358975 0.2831578947368421 0.028205128205128206 0.09473684210526316
0 0.5867521367521368 0.28210526315789475 0.026495726495726495 0.07578947368421053
0 0.6303418803418803 0.26210526315789473 0.028205128205128206 0.07789473684210527
0 0.676923076923077 0.27789473684210525 0.02564102564102564 0.08
0 0.7209401709401709 0.27052631578947367 0.026495726495726495 0.08210526315789474
0 0.7747863247863248 0.2694736842105263 0.029914529914529916 0.08842105263157894
0 0.6542735042735043 0.41578947368421054 0.029914529914529916 0.08210526315789474
0 0.6824786324786325 0.4052631578947368 0.028205128205128206 0.07368421052631578
0 0.7141025641025641 0.4610526315789474 0.029914529914529916 0.09263157894736843
0 0.7329059829059829 0.36 0.026495726495726495 0.08421052631578947
0 0.7632478632478632 0.45052631578947366 0.02735042735042735 0.0968421052631579
0 0.7807692307692308 0.4168421052631579 0.03333333333333333 0.0968421052631579
0 0.8448717948717949 0.42947368421052634 0.03333333333333333 0.0968421052631579
0 0.8957264957264958 0.4536842105263158 0.03247863247863248 0.09473684210526316
0 0.676923076923077 0.5347368421052632 0.02905982905982906 0.0968421052631579
0 0.4217948717948718 0.1736842105263158 0.007692307692307693 0.018947368421052633
0 0.43504273504273505 0.1631578947368421 0.006837606837606838 0.018947368421052633
0 0.4371794871794872 0.2073684210526316 0.007692307692307693 0.023157894736842106
0 0.44743589743589746 0.16105263157894736 0.005982905982905983 0.018947368421052633
0 0.45384615384615384 0.17157894736842105 0.006837606837606838 0.018947368421052633
0 0.4705128205128205 0.21473684210526317 0.005982905982905983 0.016842105263157894
0 0.49017094017094015 0.12421052631578948 0.005982905982905983 0.016842105263157894
0 0.5367521367521367 0.1368421052631579 0.006837606837606838 0.021052631578947368
0 0.5623931623931624 0.16 0.005128205128205128 0.01263157894736842
0 0.5615384615384615 0.19157894736842104 0.006837606837606838 0.016842105263157894
0 0.573076923076923 0.18421052631578946 0.005982905982905983 0.018947368421052633
0 0.5666666666666667 0.26842105263157895 0.006837606837606838 0.023157894736842106
0 0.6166666666666667 0.12947368421052632 0.005982905982905983 0.014736842105263158
0 0.5931623931623932 0.07684210526315789 0.006837606837606838 0.018947368421052633
0 0.6021367521367521 0.061052631578947365 0.005982905982905983 0.016842105263157894
0 0.6192307692307693 0.06 0.005982905982905983 0.014736842105263158
0 0.6388888888888888 0.19789473684210526 0.007692307692307693 0.016842105263157894
0 0.6435897435897436 0.15789473684210525 0.006837606837606838 0.016842105263157894
0 0.6645299145299145 0.17473684210526316 0.007692307692307693 0.021052631578947368
0 0.6829059829059829 0.13578947368421052 0.006837606837606838 0.018947368421052633
0 0.6957264957264957 0.10947368421052632 0.005128205128205128 0.016842105263157894
0 0.7141025641025641 0.06947368421052631 0.004273504273504274 0.01263157894736842
0 0.6884615384615385 0.18736842105263157 0.007692307692307693 0.016842105263157894
0 0.7051282051282052 0.2094736842105263 0.006837606837606838 0.023157894736842106
0 0.6747863247863248 0.25263157894736843 0.026495726495726495 0.07157894736842105
0 0.7931623931623931 0.15473684210526314 0.005128205128205128 0.018947368421052633
0 0.8021367521367522 0.15157894736842106 0.007692307692307693 0.021052631578947368
0 0.823076923076923 0.18526315789473685 0.006837606837606838 0.021052631578947368
0 0.8628205128205129 0.2 0.007692307692307693 0.02526315789473684
0 0.8764957264957265 0.21263157894736842 0.007692307692307693 0.021052631578947368
0 0.8837606837606837 0.1336842105263158 0.006837606837606838 0.018947368421052633
0 0.8884615384615384 0.13473684210526315 0.004273504273504274 0.01263157894736842
0 0.9188034188034188 0.17578947368421052 0.006837606837606838 0.018947368421052633
0 0.9418803418803419 0.15157894736842106 0.006837606837606838 0.021052631578947368
0 0.9713675213675214 0.12947368421052632 0.005982905982905983 0.018947368421052633
0 0.982051282051282 0.11157894736842106 0.008547008547008548 0.021052631578947368
0 0.8435897435897436 0.24736842105263157 0.008547008547008548 0.023157894736842106
0 0.8008547008547009 0.21157894736842106 0.008547008547008548 0.023157894736842106
0 0.8132478632478632 0.2326315789473684 0.009401709401709401 0.023157894736842106
0 0.7970085470085471 0.2905263157894737 0.007692307692307693 0.02526315789473684
0 0.8094017094017094 0.32421052631578945 0.008547008547008548 0.02526315789473684
0 0.8777777777777778 0.4189473684210526 0.011965811965811967 0.03368421052631579
0 0.8773504273504273 0.36736842105263157 0.009401709401709401 0.023157894736842106
0 0.8974358974358975 0.3505263157894737 0.010256410256410256 0.02736842105263158
0 0.8658119658119658 0.27157894736842103 0.010256410256410256 0.02526315789473684
0 0.9358974358974359 0.24736842105263157 0.006837606837606838 0.018947368421052633
0 0.9547008547008548 0.25157894736842107 0.006837606837606838 0.018947368421052633
0 0.9944444444444445 0.14842105263157895 0.011111111111111112 0.031578947368421054
0 0.9666666666666667 0.23894736842105263 0.006837606837606838 0.014736842105263158
0 0.9474358974358974 0.26210526315789473 0.023076923076923078 0.10736842105263159
0 0.9594017094017094 0.15789473684210525 0.007692307692307693 0.021052631578947368
0 0.982051282051282 0.14842105263157895 0.008547008547008548 0.023157894736842106
0 0.9431623931623931 0.3463157894736842 0.009401709401709401 0.02736842105263158
0 0.9645299145299145 0.3547368421052632 0.024786324786324785 0.11578947368421053
0 0.9901709401709402 0.31473684210526315 0.01282051282051282 0.031578947368421054
0 0.9816239316239316 0.5389473684210526 0.01282051282051282 0.03368421052631579
0 0.2123931623931624 0.26631578947368423 0.026495726495726495 0.07789473684210527
0 0.691025641025641 0.2294736842105263 0.005982905982905983 0.021052631578947368
0 0.9431623931623931 0.27473684210526317 0.019658119658119658 0.10736842105263159
0 0.9675213675213675 0.1726315789473684 0.008547008547008548 0.021052631578947368
0 0.8209401709401709 0.23894736842105263 0.007692307692307693 0.018947368421052633
