0 0.912109375 0.3333333333333333 0.046875 0.07702523240371846
0 0.80859375 0.300132802124834 0.04296875 0.07436918990703852
0 0.69921875 0.2921646746347942 0.041015625 0.07436918990703852
0 0.87060546875 0.301460823373174 0.0419921875 0.06905710491367861
0 0.76220703125 0.2682602921646746 0.0380859375 0.06905710491367861
0 0.61962890625 0.2795484727755644 0.0361328125 0.06772908366533864
0 0.5439453125 0.33598937583001326 0.03515625 0.055776892430278883
0 0.486328125 0.3339973439575033 0.03515625 0.0650730411686587
0 0.41259765625 0.3100929614873838 0.0341796875 0.06241699867197875
0 0.33984375 0.3691899070385126 0.03515625 0.06374501992031872
0 0.341796875 0.31208499335989376 0.03125 0.05843293492695883
0 0.25341796875 0.3286852589641434 0.0361328125 0.06241699867197875
0 0.279296875 0.31673306772908366 0.03125 0.057104913678618856
0 0.19140625 0.3187250996015936 0.037109375 0.06374501992031872
0 0.14306640625 0.30876494023904383 0.0361328125 0.0650730411686587
0 0.0693359375 0.31341301460823373 0.0390625 0.06108897742363878
