0 0.021708683473389355 0.6265172735760971 0.02100840336134454 0.03361344537815126
0 0.021358543417366947 0.6279178338001867 0.021708683473389355 0.028944911297852476
0 0.05707282913165266 0.6213818860877685 0.023109243697478993 0.03454715219421102
0 0.09208683473389356 0.6064425770308123 0.021708683473389355 0.03081232492997199
0 0.1561624649859944 0.6227824463118581 0.02100840336134454 0.031746031746031744
0 0.20238095238095238 0.6069094304388422 0.025210084033613446 0.03734827264239029
0 0.19152661064425772 0.6227824463118581 0.014705882352941176 0.026143790849673203
0 0.13585434173669467 0.6139122315592904 0.014005602240896359 0.021475256769374416
0 0.11869747899159663 0.6134453781512605 0.01330532212885154 0.02054154995331466
0 0.15196078431372548 0.6274509803921569 0.0196078431372549 0.031746031746031744
0 0.24509803921568626 0.6087768440709617 0.00980392156862745 0.014939309056956116
0 0.27485994397759106 0.5933706816059757 0.024509803921568627 0.036414565826330535
0 0.3231792717086835 0.6475256769374417 0.028711484593837534 0.04388422035480859
0 0.3788515406162465 0.7133520074696545 0.03081232492997199 0.04481792717086835
0 0.38235294117647056 0.6489262371615313 0.022408963585434174 0.035480859010270774
0 0.32948179271708683 0.6045751633986928 0.021708683473389355 0.032679738562091505
0 0.3536414565826331 0.6055088702147525 0.014005602240896359 0.017740429505135387
0 0.3753501400560224 0.619514472455649 0.01680672268907563 0.025210084033613446
0 0.37675070028011204 0.6055088702147525 0.012605042016806723 0.017740429505135387
0 0.4170168067226891 0.5821661998132587 0.03851540616246499 0.06255835667600373
0 0.45168067226890757 0.5994397759103641 0.011204481792717087 0.02054154995331466
0 0.47023809523809523 0.6297852474323062 0.01750700280112045 0.02707749766573296
0 0.49264705882352944 0.6223155929038282 0.023109243697478993 0.02707749766573296
0 0.5175070028011205 0.6199813258636788 0.02661064425770308 0.03734827264239029
0 0.5609243697478992 0.6792717086834734 0.03081232492997199 0.0457516339869281
0 0.5651260504201681 0.6377217553688141 0.02661064425770308 0.04295051353874883
0 0.6197478991596639 0.6302521008403361 0.02100840336134454 0.035480859010270774
0 0.65406162464986 0.6302521008403361 0.029411764705882353 0.04481792717086835
0 0.6673669467787114 0.6386554621848739 0.0196078431372549 0.035480859010270774
0 0.7058823529411765 0.6316526610644257 0.025210084033613446 0.036414565826330535
0 0.7703081232492998 0.6218487394957983 0.02661064425770308 0.03734827264239029
0 0.8249299719887955 0.6171802054154996 0.036414565826330535 0.05415499533146592
0 0.8602941176470589 0.6148459383753502 0.024509803921568627 0.032679738562091505
0 0.8820028011204482 0.6260504201680672 0.028711484593837534 0.03828197945845005
0 0.9131652661064426 0.6293183940242764 0.025210084033613446 0.04295051353874883
0 0.9772408963585434 0.6251167133520075 0.042717086834733894 0.055088702147525676
0 0.773109243697479 0.7404295051353875 0.0700280112044818 0.10830999066293184
0 0.521358543417367 0.7287581699346405 0.06512605042016807 0.09803921568627451
0 0.31477591036414565 0.6101774042950514 0.014705882352941176 0.025210084033613446
