0 0.08615384615384615 0.2605633802816901 0.06769230769230769 0.0892018779342723
0 0.3346153846153846 0.22300469483568075 0.06 0.09859154929577464
0 0.3992307692307692 0.24647887323943662 0.05692307692307692 0.0892018779342723
0 0.4815384615384615 0.2793427230046948 0.05846153846153846 0.107981220657277
0 0.6823076923076923 0.2652582159624413 0.05384615384615385 0.10328638497652583
0 0.6438461538461538 0.28169014084507044 0.04153846153846154 0.07511737089201878
0 0.8046153846153846 0.3227699530516432 0.052307692307692305 0.09624413145539906
0 0.8507692307692307 0.2640845070422535 0.046153846153846156 0.09624413145539906
0 0.9807692307692307 0.2335680751173709 0.05384615384615385 0.09624413145539906
0 0.9776923076923076 0.2793427230046948 0.05692307692307692 0.09859154929577464
