0 0.01225 0.7627688172043011 0.0135 0.012096774193548387
0 0.0295 0.709005376344086 0.012 0.008064516129032258
0 0.02375 0.696236559139785 0.0095 0.00739247311827957
0 0.03275 0.6967405913978495 0.0095 0.007056451612903226
0 0.054 0.6942204301075269 0.01 0.006048387096774193
0 0.01125 0.6903561827956989 0.0085 0.00571236559139785
0 0.031 0.6831317204301075 0.008 0.00739247311827957
0 0.10075 0.6799395161290323 0.0095 0.007056451612903226
0 0.1135 0.6780913978494624 0.006 0.005376344086021506
0 0.134 0.677755376344086 0.008 0.006720430107526882
0 0.14875 0.6829637096774194 0.0055 0.005040322580645161
0 0.14875 0.6745631720430108 0.0065 0.005040322580645161
0 0.15225 0.6848118279569892 0.0175 0.02956989247311828
0 0.16675 0.6811155913978495 0.0075 0.005376344086021506
0 0.167 0.6775873655913979 0.006 0.004368279569892473
0 0.1925 0.6794354838709677 0.006 0.004704301075268817
0 0.2475 0.6700268817204301 0.006 0.004704301075268817
0 0.33175 0.6759072580645161 0.0065 0.00571236559139785
0 0.344 0.6769153225806451 0.007 0.005040322580645161
0 0.38025 0.6856518817204301 0.0075 0.005040322580645161
0 0.3765 0.681619623655914 0.007 0.004368279569892473
0 0.40675 0.6762432795698925 0.0065 0.005040322580645161
0 0.409 0.6762432795698925 0.007 0.00571236559139785
0 0.4285 0.6740591397849462 0.007 0.004704301075268817
0 0.43575 0.6745631720430108 0.0055 0.004368279569892473
0 0.4245 0.7053091397849462 0.009 0.006720430107526882
0 0.434 0.6967405913978495 0.009 0.006384408602150538
0 0.2485 0.7795698924731183 0.02 0.016801075268817203
0 0.3265 0.7395833333333334 0.035 0.027553763440860215
0 0.545 0.7024529569892473 0.008 0.00571236559139785
0 0.47925 0.670866935483871 0.0055 0.004368279569892473
0 0.48625 0.6720430107526881 0.0045 0.003360215053763441
0 0.522 0.6700268817204301 0.005 0.004704301075268817
0 0.557 0.6685147849462365 0.004 0.003696236559139785
0 0.5735 0.6675067204301075 0.004 0.0030241935483870967
0 0.57825 0.6661626344086021 0.0045 0.003696236559139785
0 0.59275 0.6762432795698925 0.0045 0.0030241935483870967
0 0.62575 0.6748991935483871 0.0065 0.004368279569892473
0 0.6525 0.6999327956989247 0.007 0.004704301075268817
0 0.6475 0.6911962365591398 0.007 0.005376344086021506
0 0.63725 0.6873319892473119 0.0055 0.004368279569892473
0 0.6675 0.6821236559139785 0.006 0.005376344086021506
0 0.6945 0.6927083333333334 0.006 0.004368279569892473
0 0.69725 0.6947244623655914 0.0075 0.005040322580645161
0 0.70375 0.688508064516129 0.0065 0.005376344086021506
0 0.712 0.7046370967741935 0.008 0.005376344086021506
0 0.7995 0.7921706989247311 0.036 0.024529569892473117
