0 0.7724285714285715 0.2503214744963566 0.007714285714285714 0.012858979854264894
0 0.7957142857142857 0.24603514787826833 0.008 0.013716245177882554
0 0.789 0.2558936990998714 0.007714285714285714 0.012858979854264894
0 0.7698571428571429 0.27796828118302613 0.007714285714285714 0.010715816545220747
0 0.7751428571428571 0.29982854693527644 0.0074285714285714285 0.013287612516073724
0 0.7895714285714286 0.293399057008144 0.01 0.017573939134162022
0 0.7881428571428571 0.32683240462923274 0.010571428571428572 0.01928846978139734
0 0.9581428571428572 0.3234033433347621 0.006571428571428572 0.010715816545220747
0 0.972 0.32404629232747534 0.008571428571428572 0.014573510501500214
0 0.991 0.3244749249892842 0.014 0.02914702100300043
0 0.9821428571428571 0.32661808829832834 0.024857142857142855 0.03943420488641235
0 0.9124285714285715 0.32661808829832834 0.03514285714285714 0.06086583797685383
0 0.7157142857142857 0.3156879554222032 0.072 0.14016288041148736
0 0.848 0.390484354907844 0.13314285714285715 0.19631375910844406
0 0.5901428571428572 0.4320617231033005 0.10771428571428572 0.17402486069438491
