0 0.0575 0.5233333333333333 0.028333333333333332 0.051111111111111114
0 0.08833333333333333 0.5277777777777778 0.03333333333333333 0.05555555555555555
0 0.13 0.5111111111111111 0.03 0.04888888888888889
0 0.17333333333333334 0.49666666666666665 0.03 0.04666666666666667
0 0.17083333333333334 0.49666666666666665 0.028333333333333332 0.042222222222222223
0 0.23333333333333334 0.5288888888888889 0.03 0.05333333333333334
0 0.22 0.51 0.03 0.04666666666666667
0 0.28833333333333333 0.5288888888888889 0.03 0.04888888888888889
0 0.2991666666666667 0.49333333333333335 0.025 0.04
0 0.3325 0.5033333333333333 0.03166666666666667 0.051111111111111114
0 0.37166666666666665 0.51 0.03333333333333333 0.051111111111111114
0 0.4033333333333333 0.5133333333333333 0.02666666666666667 0.04888888888888889
0 0.4266666666666667 0.51 0.023333333333333334 0.03777777777777778
0 0.4508333333333333 0.5177777777777778 0.028333333333333332 0.04888888888888889
0 0.4875 0.5022222222222222 0.028333333333333332 0.04888888888888889
0 0.5025 0.5188888888888888 0.028333333333333332 0.051111111111111114
0 0.5041666666666667 0.5211111111111111 0.03166666666666667 0.051111111111111114
0 0.5508333333333333 0.5377777777777778 0.03166666666666667 0.04888888888888889
0 0.5941666666666666 0.4922222222222222 0.03166666666666667 0.05555555555555555
0 0.5916666666666667 0.5777777777777777 0.03666666666666667 0.057777777777777775
0 0.6358333333333334 0.5666666666666667 0.035 0.057777777777777775
0 0.67 0.57 0.03666666666666667 0.06
0 0.7316666666666667 0.5266666666666666 0.04 0.07111111111111111
0 0.7633333333333333 0.5433333333333333 0.043333333333333335 0.06444444444444444
0 0.8283333333333334 0.5544444444444444 0.04666666666666667 0.06888888888888889
0 0.8308333333333333 0.5266666666666666 0.041666666666666664 0.06222222222222222
0 0.8891666666666667 0.5611111111111111 0.041666666666666664 0.05555555555555555
0 0.9141666666666667 0.5777777777777777 0.045 0.06222222222222222
0 0.9158333333333334 0.58 0.04833333333333333 0.06222222222222222
