0 0.11430678466076696 0.8240740740740741 0.03982300884955752 0.034722222222222224
0 0.0014749262536873156 0.8136574074074074 0.035398230088495575 0.03935185185185185
0 0.0943952802359882 0.6255787037037037 0.017699115044247787 0.015046296296296295
0 0.1187315634218289 0.6186342592592593 0.01327433628318584 0.010416666666666666
0 0.334070796460177 0.8090277777777778 0.019174041297935103 0.016203703703703703
0 0.34882005899705015 0.8200231481481481 0.016224188790560472 0.01273148148148148
0 0.41002949852507375 0.8119212962962963 0.011799410029498525 0.010416666666666666
0 0.5036873156342183 0.8136574074074074 0.019174041297935103 0.018518518518518517
0 0.922566371681416 0.8125 0.05752212389380531 0.04398148148148148
0 0.5464601769911505 0.8107638888888888 0.016224188790560472 0.017361111111111112
0 0.5855457227138643 0.8171296296296297 0.014749262536873156 0.011574074074074073
0 0.7109144542772862 0.8188657407407407 0.02064896755162242 0.015046296296296295
0 0.6769911504424779 0.8113425925925926 0.011799410029498525 0.009259259259259259
0 0.6452802359882006 0.8107638888888888 0.016224188790560472 0.01273148148148148
0 0.4771386430678466 0.8072916666666666 0.01327433628318584 0.01273148148148148
0 0.37684365781710916 0.8049768518518519 0.007374631268436578 0.008101851851851851
