0 0.7311253561253561 0.9727564102564102 0.007834757834757835 0.016025641025641024
0 0.7148326210826211 0.9778311965811965 0.0073005698005698 0.013354700854700854
0 0.6293625356125356 0.9487179487179487 0.005876068376068376 0.010683760683760684
0 0.9919871794871795 0.9616720085470085 0.006766381766381766 0.010416666666666666
0 0.9949252136752137 0.9385683760683761 0.0037393162393162395 0.006944444444444444
0 0.978988603988604 0.9488514957264957 0.005341880341880342 0.010416666666666666
0 0.9737357549857549 0.9417735042735043 0.005163817663817663 0.008012820512820512
0 0.9788105413105413 0.9373664529914529 0.005698005698005698 0.008814102564102564
0 0.9512108262108262 0.9147970085470085 0.002849002849002849 0.004807692307692308
0 0.947738603988604 0.9094551282051282 0.003027065527065527 0.005341880341880342
0 0.7768874643874644 0.9147970085470085 0.003205128205128205 0.006944444444444444
0 0.7687856125356125 0.9258814102564102 0.004095441595441595 0.007211538461538462
0 0.7683404558404558 0.9257478632478633 0.003205128205128205 0.006944444444444444
0 0.7620192307692307 0.9069177350427351 0.003027065527065527 0.005074786324786325
0 0.7720797720797721 0.9041132478632479 0.002492877492877493 0.0037393162393162395
0 0.7716346153846154 0.9014423076923077 0.003027065527065527 0.004807692307692308
0 0.7336182336182336 0.9403044871794872 0.004273504273504274 0.007745726495726496
0 0.750534188034188 0.9437767094017094 0.005341880341880342 0.009882478632478632
0 0.7334401709401709 0.9154647435897436 0.002849002849002849 0.005608974358974359
0 0.7228454415954416 0.9161324786324786 0.003027065527065527 0.004273504273504274
0 0.7139423076923077 0.9409722222222222 0.004807692307692308 0.006944444444444444
0 0.7045940170940171 0.9194711538461539 0.004629629629629629 0.007211538461538462
0 0.6940883190883191 0.9516559829059829 0.011396011396011397 0.06356837606837606
0 0.6842948717948718 0.9250801282051282 0.003917378917378918 0.007211538461538462
0 0.6262464387464387 0.9292200854700855 0.003205128205128205 0.005341880341880342
0 0.6175213675213675 0.9308226495726496 0.003205128205128205 0.005876068376068376
0 0.6109330484330484 0.922409188034188 0.004273504273504274 0.006143162393162393
0 0.5968660968660968 0.9232104700854701 0.00641025641025641 0.009882478632478632
0 0.6009615384615384 0.922676282051282 0.004273504273504274 0.007745726495726496
0 0.5843126780626781 0.9161324786324786 0.004807692307692308 0.007478632478632479
0 0.5691773504273504 0.9185363247863247 0.00551994301994302 0.008547008547008548
0 0.5572471509971509 0.9192040598290598 0.00551994301994302 0.00827991452991453
0 0.5520833333333334 0.9217414529914529 0.004451566951566952 0.007478632478632479
0 0.5476317663817664 0.9404380341880342 0.004807692307692308 0.008012820512820512
0 0.5378383190883191 0.9272168803418803 0.005876068376068376 0.008814102564102564
0 0.5468304843304843 0.9177350427350427 0.004629629629629629 0.007478632478632479
0 0.5426460113960114 0.9241452991452992 0.0037393162393162395 0.007478632478632479
0 0.531517094017094 0.9161324786324786 0.004985754985754986 0.008547008547008548
0 0.5233262108262108 0.9135950854700855 0.005341880341880342 0.009348290598290598
0 0.5098824786324786 0.9288194444444444 0.00551994301994302 0.009882478632478632
0 0.5094373219373219 0.9184027777777778 0.004985754985754986 0.006677350427350427
0 0.4757834757834758 0.8844818376068376 0.006054131054131054 0.010416666666666666
0 0.47311253561253563 0.8884882478632479 0.005698005698005698 0.010416666666666666
0 0.4721331908831909 0.8795405982905983 0.005876068376068376 0.009081196581196582
0 0.4633190883190883 0.9122596153846154 0.00641025641025641 0.008814102564102564
0 0.4544159544159544 0.9138621794871795 0.00641025641025641 0.00827991452991453
0 0.4374109686609687 0.9102564102564102 0.0073005698005698 0.011217948717948718
0 0.4407051282051282 0.9137286324786325 0.005341880341880342 0.008012820512820512
0 0.4308226495726496 0.9375 0.005876068376068376 0.008547008547008548
0 0.4240562678062678 0.9154647435897436 0.00551994301994302 0.008814102564102564
0 0.41577635327635326 0.9141292735042735 0.006766381766381766 0.0109508547008547
0 0.4101673789173789 0.9141292735042735 0.006944444444444444 0.0109508547008547
0 0.4043803418803419 0.9185363247863247 0.005341880341880342 0.009615384615384616
0 0.4031339031339031 0.9576655982905983 0.004273504273504274 0.007745726495726496
0 0.390224358974359 0.9194711538461539 0.00551994301994302 0.008814102564102564
0 0.39271723646723644 0.9198717948717948 0.005163817663817663 0.009081196581196582
0 0.38648504273504275 0.9225427350427351 0.00551994301994302 0.009081196581196582
0 0.37535612535612534 0.9276175213675214 0.00641025641025641 0.010683760683760684
0 0.3765135327635328 0.9245459401709402 0.003027065527065527 0.006143162393162393
0 0.3643162393162393 0.9345619658119658 0.00641025641025641 0.009615384615384616
0 0.3543447293447293 0.9317574786324786 0.007122507122507123 0.0109508547008547
0 0.3613782051282051 0.9260149572649573 0.005876068376068376 0.010683760683760684
0 0.3633368945868946 0.9192040598290598 0.00551994301994302 0.009348290598290598
0 0.3450854700854701 0.9405715811965812 0.005698005698005698 0.008814102564102564
0 0.3423254985754986 0.9365651709401709 0.006588319088319089 0.010416666666666666
0 0.35007122507122507 0.9232104700854701 0.006766381766381766 0.01201923076923077
0 0.3401887464387464 0.9301549145299145 0.006588319088319089 0.010416666666666666
0 0.3323539886039886 0.9337606837606838 0.006588319088319089 0.011217948717948718
0 0.3345797720797721 0.921875 0.005698005698005698 0.010416666666666666
0 0.3311965811965812 0.9248130341880342 0.005341880341880342 0.008814102564102564
0 0.32371794871794873 0.9361645299145299 0.006054131054131054 0.011217948717948718
0 0.3192663817663818 0.9396367521367521 0.006054131054131054 0.009615384615384616
0 0.31499287749287747 0.9292200854700855 0.00641025641025641 0.008547008547008548
0 0.30475427350427353 0.9487179487179487 0.006232193732193732 0.011217948717948718
0 0.3056445868945869 0.9361645299145299 0.006944444444444444 0.009615384615384616
0 0.296474358974359 0.9448450854700855 0.004985754985754986 0.009882478632478632
0 0.2808048433048433 0.9455128205128205 0.005698005698005698 0.01014957264957265
0 0.26673789173789175 0.9424412393162394 0.007478632478632479 0.009348290598290598
0 0.25774572649572647 0.9475160256410257 0.006232193732193732 0.009348290598290598
0 0.2406517094017094 0.9491185897435898 0.00551994301994302 0.008814102564102564
0 0.24964387464387464 0.9416399572649573 0.005341880341880342 0.008814102564102564
0 0.2349537037037037 0.938034188034188 0.006944444444444444 0.012286324786324786
0 0.2370014245014245 0.9066506410256411 0.002849002849002849 0.005074786324786325
0 0.23548789173789172 0.906517094017094 0.0023148148148148147 0.004807692307692308
0 0.22800925925925927 0.9049145299145299 0.003383190883190883 0.004273504273504274
0 0.21242877492877493 0.9050480769230769 0.002492877492877493 0.004540598290598291
0 0.2228454415954416 0.9511217948717948 0.005876068376068376 0.010683760683760684
0 0.19239672364672364 0.953125 0.005876068376068376 0.010416666666666666
0 0.2050391737891738 0.9472489316239316 0.006232193732193732 0.0109508547008547
0 0.1920405982905983 0.9079861111111112 0.0023148148148148147 0.003472222222222222
0 0.18322649572649571 0.9324252136752137 0.004273504273504274 0.008547008547008548
0 0.17850783475783477 0.9472489316239316 0.005876068376068376 0.009882478632478632
0 0.16631054131054132 0.9415064102564102 0.00641025641025641 0.009081196581196582
0 0.15731837606837606 0.9477831196581197 0.006232193732193732 0.008814102564102564
0 0.18162393162393162 0.9106570512820513 0.0035612535612535613 0.005074786324786325
0 0.16301638176638178 0.9143963675213675 0.0023148148148148147 0.003472222222222222
0 0.15918803418803418 0.906517094017094 0.002849002849002849 0.005341880341880342
0 0.14521011396011396 0.9540598290598291 0.006232193732193732 0.010683760683760684
0 0.1398682336182336 0.953392094017094 0.005163817663817663 0.00827991452991453
0 0.14636752136752137 0.9385683760683761 0.006054131054131054 0.01014957264957265
0 0.11734330484330484 0.983573717948718 0.007834757834757835 0.01201923076923077
0 0.10434472934472934 0.9719551282051282 0.007478632478632479 0.014957264957264958
0 0.12437678062678063 0.9520566239316239 0.004807692307692308 0.008814102564102564
0 0.12232905982905982 0.9444444444444444 0.005698005698005698 0.01014957264957265
0 0.11787749287749288 0.9336271367521367 0.006054131054131054 0.0109508547008547
0 0.11983618233618233 0.9258814102564102 0.0035612535612535613 0.005608974358974359
0 0.1201923076923077 0.9177350427350427 0.0035612535612535613 0.005876068376068376
0 0.1051460113960114 0.9548611111111112 0.006588319088319089 0.011752136752136752
0 0.10069444444444445 0.9524572649572649 0.005163817663817663 0.008547008547008548
0 0.0981125356125356 0.9409722222222222 0.004985754985754986 0.009081196581196582
0 0.10603632478632478 0.9415064102564102 0.005163817663817663 0.008012820512820512
0 0.10657051282051282 0.9212072649572649 0.0037393162393162395 0.00641025641025641
0 0.10541310541310542 0.9217414529914529 0.003205128205128205 0.005341880341880342
0 0.0876068376068376 0.922409188034188 0.003205128205128205 0.006677350427350427
0 0.07576566951566951 0.9726228632478633 0.006944444444444444 0.013621794871794872
0 0.07719017094017094 0.9553952991452992 0.0073005698005698 0.011217948717948718
0 0.08217592592592593 0.9497863247863247 0.005876068376068376 0.009615384615384616
0 0.06953347578347578 0.9552617521367521 0.005876068376068376 0.009348290598290598
0 0.05600071225071225 0.9508547008547008 0.004807692307692308 0.008012820512820512
0 0.0438034188034188 0.9577991452991453 0.00641025641025641 0.010683760683760684
0 0.0698005698005698 0.9258814102564102 0.004273504273504274 0.006677350427350427
0 0.010505698005698005 0.9606036324786325 0.007122507122507123 0.0109508547008547
0 0.0223468660968661 0.9459134615384616 0.005163817663817663 0.007745726495726496
0 0.8670762108262108 0.9786324786324786 0.008725071225071225 0.013354700854700854
0 0.7693198005698005 0.9871794871794872 0.005163817663817663 0.009081196581196582
