0 0.4580078125 0.5973645680819912 0.0234375 0.03513909224011713
0 0.68017578125 0.5878477306002928 0.0205078125 0.036603221083455345
0 0.71875 0.6734992679355783 0.02734375 0.03806734992679356
0 0.7119140625 0.7108345534407028 0.021484375 0.0424597364568082
0 0.7626953125 0.6742313323572474 0.025390625 0.04538799414348463
0 0.814453125 0.6442166910688141 0.025390625 0.04978038067349927
0 0.81396484375 0.6456808199121523 0.0263671875 0.0527086383601757
0 0.84765625 0.6486090775988287 0.025390625 0.04685212298682284
0 0.857421875 0.678623718887262 0.029296875 0.04538799414348463
0 0.8935546875 0.6544655929721815 0.029296875 0.0527086383601757
0 0.9228515625 0.6800878477306003 0.0234375 0.048316251830161056
0 0.92919921875 0.8396778916544656 0.0185546875 0.01903367496339678
0 0.80908203125 0.5915080527086384 0.0048828125 0.008784773060029283
0 0.82568359375 0.5900439238653001 0.0048828125 0.008784773060029283
0 0.96728515625 0.5856515373352855 0.0068359375 0.01171303074670571
0 0.6953125 0.31551976573938506 0.021484375 0.03953147877013177
0 0.70458984375 0.24743777452415813 0.0244140625 0.03806734992679356
0 0.52783203125 0.568081991215227 0.0185546875 0.029282576866764276
