0 0.012 0.5642750373692078 0.014 0.025411061285500747
0 0.045 0.546337817638266 0.016 0.025411061285500747
0 0.0615 0.5254110612855007 0.025 0.0343796711509716
0 0.1185 0.5687593423019432 0.025 0.03736920777279522
0 0.1735 0.554559043348281 0.011 0.017937219730941704
0 0.163 0.5695067264573991 0.008 0.014947683109118086
0 0.1915 0.5597907324364724 0.009 0.013452914798206279
0 0.2055 0.5426008968609866 0.023 0.03886397608370702
0 0.2965 0.5695067264573991 0.049 0.08968609865470852
0 0.286 0.5822122571001495 0.01 0.016442451420029897
0 0.354 0.5568011958146487 0.008 0.013452914798206279
0 0.3675 0.5732436472346786 0.011 0.016442451420029897
0 0.398 0.5605381165919282 0.016 0.02391629297458894
0 0.383 0.5672645739910314 0.012 0.01943198804185351
0 0.335 0.57847533632287 0.014 0.0687593423019432
0 0.422 0.624813153961136 0.016 0.026905829596412557
0 0.405 0.5657698056801196 0.008 0.016442451420029897
0 0.417 0.5814648729446936 0.016 0.029895366218236172
0 0.4715 0.5642750373692078 0.021 0.03736920777279522
0 0.508 0.5657698056801196 0.016 0.025411061285500747
0 0.578 0.5687593423019432 0.018 0.025411061285500747
0 0.59 0.5657698056801196 0.014 0.02242152466367713
0 0.602 0.5866965620328849 0.014 0.03139013452914798
0 0.599 0.5612855007473841 0.01 0.01943198804185351
0 0.613 0.5590433482810164 0.006 0.01195814648729447
0 0.617 0.5874439461883408 0.01 0.02092675635276532
0 0.622 0.5657698056801196 0.006 0.01046337817638266
0 0.635 0.5747384155455905 0.008 0.013452914798206279
0 0.63 0.5732436472346786 0.012 0.01943198804185351
0 0.655 0.5672645739910314 0.012 0.02242152466367713
0 0.668 0.5807174887892377 0.014 0.02242152466367713
0 0.661 0.5680119581464873 0.014 0.026905829596412557
0 0.6795 0.5687593423019432 0.009 0.013452914798206279
0 0.6815 0.5844544095665172 0.015 0.017937219730941704
0 0.687 0.5605381165919282 0.008 0.01195814648729447
0 0.6955 0.5605381165919282 0.007 0.014947683109118086
0 0.706 0.5829596412556054 0.012 0.017937219730941704
0 0.715 0.5762331838565022 0.012 0.01943198804185351
0 0.7245 0.5874439461883408 0.017 0.026905829596412557
0 0.739 0.585949177877429 0.014 0.026905829596412557
0 0.7575 0.5896860986547086 0.013 0.02242152466367713
0 0.7665 0.5710014947683109 0.015 0.02092675635276532
0 0.786 0.5762331838565022 0.014 0.01943198804185351
0 0.792 0.5822122571001495 0.016 0.02242152466367713
0 0.8275 0.5665171898355755 0.015 0.02391629297458894
0 0.8375 0.5739910313901345 0.013 0.02391629297458894
0 0.8635 0.6031390134529148 0.013 0.02242152466367713
0 0.862 0.5926756352765321 0.012 0.01943198804185351
0 0.9025 0.5994020926756353 0.011 0.014947683109118086
0 0.927 0.601644245142003 0.014 0.02242152466367713
0 0.939 0.57847533632287 0.014 0.026905829596412557
0 0.9825 0.5971599402092675 0.017 0.025411061285500747
0 0.9165 0.6532137518684604 0.027 0.14947683109118087
0 0.741 0.570254110612855 0.01 0.016442451420029897
0 0.724 0.570254110612855 0.01 0.016442451420029897
0 0.452 0.6068759342301944 0.044 0.08370702541106129
0 0.529 0.6098654708520179 0.048 0.08370702541106129
0 0.509 0.6121076233183856 0.012 0.01943198804185351
