0 0.9056818181818181 0.22447447447447447 0.0659090909090909 0.07657657657657657
0 0.7352272727272727 0.28903903903903905 0.045454545454545456 0.07957957957957958
0 0.6744318181818182 0.2424924924924925 0.0375 0.05855855855855856
0 0.5454545454545454 0.15015015015015015 0.07954545454545454 0.13513513513513514
0 0.4948863636363636 0.2042042042042042 0.0875 0.09009009009009009
0 0.35170454545454544 0.28003003003003 0.03977272727272727 0.07357357357357357
0 0.30454545454545456 0.28378378378378377 0.029545454545454545 0.04804804804804805
0 0.19147727272727272 0.2957957957957958 0.04431818181818182 0.06606606606606606
0 0.15170454545454545 0.32507507507507505 0.03068181818181818 0.04954954954954955
0 0.23352272727272727 0.32732732732732733 0.023863636363636365 0.03903903903903904
0 0.04261363636363636 0.26426426426426425 0.04431818181818182 0.07507507507507508
