0 0.05181818181818182 0.6777929155313351 0.01090909090909091 0.047683923705722074
0 0.08318181818181818 0.6505449591280654 0.004545454545454545 0.006811989100817439
0 0.08454545454545455 0.6662125340599455 0.005454545454545455 0.008174386920980926
0 0.09272727272727273 0.6498637602179836 0.0036363636363636364 0.005449591280653951
0 0.10909090909090909 0.6709809264305178 0.005454545454545455 0.006811989100817439
0 0.16818181818181818 0.6171662125340599 0.0036363636363636364 0.005449591280653951
0 0.18045454545454545 0.6260217983651226 0.01 0.04495912806539509
0 0.18954545454545454 0.6096730245231607 0.004545454545454545 0.006811989100817439
0 0.19636363636363635 0.6089918256130791 0.0036363636363636364 0.005449591280653951
0 0.2881818181818182 0.5749318801089919 0.007272727272727273 0.027247956403269755
0 0.29454545454545455 0.5674386920980926 0.0036363636363636364 0.004087193460490463
0 0.2990909090909091 0.5762942779291553 0.01090909090909091 0.027247956403269755
0 0.30954545454545457 0.5674386920980926 0.0027272727272727275 0.004087193460490463
0 0.31636363636363635 0.5776566757493188 0.007272727272727273 0.027247956403269755
0 0.46954545454545454 0.6750681198910081 0.004545454545454545 0.006811989100817439
0 0.46045454545454545 0.7561307901907357 0.006363636363636364 0.010899182561307902
0 0.4809090909090909 0.6764305177111717 0.012727272727272728 0.04223433242506812
0 0.48454545454545456 0.6457765667574932 0.0036363636363636364 0.005449591280653951
0 0.4940909090909091 0.6450953678474114 0.004545454545454545 0.006811989100817439
0 0.5004545454545455 0.6280653950953679 0.0027272727272727275 0.005449591280653951
0 0.5104545454545455 0.6273841961852861 0.0027272727272727275 0.004087193460490463
0 0.5045454545454545 0.6525885558583107 0.0036363636363636364 0.005449591280653951
0 0.5054545454545455 0.6730245231607629 0.01090909090909091 0.04632152588555858
0 0.5145454545454545 0.6450953678474114 0.0036363636363636364 0.006811989100817439
0 0.5222727272727272 0.6478201634877384 0.004545454545454545 0.006811989100817439
0 0.5277272727272727 0.6662125340599455 0.01 0.051771117166212535
0 0.5254545454545455 0.6668937329700273 0.0036363636363636364 0.006811989100817439
0 0.525 0.6948228882833788 0.004545454545454545 0.008174386920980926
0 0.5418181818181819 0.6062670299727521 0.0036363636363636364 0.005449591280653951
0 0.56 0.6689373297002725 0.007272727272727273 0.04904632152588556
0 0.5645454545454546 0.6525885558583107 0.0036363636363636364 0.005449591280653951
0 0.5731818181818182 0.5974114441416893 0.008181818181818182 0.025885558583106268
0 0.5772727272727273 0.5974114441416893 0.007272727272727273 0.025885558583106268
0 0.5845454545454546 0.5967302452316077 0.005454545454545455 0.02452316076294278
0 0.6186363636363637 0.5980926430517711 0.006363636363636364 0.02452316076294278
0 0.6231818181818182 0.5974114441416893 0.008181818181818182 0.02316076294277929
0 0.5 0.7622615803814714 0.005454545454545455 0.009536784741144414
0 0.5118181818181818 0.7581743869209809 0.005454545454545455 0.009536784741144414
0 0.5068181818181818 0.7895095367847411 0.008181818181818182 0.014986376021798364
0 0.5231818181818182 0.728882833787466 0.006363636363636364 0.010899182561307902
0 0.5359090909090909 0.7173024523160763 0.006363636363636364 0.01226158038147139
0 0.5459090909090909 0.7186648501362398 0.004545454545454545 0.006811989100817439
0 0.5540909090909091 0.6226158038147139 0.004545454545454545 0.005449591280653951
0 0.545 0.6430517711171662 0.01 0.02997275204359673
0 0.5340909090909091 0.6600817438692098 0.004545454545454545 0.006811989100817439
0 0.5345454545454545 0.6634877384196185 0.00909090909090909 0.04087193460490463
0 0.5395454545454546 0.6750681198910081 0.011818181818181818 0.039509536784741145
0 0.5490909090909091 0.6662125340599455 0.005454545454545455 0.008174386920980926
0 0.5354545454545454 0.7997275204359673 0.014545454545454545 0.06267029972752043
0 0.52 0.7622615803814714 0.005454545454545455 0.009536784741144414
0 0.5236363636363637 0.7799727520435967 0.005454545454545455 0.009536784741144414
0 0.5409090909090909 0.7895095367847411 0.005454545454545455 0.009536784741144414
0 0.5377272727272727 0.7752043596730245 0.013636363636363636 0.05994550408719346
0 0.5359090909090909 0.7799727520435967 0.013636363636363636 0.04223433242506812
0 0.5518181818181818 0.7602179836512262 0.007272727272727273 0.013623978201634877
0 0.5654545454545454 0.7935967302452316 0.007272727272727273 0.01226158038147139
0 0.575 0.7854223433242506 0.006363636363636364 0.009536784741144414
0 0.5954545454545455 0.7881471389645777 0.007272727272727273 0.01226158038147139
0 0.5681818181818182 0.7595367847411444 0.005454545454545455 0.006811989100817439
0 0.5740909090909091 0.7656675749318801 0.006363636363636364 0.013623978201634877
0 0.5813636363636364 0.7534059945504087 0.006363636363636364 0.010899182561307902
0 0.5063636363636363 0.5701634877384196 0.007272727272727273 0.02861035422343324
0 0.5009090909090909 0.5442779291553134 0.005454545454545455 0.020435967302452316
0 0.5031818181818182 0.5456403269754768 0.006363636363636364 0.020435967302452316
0 0.5118181818181818 0.5463215258855586 0.005454545454545455 0.021798365122615803
0 0.5181818181818182 0.5470027247956403 0.005454545454545455 0.02316076294277929
0 0.5209090909090909 0.547683923705722 0.005454545454545455 0.021798365122615803
0 0.5268181818181819 0.5456403269754768 0.004545454545454545 0.02316076294277929
0 0.5372727272727272 0.5456403269754768 0.005454545454545455 0.020435967302452316
0 0.5118181818181818 0.5756130790190735 0.007272727272727273 0.02861035422343324
0 0.5168181818181818 0.5762942779291553 0.006363636363636364 0.021798365122615803
0 0.5204545454545455 0.5735694822888283 0.0027272727272727275 0.005449591280653951
0 0.525 0.5735694822888283 0.0027272727272727275 0.005449591280653951
0 0.4940909090909091 0.5694822888283378 0.006363636363636364 0.027247956403269755
0 0.495 0.5769754768392371 0.008181818181818182 0.031335149863760216
0 0.4968181818181818 0.5817438692098093 0.008181818181818182 0.0326975476839237
0 0.13136363636363638 0.5865122615803815 0.008181818181818182 0.031335149863760216
0 0.16636363636363635 0.8726158038147139 0.007272727272727273 0.01226158038147139
0 0.7190909090909091 0.5980926430517711 0.09818181818181818 0.19346049046321526
0 0.5131818181818182 0.6519073569482289 0.004545454545454545 0.006811989100817439
0 0.5459090909090909 0.6505449591280654 0.004545454545454545 0.006811989100817439
