0 0.8901821862348178 0.3095599393019727 0.07186234817813765 0.12139605462822459
0 0.8147773279352226 0.40667678300455234 0.044534412955465584 0.0637329286798179
0 0.8041497975708503 0.44916540212443096 0.0354251012145749 0.06069802731411229
0 0.9817813765182186 0.41274658573596357 0.0465587044534413 0.09104704097116843
0 0.659919028340081 0.47040971168437024 0.03643724696356275 0.06069802731411229
0 0.5576923076923077 0.47192716236722304 0.03441295546558704 0.057663125948406675
0 0.4934210526315789 0.48634294385432475 0.029352226720647773 0.04704097116843703
0 0.4139676113360324 0.5151745068285281 0.032388663967611336 0.05311077389984825
0 0.36133603238866396 0.5212443095599393 0.02631578947368421 0.04400606980273141
0 0.3248987854251012 0.5022761760242792 0.030364372469635626 0.036418816388467376
0 0.24342105263157895 0.5273141122913505 0.029352226720647773 0.04704097116843703
0 0.20799595141700405 0.5402124430955993 0.02125506072874494 0.030349013657056147
0 0.09767206477732794 0.5257966616084977 0.02125506072874494 0.0409711684370258
0 0.17763157894736842 0.5455235204855842 0.019230769230769232 0.028831562974203338
0 0.15738866396761134 0.5591805766312595 0.01720647773279352 0.025796661608497723
0 0.13765182186234817 0.563732928679818 0.018218623481781375 0.02276176024279211
0 0.03340080971659919 0.5849772382397572 0.012145748987854251 0.019726858877086494
0 0.004048582995951417 0.5918057663125948 0.01417004048582996 0.021244309559939303
0 0.45546558704453444 0.5015174506828528 0.024291497975708502 0.03793626707132018
0 0.6821862348178138 0.5053110773899848 0.02834008097165992 0.048558421851289835
