0 0.15416666666666667 0.6102564102564103 0.027777777777777776 0.06837606837606838
0 0.23298611111111112 0.5905982905982906 0.025694444444444443 0.0735042735042735
0 0.29618055555555556 0.5700854700854701 0.02013888888888889 0.07692307692307693
0 0.35625 0.5170940170940171 0.020833333333333332 0.06666666666666667
0 0.3795138888888889 0.5256410256410257 0.02013888888888889 0.06324786324786325
0 0.46597222222222223 0.5735042735042735 0.02361111111111111 0.07692307692307693
0 0.5041666666666667 0.5042735042735043 0.019444444444444445 0.06837606837606838
0 0.5298611111111111 0.5213675213675214 0.020833333333333332 0.06495726495726496
0 0.5579861111111111 0.5256410256410257 0.021527777777777778 0.07008547008547009
0 0.6017361111111111 0.5709401709401709 0.022916666666666665 0.06495726495726496
0 0.628125 0.5495726495726496 0.021527777777777778 0.06666666666666667
0 0.6555555555555556 0.5461538461538461 0.020833333333333332 0.08034188034188035
0 0.7059027777777778 0.576068376068376 0.027083333333333334 0.08888888888888889
0 0.7614583333333333 0.6051282051282051 0.02847222222222222 0.08547008547008547
0 0.821875 0.523931623931624 0.027083333333333334 0.07692307692307693
0 0.7371527777777778 0.49743589743589745 0.024305555555555556 0.07179487179487179
0 0.6982638888888889 0.4683760683760684 0.022916666666666665 0.06495726495726496
0 0.7739583333333333 0.4512820512820513 0.024305555555555556 0.07863247863247863
0 0.15694444444444444 0.358974358974359 0.025 0.07521367521367521
0 0.18993055555555555 0.3367521367521368 0.021527777777777778 0.06495726495726496
0 0.2326388888888889 0.31196581196581197 0.02361111111111111 0.05982905982905983
0 0.25763888888888886 0.335042735042735 0.020833333333333332 0.06153846153846154
0 0.29444444444444445 0.43333333333333335 0.020833333333333332 0.06324786324786325
0 0.3440972222222222 0.4341880341880342 0.017361111111111112 0.06153846153846154
0 0.38506944444444446 0.4230769230769231 0.022916666666666665 0.06666666666666667
0 0.4461805555555556 0.4264957264957265 0.02013888888888889 0.06324786324786325
0 0.5427083333333333 0.32222222222222224 0.021527777777777778 0.07008547008547009
0 0.5739583333333333 0.3504273504273504 0.021527777777777778 0.06153846153846154
0 0.6152777777777778 0.34786324786324785 0.020833333333333332 0.06324786324786325
0 0.6395833333333333 0.33247863247863246 0.019444444444444445 0.05982905982905983
0 0.6791666666666667 0.405982905982906 0.025 0.07008547008547009
0 0.7197916666666667 0.39914529914529917 0.02013888888888889 0.05982905982905983
0 0.8861111111111111 0.2743589743589744 0.02638888888888889 0.07692307692307693
0 0.8416666666666667 0.28547008547008546 0.02638888888888889 0.08205128205128205
0 0.8090277777777778 0.32564102564102565 0.025 0.06666666666666667
0 0.7736111111111111 0.30256410256410254 0.02361111111111111 0.07179487179487179
0 0.7434027777777777 0.2965811965811966 0.021527777777777778 0.05982905982905983
0 0.71875 0.2504273504273504 0.018055555555555554 0.05299145299145299
0 0.7916666666666666 0.25213675213675213 0.022222222222222223 0.05982905982905983
0 0.7604166666666666 0.2264957264957265 0.020833333333333332 0.06324786324786325
0 0.7319444444444444 0.20256410256410257 0.018055555555555554 0.05982905982905983
0 0.7458333333333333 0.1282051282051282 0.018055555555555554 0.05811965811965812
0 0.7142361111111111 0.14102564102564102 0.01875 0.05299145299145299
0 0.6763888888888889 0.1264957264957265 0.019444444444444445 0.06495726495726496
0 0.6295138888888889 0.2 0.02013888888888889 0.05811965811965812
0 0.5947916666666667 0.23675213675213674 0.017361111111111112 0.06324786324786325
0 0.5625 0.21367521367521367 0.019444444444444445 0.05811965811965812
0 0.4934027777777778 0.2282051282051282 0.02013888888888889 0.06324786324786325
0 0.5135416666666667 0.24358974358974358 0.01875 0.05641025641025641
0 0.653125 0.14358974358974358 0.017361111111111112 0.05128205128205128
0 0.609375 0.1752136752136752 0.02013888888888889 0.05982905982905983
0 0.621875 0.15726495726495726 0.01597222222222222 0.05128205128205128
0 0.5829861111111111 0.1794871794871795 0.014583333333333334 0.044444444444444446
0 0.5482638888888889 0.19743589743589743 0.017361111111111112 0.05641025641025641
0 0.5322916666666667 0.2299145299145299 0.01597222222222222 0.05299145299145299
0 0.4708333333333333 0.2760683760683761 0.019444444444444445 0.05982905982905983
0 0.4375 0.27350427350427353 0.019444444444444445 0.05811965811965812
0 0.4017361111111111 0.3017094017094017 0.017361111111111112 0.05299145299145299
0 0.37395833333333334 0.32222222222222224 0.01875 0.06324786324786325
0 0.33090277777777777 0.3153846153846154 0.01875 0.05982905982905983
0 0.3003472222222222 0.3076923076923077 0.017361111111111112 0.05128205128205128
0 0.275 0.2914529914529915 0.018055555555555554 0.05299145299145299
0 0.18993055555555555 0.252991452991453 0.01597222222222222 0.04786324786324787
0 0.23993055555555556 0.23675213675213674 0.017361111111111112 0.05641025641025641
0 0.2677083333333333 0.22136752136752136 0.01875 0.05299145299145299
0 0.303125 0.2094017094017094 0.017361111111111112 0.05641025641025641
0 0.3190972222222222 0.2512820512820513 0.017361111111111112 0.05128205128205128
0 0.3541666666666667 0.28547008547008546 0.016666666666666666 0.05128205128205128
0 0.38958333333333334 0.2512820512820513 0.016666666666666666 0.05128205128205128
0 0.4197916666666667 0.2358974358974359 0.017361111111111112 0.0547008547008547
0 0.475 0.21965811965811965 0.018055555555555554 0.04957264957264957
0 0.2513888888888889 0.21623931623931625 0.015277777777777777 0.04957264957264957
0 0.28229166666666666 0.20341880341880342 0.01597222222222222 0.044444444444444446
0 0.30486111111111114 0.1641025641025641 0.013888888888888888 0.041025641025641026
0 0.3277777777777778 0.1547008547008547 0.013888888888888888 0.039316239316239315
0 0.34618055555555555 0.24017094017094018 0.017361111111111112 0.05299145299145299
0 0.3486111111111111 0.18888888888888888 0.016666666666666666 0.046153846153846156
0 0.37118055555555557 0.25213675213675213 0.017361111111111112 0.05299145299145299
0 0.37777777777777777 0.16495726495726495 0.015277777777777777 0.042735042735042736
0 0.4079861111111111 0.19914529914529913 0.017361111111111112 0.04957264957264957
0 0.3972222222222222 0.17435897435897435 0.015277777777777777 0.05128205128205128
0 0.43125 0.17435897435897435 0.015277777777777777 0.04786324786324787
0 0.4482638888888889 0.19658119658119658 0.014583333333333334 0.04786324786324787
0 0.45868055555555554 0.20085470085470086 0.01597222222222222 0.042735042735042736
0 0.007638888888888889 0.10512820512820513 0.009722222222222222 0.022222222222222223
0 0.017013888888888887 0.2188034188034188 0.007638888888888889 0.017094017094017096
0 0.04826388888888889 0.23333333333333334 0.009027777777777777 0.02564102564102564
