0 0.98388671875 0.8802083333333334 0.0263671875 0.036458333333333336
0 0.923828125 0.9244791666666666 0.013671875 0.026041666666666668
0 0.94287109375 0.7981770833333334 0.0126953125 0.015625
0 0.95556640625 0.8014322916666666 0.0126953125 0.022135416666666668
0 0.97412109375 0.8092447916666666 0.0126953125 0.016927083333333332
0 0.98193359375 0.8059895833333334 0.0126953125 0.018229166666666668
0 0.990234375 0.7858072916666666 0.0078125 0.009114583333333334
0 0.95166015625 0.7760416666666666 0.0068359375 0.0078125
0 0.9404296875 0.7727864583333334 0.009765625 0.014322916666666666
0 0.94091796875 0.7682291666666666 0.0087890625 0.013020833333333334
0 0.92236328125 0.7747395833333334 0.0068359375 0.010416666666666666
0 0.904296875 0.7669270833333334 0.0078125 0.013020833333333334
0 0.89111328125 0.7630208333333334 0.0087890625 0.013020833333333334
0 0.875 0.7799479166666666 0.009765625 0.015625
0 0.86376953125 0.7740885416666666 0.0107421875 0.014322916666666666
0 0.84765625 0.779296875 0.009765625 0.014322916666666666
0 0.82470703125 0.783203125 0.0087890625 0.009114583333333334
0 0.80810546875 0.7701822916666666 0.0087890625 0.01171875
0 0.8271484375 0.759765625 0.0078125 0.009114583333333334
0 0.81103515625 0.8951822916666666 0.0341796875 0.055989583333333336
0 0.787109375 0.9674479166666666 0.021484375 0.03125
0 0.71630859375 0.8736979166666666 0.0224609375 0.03125
0 0.6171875 0.875 0.01953125 0.033854166666666664
0 0.57373046875 0.822265625 0.0224609375 0.03515625
0 0.7734375 0.8463541666666666 0.01171875 0.018229166666666668
0 0.767578125 0.8333333333333334 0.013671875 0.018229166666666668
0 0.74267578125 0.8489583333333334 0.0107421875 0.020833333333333332
0 0.71826171875 0.8352864583333334 0.0146484375 0.022135416666666668
0 0.77978515625 0.8020833333333334 0.0087890625 0.015625
0 0.76708984375 0.8040364583333334 0.0107421875 0.014322916666666666
0 0.75146484375 0.8125 0.0107421875 0.018229166666666668
0 0.72021484375 0.8059895833333334 0.0107421875 0.015625
0 0.744140625 0.8190104166666666 0.01171875 0.013020833333333334
0 0.72802734375 0.8046875 0.0068359375 0.010416666666666666
0 0.75244140625 0.7805989583333334 0.0087890625 0.014322916666666666
0 0.75439453125 0.7604166666666666 0.0087890625 0.013020833333333334
0 0.78369140625 0.7486979166666666 0.0068359375 0.010416666666666666
0 0.78271484375 0.7421875 0.0087890625 0.013020833333333334
0 0.7060546875 0.7760416666666666 0.009765625 0.013020833333333334
0 0.7294921875 0.759765625 0.0078125 0.014322916666666666
0 0.70849609375 0.7578125 0.0087890625 0.013020833333333334
0 0.68310546875 0.794921875 0.0146484375 0.024739583333333332
0 0.658203125 0.7864583333333334 0.01171875 0.0234375
0 0.6884765625 0.7649739583333334 0.0078125 0.01171875
0 0.65087890625 0.7493489583333334 0.0087890625 0.014322916666666666
0 0.6611328125 0.7779947916666666 0.0078125 0.014322916666666666
0 0.6328125 0.7662760416666666 0.0078125 0.01171875
0 0.615234375 0.7604166666666666 0.009765625 0.013020833333333334
0 0.6025390625 0.76953125 0.0078125 0.010416666666666666
0 0.55419921875 0.8209635416666666 0.0126953125 0.01953125
0 0.5517578125 0.7845052083333334 0.0078125 0.01171875
0 0.515625 0.7923177083333334 0.01171875 0.016927083333333332
0 0.484375 0.802734375 0.01171875 0.016927083333333332
0 0.50634765625 0.78125 0.0087890625 0.015625
0 0.521484375 0.7838541666666666 0.0078125 0.010416666666666666
0 0.51025390625 0.798828125 0.0107421875 0.014322916666666666
0 0.4658203125 0.90234375 0.03125 0.044270833333333336
0 0.4619140625 0.8489583333333334 0.021484375 0.033854166666666664
0 0.4287109375 0.9173177083333334 0.017578125 0.02734375
0 0.38818359375 0.92578125 0.0283203125 0.046875
0 0.369140625 0.9264322916666666 0.017578125 0.024739583333333332
0 0.37109375 0.8977864583333334 0.017578125 0.02734375
0 0.30712890625 0.9583333333333334 0.0166015625 0.0234375
0 0.4306640625 0.7786458333333334 0.009765625 0.013020833333333334
0 0.40966796875 0.7786458333333334 0.0107421875 0.015625
0 0.3271484375 0.857421875 0.01171875 0.016927083333333332
0 0.30908203125 0.8567708333333334 0.0107421875 0.018229166666666668
0 0.1005859375 0.935546875 0.013671875 0.022135416666666668
0 0.05419921875 0.9342447916666666 0.0126953125 0.01953125
0 0.06982421875 0.98046875 0.0166015625 0.0234375
0 0.1318359375 0.9765625 0.037109375 0.0546875
0 0.01953125 0.98046875 0.041015625 0.049479166666666664
0 0.67529296875 0.7447916666666666 0.0087890625 0.013020833333333334
