0 0.10214285714285715 0.8147751605995718 0.007142857142857143 0.010706638115631691
0 0.11214285714285714 0.8201284796573876 0.01 0.01284796573875803
0 0.12 0.816916488222698 0.005714285714285714 0.006423982869379015
0 0.2042857142857143 0.7922912205567452 0.005714285714285714 0.008565310492505354
0 0.23214285714285715 0.816916488222698 0.01 0.014989293361884369
0 0.23285714285714285 0.8137044967880086 0.011428571428571429 0.021413276231263382
0 0.33214285714285713 0.8254817987152034 0.01 0.014989293361884369
0 0.345 0.8051391862955032 0.01 0.017130620985010708
0 0.3585714285714286 0.8104925053533191 0.008571428571428572 0.014989293361884369
0 0.4135714285714286 0.8115631691648822 0.007142857142857143 0.01284796573875803
0 0.43857142857142856 0.7997858672376874 0.008571428571428572 0.014989293361884369
0 0.4585714285714286 0.8062098501070664 0.008571428571428572 0.014989293361884369
0 0.4857142857142857 0.8094218415417559 0.008571428571428572 0.01284796573875803
0 0.47928571428571426 0.7965738758029979 0.007142857142857143 0.008565310492505354
0 0.4857142857142857 0.8083511777301927 0.008571428571428572 0.014989293361884369
0 0.495 0.8029978586723768 0.007142857142857143 0.01284796573875803
0 0.6278571428571429 0.797644539614561 0.01 0.014989293361884369
0 0.7028571428571428 0.7676659528907923 0.011428571428571429 0.019271948608137045
0 0.8628571428571429 0.7494646680942184 0.005714285714285714 0.008565310492505354
