0 0.8023135359116023 -0.00720164609053498 0.012085635359116022 0.0205761316872428
0 0.6931975138121547 -0.002829218106995885 0.014848066298342542 0.020061728395061727
0 0.6117058011049724 0.007458847736625514 0.015538674033149171 0.023148148148148147
0 0.5555939226519337 -0.014146090534979424 0.014502762430939226 0.026234567901234566
0 0.4525207182320442 0.0102880658436214 0.01691988950276243 0.023662551440329218
0 0.36584944751381215 -0.004372427983539095 0.014848066298342542 0.02417695473251029
0 0.2879834254143646 0.00565843621399177 0.018646408839779006 0.0257201646090535
0 0.20735497237569062 -0.00257201646090535 0.01691988950276243 0.029835390946502057
0 0.0543853591160221 0.017232510288065845 0.0162292817679558 0.02417695473251029
0 0.11084254143646409 0.10108024691358025 0.015193370165745856 0.028292181069958847
0 0.21218922651933703 0.09465020576131687 0.01691988950276243 0.024691358024691357
0 0.3116367403314917 0.08513374485596707 0.01830110497237569 0.032407407407407406
0 0.4972375690607735 0.09259259259259259 0.019337016574585635 0.02880658436213992
0 0.5977209944751382 0.09002057613168725 0.017955801104972375 0.027777777777777776
0 0.7360151933701657 0.08976337448559671 0.01691988950276243 0.026234567901234566
0 0.8085290055248618 0.0889917695473251 0.014848066298342542 0.024691358024691357
0 0.9136740331491713 0.09156378600823045 0.015193370165745856 0.021604938271604937
0 0.9235151933701657 -0.009259259259259259 0.010704419889502763 0.015432098765432098
0 0.9832527624309392 -0.01131687242798354 0.011395027624309393 0.01954732510288066
0 0.986878453038674 0.08281893004115226 0.015883977900552487 0.0205761316872428
0 0.8655041436464088 0.17335390946502058 0.01899171270718232 0.0257201646090535
0 0.7351519337016574 0.16229423868312756 0.018646408839779006 0.029320987654320986
0 0.5904696132596685 0.1648662551440329 0.022099447513812154 0.029320987654320986
0 0.5100138121546961 0.18492798353909465 0.016574585635359115 0.02417695473251029
0 0.42834944751381215 0.18106995884773663 0.01691988950276243 0.026748971193415638
0 0.30611187845303867 0.18544238683127573 0.01691988950276243 0.02726337448559671
0 0.19941298342541436 0.18492798353909465 0.01761049723756906 0.02726337448559671
0 0.08632596685082873 0.1838991769547325 0.022790055248618785 0.03137860082304527
0 0.08960635359116022 0.3045267489711934 0.01968232044198895 0.03189300411522634
0 0.17714088397790057 0.2952674897119342 0.019337016574585635 0.0257201646090535
0 0.29799723756906077 0.3125 0.016574585635359115 0.026234567901234566
0 0.449585635359116 0.29732510288065844 0.017265193370165747 0.02880658436213992
0 0.5588743093922652 0.29372427983539096 0.01899171270718232 0.029835390946502057
0 0.6704074585635359 0.29732510288065844 0.01968232044198895 0.027777777777777776
0 0.9452693370165746 0.2808641975308642 0.015538674033149171 0.024691358024691357
0 0.9844613259668509 0.4107510288065844 0.019337016574585635 0.028292181069958847
0 0.838225138121547 0.4174382716049383 0.01899171270718232 0.026234567901234566
0 0.7354972375690608 0.42412551440329216 0.019337016574585635 0.029320987654320986
0 0.62603591160221 0.43106995884773663 0.017955801104972375 0.023662551440329218
0 0.49015883977900554 0.43184156378600824 0.01899171270718232 0.02417695473251029
0 0.36792127071823205 0.4295267489711934 0.02037292817679558 0.02880658436213992
0 0.2655386740331492 0.43852880658436216 0.019337016574585635 0.028292181069958847
0 0.1574585635359116 0.4495884773662551 0.020718232044198894 0.026748971193415638
0 0.06560773480662983 0.47710905349794236 0.017265193370165747 0.023148148148148147
0 0.05766574585635359 0.6059670781893004 0.020027624309392266 0.027777777777777776
0 0.1944060773480663 0.6188271604938271 0.020718232044198894 0.027777777777777776
0 0.3194060773480663 0.5925925925925926 0.019337016574585635 0.033950617283950615
0 0.4050414364640884 0.5691872427983539 0.020718232044198894 0.030349794238683128
0 0.5169198895027625 0.5722736625514403 0.018646408839779006 0.02726337448559671
0 0.6279350828729282 0.558641975308642 0.02175414364640884 0.027777777777777776
0 0.7215124309392266 0.5717592592592593 0.01968232044198895 0.029320987654320986
0 0.8143991712707183 0.5501543209876543 0.02037292817679558 0.030349794238683128
0 0.9437154696132597 0.5588991769547325 0.020027624309392266 0.026234567901234566
0 1.0051795580110496 0.6864711934156379 0.021408839779005526 0.035493827160493825
0 0.9074585635359116 0.698045267489712 0.019337016574585635 0.030864197530864196
0 0.7895372928176796 0.6921296296296297 0.02244475138121547 0.03652263374485597
0 0.6824930939226519 0.7260802469135802 0.02106353591160221 0.032407407407407406
0 0.5668162983425414 0.7301954732510288 0.02175414364640884 0.030349794238683128
0 0.44613259668508287 0.7327674897119342 0.020718232044198894 0.030349794238683128
0 0.3482389502762431 0.7281378600823045 0.02106353591160221 0.03137860082304527
0 0.25517955801104975 0.75 0.020027624309392266 0.03292181069958848
0 0.06180939226519337 0.7582304526748971 0.023480662983425413 0.029835390946502057
0 0.06578038674033149 0.9002057613168725 0.02520718232044199 0.03189300411522634
0 0.28556629834254144 0.8991769547325102 0.020718232044198894 0.0257201646090535
0 0.4129834254143646 0.8760288065843621 0.023480662983425413 0.029835390946502057
0 0.5509323204419889 0.875 0.02520718232044199 0.03189300411522634
0 0.6498618784530387 0.8626543209876543 0.023480662983425413 0.030864197530864196
0 0.7556975138121547 0.8510802469135802 0.0231353591160221 0.03137860082304527
0 0.9219613259668509 0.8703703703703703 0.019337016574585635 0.030864197530864196
0 0.7344613259668509 0.16306584362139917 0.015883977900552487 0.0257201646090535
0 0.3927831491712707 0.08822016460905349 0.01761049723756906 0.028292181069958847
