0 0.051666666666666666 0.817824377457405 0.021666666666666667 0.03669724770642202
0 0.017083333333333332 0.8014416775884666 0.0225 0.03800786369593709
0 0.13625 0.7988204456094364 0.0225 0.04062909567496723
0 0.17041666666666666 0.8034076015727392 0.020833333333333332 0.03669724770642202
0 0.22 0.7988204456094364 0.02 0.04062909567496723
0 0.24125 0.8066841415465269 0.020833333333333332 0.04062909567496723
0 0.28583333333333333 0.7916120576671035 0.02 0.03669724770642202
0 0.33 0.7745740498034076 0.02 0.04193971166448231
0 0.3566666666666667 0.8040629095674967 0.02 0.04062909567496723
0 0.39208333333333334 0.8073394495412844 0.019166666666666665 0.04456094364351245
0 0.4245833333333333 0.8119266055045872 0.020833333333333332 0.03800786369593709
0 0.46458333333333335 0.7916120576671035 0.0175 0.03669724770642202
0 0.5416666666666666 0.8001310615989515 0.02 0.045871559633027525
0 0.5766666666666667 0.7903014416775884 0.021666666666666667 0.04193971166448231
0 0.6141666666666666 0.7948885976408913 0.02 0.04062909567496723
0 0.65625 0.7850589777195282 0.020833333333333332 0.04193971166448231
0 0.6954166666666667 0.7981651376146789 0.0175 0.03407601572739188
0 0.73375 0.7830930537352556 0.020833333333333332 0.04325032765399738
0 0.7804166666666666 0.7916120576671035 0.0225 0.039318479685452164
0 0.8254166666666667 0.7870249017038008 0.020833333333333332 0.03800786369593709
0 0.8683333333333333 0.7857142857142857 0.021666666666666667 0.04062909567496723
0 0.905 0.7870249017038008 0.023333333333333334 0.04062909567496723
0 0.9395833333333333 0.6684141546526867 0.020833333333333332 0.039318479685452164
0 0.89875 0.682175622542595 0.0175 0.035386631716906945
0 0.8654166666666666 0.690694626474443 0.0175 0.03145478374836173
0 0.8395833333333333 0.7077326343381389 0.020833333333333332 0.03669724770642202
0 0.815 0.7169069462647444 0.018333333333333333 0.03669724770642202
0 0.7795833333333333 0.7096985583224116 0.019166666666666665 0.03800786369593709
0 0.7491666666666666 0.7044560943643512 0.018333333333333333 0.03800786369593709
0 0.77875 0.7424639580602883 0.015833333333333335 0.035386631716906945
0 0.7229166666666667 0.7280471821756226 0.019166666666666665 0.035386631716906945
0 0.6820833333333334 0.7313237221494102 0.019166666666666665 0.03669724770642202
0 0.65 0.7201834862385321 0.018333333333333333 0.03800786369593709
0 0.60875 0.7339449541284404 0.0175 0.03407601572739188
0 0.5929166666666666 0.7313237221494102 0.0175 0.03669724770642202
0 0.5779166666666666 0.7280471821756226 0.020833333333333332 0.035386631716906945
0 0.5095833333333334 0.7313237221494102 0.015833333333333335 0.03407601572739188
0 0.4708333333333333 0.747051114023591 0.016666666666666666 0.03407601572739188
0 0.42583333333333334 0.7319790301441678 0.018333333333333333 0.03800786369593709
0 0.4 0.7437745740498034 0.018333333333333333 0.035386631716906945
0 0.36875 0.7254259501965924 0.0175 0.0327653997378768
0 0.335 0.7411533420707732 0.018333333333333333 0.035386631716906945
0 0.305 0.734600262123198 0.015 0.035386631716906945
0 0.26208333333333333 0.7306684141546527 0.015833333333333335 0.035386631716906945
0 0.22375 0.7234600262123198 0.0175 0.03407601572739188
0 0.1675 0.7431192660550459 0.02 0.03669724770642202
0 0.11791666666666667 0.7391874180865007 0.020833333333333332 0.04456094364351245
0 0.08 0.7490170380078637 0.02 0.03800786369593709
0 0.09833333333333333 0.7077326343381389 0.02 0.03669724770642202
0 0.1225 0.7077326343381389 0.018333333333333333 0.03145478374836173
0 0.14708333333333334 0.709043250327654 0.019166666666666665 0.03145478374836173
0 0.175 0.7182175622542595 0.016666666666666666 0.03145478374836173
0 0.20041666666666666 0.7096985583224116 0.0175 0.03014416775884666
0 0.20708333333333334 0.7234600262123198 0.0175 0.03407601572739188
0 0.29541666666666666 0.7083879423328965 0.014166666666666666 0.027522935779816515
0 0.32625 0.7103538663171691 0.014166666666666666 0.02621231979030144
0 0.35083333333333333 0.7182175622542595 0.015 0.03145478374836173
0 0.38208333333333333 0.7175622542595019 0.014166666666666666 0.03014416775884666
0 0.41833333333333333 0.7057667103538663 0.015 0.027522935779816515
0 0.43625 0.7175622542595019 0.014166666666666666 0.03014416775884666
0 0.44958333333333333 0.7155963302752294 0.015833333333333335 0.028833551769331587
0 0.46458333333333335 0.709043250327654 0.015833333333333335 0.03145478374836173
0 0.4945833333333333 0.7169069462647444 0.015833333333333335 0.028833551769331587
0 0.5095833333333334 0.7044560943643512 0.015833333333333335 0.03014416775884666
0 0.5345833333333333 0.7044560943643512 0.0175 0.035386631716906945
0 0.5504166666666667 0.7044560943643512 0.015833333333333335 0.0327653997378768
0 0.5879166666666666 0.7018348623853211 0.014166666666666666 0.03014416775884666
0 0.6208333333333333 0.7103538663171691 0.016666666666666666 0.03407601572739188
0 0.6333333333333333 0.7011795543905636 0.018333333333333333 0.03407601572739188
0 0.655 0.7038007863695938 0.016666666666666666 0.03145478374836173
0 0.69125 0.700524246395806 0.0175 0.035386631716906945
0 0.7116666666666667 0.6841415465268676 0.016666666666666666 0.028833551769331587
0 0.75375 0.682175622542595 0.0175 0.027522935779816515
0 0.7904166666666667 0.6874180865006553 0.015833333333333335 0.027522935779816515
0 0.8325 0.6756225425950196 0.018333333333333333 0.0327653997378768
0 0.815 0.6605504587155964 0.013333333333333334 0.02621231979030144
0 0.79125 0.6625163826998689 0.014166666666666666 0.02490170380078637
0 0.7575 0.6559633027522935 0.013333333333333334 0.02490170380078637
0 0.7291666666666666 0.6664482306684142 0.013333333333333334 0.027522935779816515
0 0.7058333333333333 0.6553079947575361 0.013333333333333334 0.02621231979030144
0 0.6858333333333333 0.6546526867627785 0.015 0.02490170380078637
0 0.6633333333333333 0.6526867627785059 0.015 0.02621231979030144
0 0.6408333333333334 0.6559633027522935 0.013333333333333334 0.027522935779816515
0 0.6233333333333333 0.6598951507208388 0.015 0.027522935779816515
0 0.59625 0.6585845347313237 0.015833333333333335 0.027522935779816515
0 0.5704166666666667 0.6671035386631717 0.014166666666666666 0.02621231979030144
0 0.5483333333333333 0.6730013106159896 0.015 0.027522935779816515
0 0.52625 0.6677588466579292 0.0125 0.027522935779816515
0 0.49166666666666664 0.6782437745740498 0.013333333333333334 0.02490170380078637
0 0.4725 0.6782437745740498 0.015 0.027522935779816515
0 0.4483333333333333 0.6664482306684142 0.013333333333333334 0.022280471821756225
0 0.42791666666666667 0.663826998689384 0.0125 0.02490170380078637
0 0.40791666666666665 0.6664482306684142 0.014166666666666666 0.027522935779816515
0 0.38125 0.6618610747051114 0.014166666666666666 0.02621231979030144
0 0.365 0.6664482306684142 0.015 0.03014416775884666
0 0.33625 0.6592398427260813 0.014166666666666666 0.023591087811271297
0 0.30625 0.6625163826998689 0.014166666666666666 0.02490170380078637
0 0.2816666666666667 0.6664482306684142 0.013333333333333334 0.027522935779816515
0 0.25166666666666665 0.6736566186107471 0.013333333333333334 0.023591087811271297
0 0.22416666666666665 0.6749672346002621 0.015 0.028833551769331587
0 0.20916666666666667 0.6795543905635649 0.015 0.027522935779816515
0 0.1825 0.6769331585845347 0.015 0.02490170380078637
