0 0.0425 0.7271364317841079 0.033 0.053973013493253376
0 0.011 0.6866566716641679 0.026 0.047976011994003
0 0.065 0.7158920539730135 0.02 0.031484257871064465
0 0.1125 0.7113943028485757 0.023 0.031484257871064465
0 0.111 0.7166416791604198 0.016 0.0239880059970015
0 0.0665 0.7166416791604198 0.019 0.029985007496251874
0 0.171 0.7038980509745127 0.016 0.025487256371814093
0 0.1765 0.7008995502248876 0.017 0.02848575712143928
0 0.192 0.6911544227886057 0.014 0.0239880059970015
0 0.2225 0.7143928035982009 0.021 0.031484257871064465
0 0.22 0.7091454272863568 0.018 0.03298350824587706
0 0.2495 0.6904047976011994 0.019 0.031484257871064465
0 0.266 0.7061469265367316 0.016 0.0239880059970015
0 0.28 0.6956521739130435 0.014 0.026986506746626688
0 0.276 0.7256371814092953 0.024 0.035982008995502246
0 0.312 0.7106446776611695 0.014 0.026986506746626688
0 0.328 0.7053973013493253 0.022 0.037481259370314844
0 0.3405 0.7376311844077961 0.035 0.06596701649175413
0 0.426 0.6814092953523239 0.036 0.06446776611694154
0 0.47 0.7376311844077961 0.044 0.06596701649175413
0 0.526 0.7338830584707646 0.026 0.043478260869565216
0 0.49 0.7353823088455772 0.028 0.05247376311844078
0 0.379 0.7113943028485757 0.014 0.025487256371814093
0 0.402 0.7083958020989505 0.018 0.02848575712143928
0 0.6325 0.7376311844077961 0.017 0.026986506746626688
0 0.6815 0.7061469265367316 0.019 0.03298350824587706
0 0.7445 0.7068965517241379 0.023 0.043478260869565216
0 0.7725 0.7158920539730135 0.023 0.037481259370314844
0 0.8725 0.7256371814092953 0.043 0.07196401799100449
0 0.9185 0.7001499250374813 0.033 0.050974512743628186
0 1.0015 0.8335832083958021 0.055 0.29985007496251875
0 0.9005 0.7128935532233883 0.021 0.037481259370314844
0 0.6515 0.717391304347826 0.009 0.013493253373313344
0 0.1705 0.7061469265367316 0.017 0.0239880059970015
