0 0.2197265625 0.4156785243741766 0.01171875 0.014492753623188406
0 0.24853515625 0.45783926218708826 0.0263671875 0.03820816864295125
0 0.29736328125 0.4756258234519104 0.0205078125 0.034255599472990776
0 0.3310546875 0.4696969696969697 0.0234375 0.03820816864295125
0 0.416015625 0.46903820816864294 0.01171875 0.015810276679841896
0 0.515625 0.497364953886693 0.033203125 0.048748353096179184
0 0.59765625 0.5184453227931489 0.03125 0.05928853754940711
0 0.51318359375 0.48089591567852435 0.0224609375 0.034255599472990776
0 0.5419921875 0.4670619235836627 0.01953125 0.025032938076416336
0 0.662109375 0.47299077733860345 0.02734375 0.039525691699604744
0 0.6953125 0.47035573122529645 0.021484375 0.039525691699604744
0 0.73828125 0.4598155467720685 0.017578125 0.023715415019762844
0 0.75634765625 0.44861660079051385 0.0185546875 0.025032938076416336
0 0.78271484375 0.45652173913043476 0.0166015625 0.02766798418972332
0 0.814453125 0.44729907773386035 0.017578125 0.030303030303030304
0 0.83544921875 0.5118577075098815 0.0341796875 0.0461133069828722
0 0.68115234375 0.4380764163372859 0.0126953125 0.019762845849802372
0 0.61376953125 0.4525691699604743 0.0146484375 0.022397891963109356
