0 0.0805 0.7088724584103512 0.125 0.1756007393715342
0 0.136 0.38909426987060997 0.076 0.09426987060998152
0 0.272 0.5341959334565619 0.058 0.11090573012939002
0 0.342 0.466728280961183 0.032 0.06469500924214418
0 0.4215 0.4898336414048059 0.037 0.09242144177449169
0 0.5235 0.4565619223659889 0.081 0.12939001848428835
0 0.679 0.4408502772643253 0.05 0.09796672828096119
0 0.6545 0.4463955637707948 0.025 0.053604436229205174
0 0.7115 0.45009242144177447 0.025 0.053604436229205174
0 0.806 0.47504621072088726 0.034 0.08133086876155268
0 0.8955 0.5970425138632163 0.131 0.19593345656192238
0 0.9705 0.4288354898336414 0.043 0.08872458410351201
0 0.9215 0.38909426987060997 0.011 0.02033271719038817
0 0.891 0.4066543438077634 0.01 0.018484288354898338
0 0.9135 0.3909426987060998 0.007 0.012939001848428836
0 0.8865 0.41035120147874304 0.007 0.018484288354898338
0 0.861 0.39833641404805914 0.008 0.012939001848428836
0 0.849 0.39186691312384475 0.006 0.011090573012939002
0 0.842 0.39371534195933455 0.006 0.011090573012939002
0 0.856 0.3909426987060998 0.004 0.009242144177449169
0 0.8835 0.3835489833641405 0.007 0.012939001848428836
0 0.884 0.3946395563770795 0.006 0.009242144177449169
0 0.847 0.4953789279112754 0.012 0.022181146025878003
0 0.843 0.4787430683918669 0.012 0.022181146025878003
0 0.822 0.4722735674676525 0.01 0.02033271719038817
0 0.8095 0.41497227356746763 0.007 0.012939001848428836
0 0.587 0.47597042513863214 0.012 0.02033271719038817
0 0.602 0.48428835489833644 0.006 0.014787430683918669
0 0.6025 0.4833641404805915 0.009 0.0166358595194085
0 0.576 0.49722735674676527 0.012 0.022181146025878003
0 0.632 0.47504621072088726 0.012 0.022181146025878003
0 0.63 0.4584103512014787 0.006 0.014787430683918669
0 0.644 0.5268022181146026 0.02 0.14417744916820702
0 0.748 0.4232902033271719 0.01 0.022181146025878003
0 0.7315 0.4195933456561922 0.007 0.014787430683918669
0 0.7395 0.4066543438077634 0.005 0.011090573012939002
0 0.7515 0.46487985212569316 0.017 0.10905730129390019
0 0.7545 0.48613678373382624 0.013 0.025878003696857672
0 0.756 0.41035120147874304 0.006 0.011090573012939002
0 0.7705 0.4029574861367837 0.007 0.014787430683918669
