0 0.8881293402777778 0.6488715277777778 0.006293402777777778 0.010127314814814815
0 0.8706597222222222 0.6540798611111112 0.005208333333333333 0.0078125
0 0.8528645833333334 0.6480034722222222 0.005208333333333333 0.0078125
0 0.8435329861111112 0.6526331018518519 0.005642361111111111 0.007233796296296296
0 0.7874348958333334 0.6452546296296297 0.006293402777777778 0.008101851851851851
0 0.7979600694444444 0.6338252314814815 0.0013020833333333333 0.002025462962962963
0 0.7762586805555556 0.6469907407407407 0.004340277777777778 0.00636574074074074
0 0.7674696180555556 0.6456886574074074 0.005425347222222222 0.007233796296296296
0 0.7416449652777778 0.6521990740740741 0.0028211805555555555 0.004050925925925926
0 0.6629774305555556 0.6419270833333334 0.0026041666666666665 0.004340277777777778
0 0.5913628472222222 0.6390335648148148 0.001736111111111111 0.0026041666666666665
0 0.5864800347222222 0.6390335648148148 0.001953125 0.0026041666666666665
0 0.3490668402777778 0.6383101851851852 0.0032552083333333335 0.004629629629629629
0 0.3220486111111111 0.6341145833333334 0.0030381944444444445 0.004340277777777778
0 0.3098958333333333 0.6365740740740741 0.0026041666666666665 0.004050925925925926
0 0.3030598958333333 0.6344039351851852 0.003689236111111111 0.004918981481481482
0 0.2764756944444444 0.6304976851851852 0.003472222222222222 0.012152777777777778
0 0.1742621527777778 0.6245659722222222 0.0013020833333333333 0.002025462962962963
0 0.1547309027777778 0.6384548611111112 0.0026041666666666665 0.003761574074074074
0 0.15028211805555555 0.6357060185185185 0.0028211805555555555 0.004050925925925926
0 0.14561631944444445 0.6231192129629629 0.0013020833333333333 0.002025462962962963
0 0.005967881944444444 0.6320891203703703 0.0028211805555555555 0.003761574074074074
0 0.5017361111111112 0.6429398148148148 0.004340277777777778 0.013888888888888888
0 0.4994574652777778 0.6384548611111112 0.0015190972222222222 0.002025462962962963
0 0.5219184027777778 0.6387442129629629 0.0013020833333333333 0.002025462962962963
0 0.20963541666666666 0.6251446759259259 0.0013020833333333333 0.002025462962962963
