0 0.0040625 0.5825 0.005625 0.009
0 0.010625 0.5835 0.005 0.009
0 0.0234375 0.587 0.005625 0.01
0 0.0465625 0.478 0.016875 0.026
0 0.10125 0.4795 0.01625 0.027
0 0.099375 0.577 0.005 0.008
0 0.1709375 0.579 0.005625 0.01
0 0.2278125 0.5815 0.005625 0.009
0 0.21375 0.591 0.00375 0.008
0 0.2040625 0.49 0.013125 0.026
0 0.21125 0.493 0.0125 0.02
0 0.2528125 0.5805 0.005625 0.009
0 0.250625 0.574 0.00375 0.008
0 0.26 0.5735 0.00375 0.007
0 0.2953125 0.504 0.013125 0.024
0 0.3578125 0.592 0.010625 0.018
0 0.388125 0.595 0.00875 0.014
0 0.4034375 0.5765 0.006875 0.017
0 0.5003125 0.5745 0.009375 0.017
0 0.5184375 0.527 0.010625 0.016
0 0.5325 0.515 0.01 0.02
0 0.561875 0.56 0.00875 0.016
0 0.5834375 0.585 0.006875 0.014
0 0.5975 0.5855 0.00625 0.011
0 0.6025 0.5975 0.00625 0.011
0 0.6078125 0.5105 0.011875 0.017
0 0.64625 0.5645 0.00375 0.005
0 0.680625 0.568 0.00375 0.006
0 0.7128125 0.567 0.004375 0.006
0 0.74375 0.5905 0.00375 0.007
0 0.789375 0.4935 0.01375 0.027
0 0.8146875 0.4825 0.015625 0.027
0 0.8334375 0.489 0.014375 0.026
0 0.8984375 0.583 0.008125 0.012
0 0.91 0.5835 0.00625 0.009
0 0.93625 0.5785 0.00625 0.011
0 0.9453125 0.603 0.004375 0.008
0 0.9534375 0.5915 0.006875 0.011
0 0.756875 0.551 0.005 0.016
0 0.7740625 0.5525 0.005625 0.017
0 0.6671875 0.5015 0.004375 0.015
0 0.659375 0.504 0.00375 0.014
0 0.656875 0.5035 0.00375 0.015
0 0.653125 0.505 0.00375 0.012
0 0.6503125 0.505 0.003125 0.012
0 0.55625 0.5025 0.00375 0.013
0 0.55375 0.502 0.00375 0.014
0 0.4490625 0.502 0.004375 0.014
0 0.4596875 0.5635 0.005625 0.019
0 0.495625 0.5505 0.005 0.015
0 0.5 0.5505 0.00375 0.015
