0 0.4028301886792453 0.8217821782178217 0.020754716981132074 0.016973125884016973
0 0.46226415094339623 0.8734087694483734 0.022641509433962263 0.018387553041018388
0 0.5226415094339623 0.830975954738331 0.022641509433962263 0.018387553041018388
0 0.5547169811320755 0.8635077793493635 0.018867924528301886 0.018387553041018388
0 0.6415094339622641 0.8380480905233381 0.018867924528301886 0.015558698727015558
0 0.7924528301886793 0.7178217821782178 0.018867924528301886 0.01272984441301273
0 0.7113207547169811 0.6619519094766619 0.01509433962264151 0.011315417256011316
0 0.3452830188679245 0.6315417256011315 0.01509433962264151 0.01272984441301273
0 0.40943396226415096 0.6435643564356436 0.01509433962264151 0.011315417256011316
0 0.5113207547169811 0.6216407355021216 0.01509433962264151 0.01272984441301273
0 0.6141509433962264 0.5926449787835927 0.013207547169811321 0.011315417256011316
0 0.6424528301886793 0.5905233380480905 0.013207547169811321 0.009900990099009901
0 0.35 0.5339462517680339 0.009433962264150943 0.007072135785007072
0 0.38301886792452833 0.5353606789250354 0.007547169811320755 0.007072135785007072
0 0.419811320754717 0.5728429985855729 0.013207547169811321 0.011315417256011316
0 0.4207547169811321 0.5643564356435643 0.018867924528301886 0.028288543140028287
0 0.4349056603773585 0.5544554455445545 0.009433962264150943 0.008486562942008486
0 0.4556603773584906 0.57991513437058 0.009433962264150943 0.008486562942008486
0 0.46320754716981133 0.5466760961810466 0.013207547169811321 0.009900990099009901
0 0.4679245283018868 0.5374823196605375 0.011320754716981131 0.011315417256011316
0 0.4811320754716981 0.5495049504950495 0.011320754716981131 0.01272984441301273
0 0.969811320754717 0.8288543140028288 0.022641509433962263 0.016973125884016973
0 0.5811320754716981 0.5247524752475248 0.011320754716981131 0.008486562942008486
0 0.5839622641509434 0.5183875530410184 0.009433962264150943 0.007072135785007072
0 0.6037735849056604 0.5205091937765205 0.007547169811320755 0.005657708628005658
0 0.6122641509433963 0.5162659123055162 0.013207547169811321 0.008486562942008486
0 0.4386792452830189 0.5 0.009433962264150943 0.007072135785007072
0 0.5018867924528302 0.46746817538896746 0.007547169811320755 0.007072135785007072
