0 0.8550873586844809 0.6535648994515539 0.32682425488180883 0.7221206581352834
0 0.6253854059609455 0.3857404021937843 0.17574511819116137 0.43144424131627057
0 0.5441932168550874 0.25045703839122485 0.14285714285714285 0.31078610603290674
0 0.48201438848920863 0.33455210237659966 0.09660842754367935 0.28153564899451555
0 0.42189105858170606 0.21115173674588666 0.09352517985611511 0.22120658135283364
0 0.3406988694758479 0.25502742230347347 0.0750256937307297 0.13711151736745886
0 0.3371017471736896 0.13619744058500913 0.06372045220966084 0.12979890310786105
0 0.29907502569373073 0.20292504570383912 0.04933196300102775 0.1170018281535649
0 0.2697841726618705 0.15356489945155394 0.044193216855087356 0.09140767824497258
0 0.25847893114080167 0.12979890310786105 0.03597122302158273 0.08409506398537477
0 0.2261048304213772 0.1526508226691042 0.03699897225077081 0.08592321755027423
0 0.1998972250770812 0.13254113345521024 0.03391572456320658 0.07861060329067641
0 0.23381294964028776 0.7486288848263254 0.1408016443987667 0.2687385740402194
0 0.223535457348407 0.5283363802559415 0.10174717368961973 0.20109689213893966
0 0.03597122302158273 0.19012797074954296 0.024665981500513873 0.043875685557586835
0 0.15467625899280577 0.2952468007312614 0.040082219938335044 0.08592321755027423
0 0.11664953751284686 0.2449725776965265 0.03391572456320658 0.07678244972577697
0 0.20966084275436794 0.3537477148080439 0.05755395683453238 0.11882998171846434
0 0.12076053442959918 0.20475319926873858 0.02774922918807811 0.05850091407678245
0 0.1197327852004111 0.18555758683729434 0.025693730729701953 0.056672760511883
0 0.18961973278520042 0.1910420475319927 0.017471736896197326 0.038391224862888484
0 0.17420349434737925 0.18281535648994515 0.017471736896197326 0.03656307129798903
0 0.13514902363823228 0.18555758683729434 0.02158273381294964 0.04204753199268738
0 0.08735868448098665 0.10329067641681901 0.008221993833504625 0.012797074954296161
0 0.041109969167523124 0.10694698354661791 0.006166495375128468 0.012797074954296161
0 0.05549845837615622 0.13071297989031078 0.024665981500513873 0.06398537477148081
0 0.8977389516957862 0.022851919561243144 0.20863309352517986 0.3382084095063985
0 0.6808838643371018 0.018281535648994516 0.15313463514902365 0.2522851919561243
0 0.5729701952723536 0.0018281535648994515 0.08324768756423433 0.17550274223034734
0 0.5164439876670093 0.04661791590493602 0.08941418293936279 0.16270566727605118
0 0.4527235354573484 0.018281535648994516 0.06680369989722508 0.1206581352833638
0 0.4516957862281603 0.01736745886654479 0.07091469681397738 0.12248628884826325
0 0.41161356628982526 0.03016453382084095 0.046248715313463515 0.10420475319926874
0 0.35868448098663924 0.03656307129798903 0.03905447070914697 0.09140767824497258
0 0.33093525179856115 0.037477148080438755 0.04316546762589928 0.08957952468007313
0 0.328365878725591 0.03656307129798903 0.040082219938335044 0.08775137111517367
0 0.289311408016444 0.043875685557586835 0.03597122302158273 0.07678244972577697
