0 0.08958333333333333 0.6038888888888889 0.029166666666666667 0.04777777777777778
0 0.1325 0.6016666666666667 0.03 0.05
0 0.11208333333333333 0.615 0.04583333333333333 0.05
0 0.23708333333333334 0.6738888888888889 0.0425 0.06555555555555556
0 0.19916666666666666 0.6083333333333333 0.04 0.056666666666666664
0 0.23 0.5883333333333334 0.03 0.05
0 0.28791666666666665 0.6127777777777778 0.0375 0.04111111111111111
0 0.26458333333333334 0.5616666666666666 0.024166666666666666 0.03888888888888889
0 0.23083333333333333 0.5872222222222222 0.035 0.05
0 0.3441666666666667 0.58 0.02666666666666667 0.035555555555555556
0 0.36083333333333334 0.5583333333333333 0.02 0.034444444444444444
0 0.41375 0.5861111111111111 0.025833333333333333 0.03666666666666667
0 0.4395833333333333 0.5811111111111111 0.0275 0.044444444444444446
0 0.46208333333333335 0.5505555555555556 0.024166666666666666 0.043333333333333335
0 0.5120833333333333 0.5766666666666667 0.019166666666666665 0.03111111111111111
0 0.5479166666666667 0.5516666666666666 0.019166666666666665 0.03
0 0.5991666666666666 0.5266666666666666 0.023333333333333334 0.035555555555555556
0 0.49625 0.5066666666666667 0.015833333333333335 0.024444444444444446
0 0.5325 0.5133333333333333 0.013333333333333334 0.022222222222222223
0 0.5475 0.51 0.013333333333333334 0.022222222222222223
0 0.5654166666666667 0.5077777777777778 0.014166666666666666 0.02
0 0.5304166666666666 0.49777777777777776 0.0125 0.02
0 0.58 0.5033333333333333 0.013333333333333334 0.015555555555555555
0 0.6108333333333333 0.5355555555555556 0.018333333333333333 0.02666666666666667
0 0.6395833333333333 0.49722222222222223 0.015833333333333335 0.021111111111111112
0 0.69 0.4811111111111111 0.02666666666666667 0.044444444444444446
0 0.5958333333333333 0.48055555555555557 0.01 0.014444444444444444
0 0.6029166666666667 0.48277777777777775 0.0125 0.021111111111111112
0 0.6229166666666667 0.4872222222222222 0.010833333333333334 0.01888888888888889
0 0.7683333333333333 0.43666666666666665 0.03166666666666667 0.051111111111111114
0 0.8291666666666667 0.4311111111111111 0.03833333333333333 0.05555555555555555
0 0.8629166666666667 0.2777777777777778 0.0325 0.044444444444444446
0 0.8816666666666667 0.24333333333333335 0.03166666666666667 0.051111111111111114
0 0.7320833333333333 0.58 0.0525 0.09111111111111111
