0 0.011666666666666667 0.680952380952381 0.0033333333333333335 0.006349206349206349
0 0.025416666666666667 0.6936507936507936 0.0075 0.031746031746031744
0 0.04416666666666667 0.6904761904761905 0.0033333333333333335 0.006349206349206349
0 0.059583333333333335 0.6888888888888889 0.0025 0.0031746031746031746
0 0.011666666666666667 0.723015873015873 0.005 0.007936507936507936
0 0.005416666666666667 0.8587301587301587 0.005833333333333334 0.012698412698412698
0 0.0125 0.8468253968253968 0.008333333333333333 0.01746031746031746
0 0.04375 0.8333333333333334 0.0075 0.012698412698412698
0 0.1025 0.7126984126984127 0.0033333333333333335 0.006349206349206349
0 0.1175 0.719047619047619 0.0033333333333333335 0.006349206349206349
0 0.13 0.7174603174603175 0.0033333333333333335 0.006349206349206349
0 0.1475 0.7206349206349206 0.0033333333333333335 0.006349206349206349
0 0.16833333333333333 0.726984126984127 0.0033333333333333335 0.006349206349206349
0 0.16916666666666666 0.7246031746031746 0.0033333333333333335 0.007936507936507936
0 0.185 0.7277777777777777 0.0033333333333333335 0.007936507936507936
0 0.11958333333333333 0.7515873015873016 0.004166666666666667 0.007936507936507936
0 0.12708333333333333 0.7436507936507937 0.004166666666666667 0.007936507936507936
0 0.21208333333333335 0.7682539682539683 0.004166666666666667 0.009523809523809525
0 0.22208333333333333 0.7674603174603175 0.005833333333333334 0.011111111111111112
0 0.23541666666666666 0.7412698412698413 0.004166666666666667 0.009523809523809525
0 0.2475 0.7404761904761905 0.0033333333333333335 0.007936507936507936
0 0.24541666666666667 0.7325396825396825 0.004166666666666667 0.007936507936507936
0 0.3804166666666667 0.8055555555555556 0.005833333333333334 0.014285714285714285
0 0.39708333333333334 0.7841269841269841 0.004166666666666667 0.009523809523809525
0 0.4216666666666667 0.7761904761904762 0.005 0.009523809523809525
0 0.4245833333333333 0.7587301587301587 0.004166666666666667 0.009523809523809525
0 0.4325 0.7746031746031746 0.005 0.009523809523809525
0 0.44375 0.7666666666666667 0.004166666666666667 0.009523809523809525
0 0.44083333333333335 0.7555555555555555 0.005 0.009523809523809525
0 0.47 0.7523809523809524 0.005 0.009523809523809525
0 0.4866666666666667 0.746031746031746 0.005 0.009523809523809525
0 0.49041666666666667 0.765079365079365 0.0075 0.050793650793650794
0 0.5095833333333334 0.7182539682539683 0.004166666666666667 0.007936507936507936
0 0.5179166666666667 0.7388888888888889 0.004166666666666667 0.007936507936507936
0 0.5229166666666667 0.7444444444444445 0.004166666666666667 0.009523809523809525
0 0.5275 0.7555555555555555 0.005 0.009523809523809525
0 0.5216666666666666 0.7936507936507936 0.005 0.012698412698412698
0 0.5925 0.773015873015873 0.005 0.009523809523809525
0 0.60375 0.7452380952380953 0.004166666666666667 0.007936507936507936
0 0.5975 0.7380952380952381 0.005 0.009523809523809525
0 0.58625 0.7357142857142858 0.004166666666666667 0.007936507936507936
0 0.62625 0.7341269841269841 0.004166666666666667 0.007936507936507936
0 0.62625 0.723015873015873 0.004166666666666667 0.007936507936507936
0 0.5829166666666666 0.7277777777777777 0.0075 0.04285714285714286
0 0.57875 0.7071428571428572 0.004166666666666667 0.007936507936507936
0 0.6283333333333333 0.6976190476190476 0.0033333333333333335 0.007936507936507936
0 0.635 0.6968253968253968 0.0033333333333333335 0.006349206349206349
0 0.6604166666666667 0.7206349206349206 0.004166666666666667 0.009523809523809525
0 0.66625 0.7142857142857143 0.004166666666666667 0.006349206349206349
0 0.6683333333333333 0.7087301587301588 0.005 0.011111111111111112
0 0.675 0.7047619047619048 0.0033333333333333335 0.006349206349206349
0 0.6908333333333333 0.7206349206349206 0.0033333333333333335 0.006349206349206349
0 0.6945833333333333 0.7206349206349206 0.004166666666666667 0.009523809523809525
0 0.6945833333333333 0.703968253968254 0.004166666666666667 0.007936507936507936
0 0.7058333333333333 0.7087301587301588 0.0033333333333333335 0.007936507936507936
0 0.7020833333333333 0.6936507936507936 0.004166666666666667 0.006349206349206349
0 0.73625 0.7174603174603175 0.004166666666666667 0.009523809523809525
0 0.7395833333333334 0.719047619047619 0.004166666666666667 0.009523809523809525
0 0.7458333333333333 0.7428571428571429 0.008333333333333333 0.04126984126984127
0 0.7504166666666666 0.723015873015873 0.004166666666666667 0.007936507936507936
0 0.7620833333333333 0.7150793650793651 0.004166666666666667 0.007936507936507936
0 0.7729166666666667 0.7373015873015873 0.0125 0.05873015873015873
0 0.78 0.7404761904761905 0.008333333333333333 0.03650793650793651
0 0.78625 0.7174603174603175 0.004166666666666667 0.012698412698412698
0 0.78875 0.7055555555555556 0.004166666666666667 0.007936507936507936
0 0.7958333333333333 0.703968253968254 0.0033333333333333335 0.007936507936507936
0 0.8033333333333333 0.6817460317460318 0.0033333333333333335 0.007936507936507936
0 0.81125 0.6825396825396826 0.0025 0.006349206349206349
0 0.8083333333333333 0.7142857142857143 0.005 0.009523809523809525
0 0.8195833333333333 0.7198412698412698 0.004166666666666667 0.007936507936507936
0 0.8275 0.6833333333333333 0.006666666666666667 0.03968253968253968
0 0.87625 0.6904761904761905 0.005833333333333334 0.031746031746031744
0 0.8816666666666667 0.6936507936507936 0.006666666666666667 0.03492063492063492
0 0.8808333333333334 0.6873015873015873 0.0033333333333333335 0.006349206349206349
0 0.8658333333333333 0.7206349206349206 0.006666666666666667 0.04126984126984127
0 0.8695833333333334 0.7253968253968254 0.0075 0.044444444444444446
0 0.8845833333333334 0.6992063492063492 0.004166666666666667 0.007936507936507936
0 0.8945833333333333 0.6880952380952381 0.004166666666666667 0.007936507936507936
0 0.9029166666666667 0.7031746031746032 0.004166666666666667 0.009523809523809525
0 0.9004166666666666 0.6865079365079365 0.0025 0.004761904761904762
0 0.9108333333333334 0.7674603174603175 0.0033333333333333335 0.007936507936507936
0 0.9216666666666666 0.7785714285714286 0.013333333333333334 0.05873015873015873
0 0.91375 0.6841269841269841 0.004166666666666667 0.006349206349206349
0 0.9183333333333333 0.6841269841269841 0.0033333333333333335 0.006349206349206349
0 0.94 0.6841269841269841 0.0033333333333333335 0.006349206349206349
0 0.9516666666666667 0.6857142857142857 0.0033333333333333335 0.006349206349206349
0 0.9604166666666667 0.7 0.005833333333333334 0.0380952380952381
0 0.9645833333333333 0.7007936507936507 0.0075 0.03968253968253968
0 0.9720833333333333 0.7087301587301588 0.004166666666666667 0.007936507936507936
