0 0.34326923076923077 0.5916666666666667 0.02403846153846154 0.03974358974358974
0 0.41009615384615383 0.59375 0.022115384615384617 0.041987179487179484
0 0.46670673076923075 0.5817307692307693 0.024278846153846154 0.04294871794871795
0 0.5516826923076923 0.5581730769230769 0.023076923076923078 0.03878205128205128
0 0.6258413461538461 0.5685897435897436 0.02716346153846154 0.04038461538461539
0 0.5941105769230769 0.533974358974359 0.023317307692307693 0.038461538461538464
0 0.5234375 0.5419871794871794 0.020913461538461537 0.03653846153846154
0 0.5433894230769231 0.5028846153846154 0.023317307692307693 0.035897435897435895
0 0.4905048076923077 0.5448717948717948 0.024278846153846154 0.04230769230769231
0 0.4375 0.5384615384615384 0.020192307692307693 0.03653846153846154
0 0.31430288461538464 0.5363782051282051 0.024278846153846154 0.04006410256410257
0 0.34771634615384617 0.5301282051282051 0.02139423076923077 0.03717948717948718
0 0.3655048076923077 0.5516025641025641 0.020913461538461537 0.03717948717948718
0 0.39603365384615385 0.5266025641025641 0.020913461538461537 0.03653846153846154
0 0.3530048076923077 0.492948717948718 0.023317307692307693 0.038461538461538464
0 0.4091346153846154 0.49407051282051284 0.021153846153846155 0.0342948717948718
0 0.4675480769230769 0.5064102564102564 0.01971153846153846 0.03141025641025641
