0 1.0044191919191918 0.9188762626262627 0.03156565656565657 0.058712121212121215
0 0.9082491582491582 0.9861111111111112 0.037037037037037035 0.05555555555555555
0 0.8377525252525253 0.8923611111111112 0.032407407407407406 0.05113636363636364
0 0.7203282828282829 0.7689393939393939 0.013047138047138047 0.020202020202020204
0 0.7093855218855218 0.77114898989899 0.010521885521885523 0.017045454545454544
0 0.6835016835016835 0.7556818181818182 0.01430976430976431 0.026515151515151516
0 0.6462542087542088 0.7724116161616161 0.016414141414141416 0.025883838383838384
0 0.6060606060606061 0.7698863636363636 0.015151515151515152 0.025883838383838384
0 0.5888047138047138 0.7878787878787878 0.011784511784511785 0.01893939393939394
0 0.5730218855218855 0.7872474747474747 0.015572390572390573 0.027777777777777776
0 0.5780723905723906 0.7676767676767676 0.014730639730639731 0.025252525252525252
0 0.5740740740740741 0.7610479797979798 0.010101010101010102 0.017045454545454544
0 0.5782828282828283 0.7077020202020202 0.004208754208754209 0.006313131313131313
0 0.5542929292929293 0.7051767676767676 0.005050505050505051 0.007575757575757576
0 0.5585016835016835 0.7051767676767676 0.004208754208754209 0.006313131313131313
0 0.5248316498316499 0.6979166666666666 0.003367003367003367 0.006944444444444444
0 0.5279882154882155 0.6884469696969697 0.003787878787878788 0.006944444444444444
0 0.5315656565656566 0.6881313131313131 0.003367003367003367 0.005050505050505051
0 0.5187289562289562 0.6890782828282829 0.002946127946127946 0.006944444444444444
0 0.5039983164983165 0.69760101010101 0.003787878787878788 0.006313131313131313
0 0.4572811447811448 0.711489898989899 0.006313131313131313 0.008838383838383838
0 0.4375 0.7099116161616161 0.004629629629629629 0.010732323232323232
0 0.4356060606060606 0.7105429292929293 0.005050505050505051 0.008207070707070708
0 0.43623737373737376 0.6953914141414141 0.003787878787878788 0.008207070707070708
0 0.45075757575757575 0.6938131313131313 0.003367003367003367 0.006313131313131313
0 0.4659090909090909 0.6938131313131313 0.003367003367003367 0.006313131313131313
0 0.4741161616161616 0.6982323232323232 0.003787878787878788 0.006313131313131313
0 0.4690656565656566 0.6925505050505051 0.002946127946127946 0.005050505050505051
0 0.4810606060606061 0.69760101010101 0.003367003367003367 0.005050505050505051
0 0.4941077441077441 0.6903409090909091 0.0025252525252525255 0.004419191919191919
0 0.5119949494949495 0.7001262626262627 0.006313131313131313 0.026515151515151516
0 0.5077861952861953 0.6903409090909091 0.003787878787878788 0.006944444444444444
0 0.3367003367003367 0.7679924242424242 0.01430976430976431 0.02462121212121212
0 0.4764309764309764 0.6871843434343434 0.003367003367003367 0.005681818181818182
