0 0.9228515625 0.9597364568081991 0.01171875 0.024890190336749635
0 0.89453125 0.9326500732064422 0.013671875 0.020497803806734993
0 0.88134765625 0.842606149341142 0.0126953125 0.024890190336749635
0 0.853515625 0.8872620790629575 0.01171875 0.02342606149341142
0 0.8271484375 0.8733528550512445 0.01171875 0.01903367496339678
0 0.8203125 0.8718887262079063 0.009765625 0.016105417276720352
0 0.81298828125 0.8653001464128843 0.0107421875 0.020497803806734993
0 0.7998046875 0.8645680819912153 0.01171875 0.01903367496339678
0 0.78515625 0.8587115666178624 0.009765625 0.016105417276720352
0 0.77880859375 0.8455344070278185 0.0087890625 0.013177159590043924
0 0.76904296875 0.8777452415812591 0.0205078125 0.05710102489019034
0 0.703125 0.9787701317715959 0.015625 0.021961932650073207
0 0.72265625 1.0161054172767203 0.03515625 0.12884333821376281
0 0.6396484375 0.9882869692532943 0.017578125 0.029282576866764276
0 0.62158203125 0.9802342606149341 0.0185546875 0.03074670571010249
0 0.6640625 0.9509516837481699 0.017578125 0.024890190336749635
0 0.66259765625 0.9509516837481699 0.0146484375 0.021961932650073207
0 0.70556640625 0.9472913616398243 0.0146484375 0.020497803806734993
0 0.72216796875 0.8740849194729137 0.0107421875 0.02342606149341142
0 0.677734375 0.917276720351391 0.013671875 0.024890190336749635
0 0.6865234375 0.9114202049780381 0.01171875 0.01903367496339678
0 0.69287109375 0.9048316251830161 0.0107421875 0.02342606149341142
0 0.68115234375 0.8850658857979502 0.0126953125 0.021961932650073207
0 0.66796875 0.9194729136163983 0.013671875 0.02342606149341142
0 0.66259765625 0.9026354319180088 0.0126953125 0.016105417276720352
0 0.6630859375 0.8828696925329429 0.01171875 0.020497803806734993
0 0.6396484375 0.9297218155197657 0.015625 0.02635431918008785
0 0.62939453125 0.9194729136163983 0.0126953125 0.02342606149341142
0 0.6513671875 0.9084919472913616 0.013671875 0.021961932650073207
0 0.650390625 0.9092240117130308 0.013671875 0.02342606149341142
0 0.6201171875 0.8799414348462665 0.01171875 0.02342606149341142
0 0.62890625 0.8843338213762811 0.01171875 0.020497803806734993
0 0.580078125 0.904099560761347 0.013671875 0.024890190336749635
0 0.64892578125 0.8506588579795022 0.0107421875 0.017569546120058566
0 0.62841796875 0.7686676427525623 0.0068359375 0.01171303074670571
0 0.650390625 0.7628111273792094 0.005859375 0.008784773060029283
0 0.66796875 0.7730600292825769 0.021484375 0.0527086383601757
0 0.65966796875 0.7723279648609077 0.0224609375 0.05417276720351391
0 0.59814453125 0.732796486090776 0.0048828125 0.007320644216691069
0 0.59521484375 0.7459736456808199 0.0048828125 0.007320644216691069
0 0.5791015625 0.8001464128843339 0.0078125 0.016105417276720352
0 0.56494140625 0.7979502196193266 0.0048828125 0.008784773060029283
0 0.5849609375 0.7715959004392386 0.0078125 0.01171303074670571
0 0.53125 0.8052708638360175 0.009765625 0.014641288433382138
0 0.50732421875 0.8118594436310396 0.0087890625 0.016105417276720352
0 0.51513671875 0.7964860907759883 0.0048828125 0.008784773060029283
0 0.5244140625 0.7759882869692533 0.005859375 0.008784773060029283
0 0.5625 0.773792093704246 0.005859375 0.010248901903367497
0 0.54833984375 0.767203513909224 0.0068359375 0.008784773060029283
0 0.54296875 0.7620790629575402 0.00390625 0.007320644216691069
0 0.568359375 0.7642752562225475 0.0078125 0.008784773060029283
0 0.5732421875 0.7349926793557833 0.005859375 0.008784773060029283
0 0.5615234375 0.7306002928257687 0.005859375 0.008784773060029283
0 0.5400390625 0.7247437774524158 0.00390625 0.005856515373352855
0 0.5341796875 0.726207906295754 0.00390625 0.005856515373352855
0 0.5244140625 0.7115666178623719 0.00390625 0.005856515373352855
0 0.53271484375 0.7108345534407028 0.0029296875 0.004392386530014641
0 0.5205078125 0.7086383601756955 0.00390625 0.005856515373352855
0 0.4716796875 0.7423133235724744 0.005859375 0.01171303074670571
0 0.462890625 0.7745241581259151 0.015625 0.06734992679355783
0 0.46142578125 0.7474377745241582 0.0048828125 0.007320644216691069
0 0.4404296875 0.7628111273792094 0.0078125 0.01171303074670571
0 0.41845703125 0.7562225475841874 0.0068359375 0.010248901903367497
0 0.40966796875 0.7547584187408491 0.0068359375 0.010248901903367497
0 0.4306640625 0.7547584187408491 0.005859375 0.010248901903367497
0 0.4638671875 0.7130307467057101 0.00390625 0.005856515373352855
0 0.48486328125 0.7152269399707174 0.0048828125 0.007320644216691069
0 0.4755859375 0.7108345534407028 0.00390625 0.007320644216691069
0 0.4560546875 0.7115666178623719 0.00390625 0.005856515373352855
0 0.44970703125 0.7232796486090776 0.0087890625 0.03513909224011713
0 0.4970703125 0.7013177159590044 0.00390625 0.005856515373352855
0 0.50341796875 0.7020497803806734 0.0068359375 0.03074670571010249
0 0.373046875 0.8682284040995608 0.009765625 0.017569546120058566
0 0.32958984375 0.8960468521229868 0.0146484375 0.029282576866764276
0 0.2841796875 0.8689604685212299 0.01171875 0.021961932650073207
0 0.1474609375 0.8982430453879942 0.015625 0.027818448023426062
0 0.1328125 0.8923865300146413 0.013671875 0.024890190336749635
0 0.17919921875 0.83601756954612 0.0107421875 0.017569546120058566
0 0.1982421875 0.7979502196193266 0.009765625 0.014641288433382138
0 0.22802734375 0.8008784773060029 0.0087890625 0.01171303074670571
0 0.2529296875 0.7935578330893118 0.009765625 0.014641288433382138
0 0.337890625 0.7371888726207906 0.00390625 0.007320644216691069
0 0.283203125 0.7269399707174231 0.0078125 0.013177159590043924
0 0.2978515625 0.7247437774524158 0.005859375 0.008784773060029283
0 0.3046875 0.7240117130307467 0.005859375 0.010248901903367497
0 0.31103515625 0.7386530014641288 0.0185546875 0.048316251830161056
0 0.173828125 0.7364568081991215 0.0078125 0.01171303074670571
0 0.02587890625 0.8140556368960469 0.0107421875 0.020497803806734993
0 0.01318359375 0.8177159590043924 0.0107421875 0.016105417276720352
0 0.01806640625 0.7891654465592972 0.0087890625 0.014641288433382138
0 0.033203125 0.7679355783308931 0.009765625 0.0424597364568082
0 0.01220703125 0.7093704245973645 0.0068359375 0.007320644216691069
0 0.013671875 0.6881405563689604 0.00390625 0.005856515373352855
