0 0.8890625 0.9822916666666667 0.0125 0.022916666666666665
0 0.815625 0.9447916666666667 0.015625 0.022916666666666665
0 0.784375 0.9520833333333333 0.0125 0.020833333333333332
0 0.7515625 0.9427083333333334 0.0125 0.022916666666666665
0 0.7203125 0.9729166666666667 0.0125 0.020833333333333332
0 0.71875 0.946875 0.0125 0.022916666666666665
0 0.67421875 0.9489583333333333 0.0140625 0.01875
0 0.6921875 0.925 0.0125 0.020833333333333332
0 0.63828125 0.9291666666666667 0.0109375 0.016666666666666666
0 0.64921875 0.9114583333333334 0.0109375 0.01875
0 0.68359375 0.896875 0.0140625 0.01875
0 0.7109375 0.8885416666666667 0.0125 0.01875
0 0.73515625 0.8229166666666666 0.0109375 0.020833333333333332
0 0.75 0.8260416666666667 0.0125 0.01875
0 0.64140625 0.8770833333333333 0.0109375 0.020833333333333332
0 0.66015625 0.8510416666666667 0.0109375 0.01875
0 0.67265625 0.8416666666666667 0.0109375 0.016666666666666666
0 0.64921875 0.834375 0.0109375 0.014583333333333334
0 0.66796875 0.8239583333333333 0.0109375 0.014583333333333334
0 0.659375 0.8114583333333333 0.009375 0.014583333333333334
0 0.671875 0.8145833333333333 0.009375 0.0125
0 0.63125 0.8614583333333333 0.009375 0.014583333333333334
0 0.6359375 0.8177083333333334 0.009375 0.014583333333333334
0 0.63671875 0.7875 0.0109375 0.016666666666666666
0 0.61171875 0.840625 0.0078125 0.014583333333333334
0 0.615625 0.8229166666666666 0.009375 0.016666666666666666
0 0.59296875 0.921875 0.0140625 0.022916666666666665
0 0.56484375 0.9302083333333333 0.0140625 0.022916666666666665
0 0.59296875 0.8604166666666667 0.0109375 0.016666666666666666
0 0.56796875 0.828125 0.0109375 0.014583333333333334
0 0.58046875 0.825 0.0078125 0.0125
0 0.53515625 0.86875 0.0109375 0.016666666666666666
0 0.521875 0.8364583333333333 0.009375 0.01875
0 0.50078125 0.8416666666666667 0.0109375 0.016666666666666666
0 0.4609375 0.84375 0.009375 0.0125
0 0.42421875 0.8427083333333333 0.0109375 0.014583333333333334
0 0.41015625 0.85625 0.0140625 0.020833333333333332
0 0.37421875 0.9270833333333334 0.0109375 0.016666666666666666
0 0.3828125 0.8677083333333333 0.009375 0.014583333333333334
0 0.3546875 0.99375 0.0125 0.020833333333333332
0 0.3375 0.9364583333333333 0.009375 0.01875
0 0.35546875 0.9114583333333334 0.0109375 0.01875
0 0.31171875 0.9895833333333334 0.0265625 0.05416666666666667
0 0.2921875 0.9270833333333334 0.0125 0.020833333333333332
0 0.31328125 0.9104166666666667 0.0140625 0.025
0 0.32890625 0.9020833333333333 0.0140625 0.020833333333333332
0 0.2703125 0.9489583333333333 0.0125 0.01875
0 0.25078125 0.9322916666666666 0.0140625 0.01875
0 0.215625 0.9239583333333333 0.009375 0.01875
0 0.2390625 0.90625 0.0125 0.020833333333333332
0 0.26875 0.9072916666666667 0.0125 0.01875
0 0.24375 0.85625 0.0125 0.016666666666666666
0 0.2796875 0.8572916666666667 0.0125 0.01875
0 0.3234375 0.8520833333333333 0.009375 0.016666666666666666
0 0.34921875 0.85625 0.0109375 0.016666666666666666
0 0.30703125 0.8375 0.0109375 0.016666666666666666
0 0.30625 0.8395833333333333 0.009375 0.016666666666666666
0 0.284375 0.834375 0.009375 0.014583333333333334
0 0.2640625 0.8291666666666667 0.009375 0.016666666666666666
0 0.275 0.8041666666666667 0.009375 0.016666666666666666
0 0.2671875 0.7677083333333333 0.009375 0.014583333333333334
0 0.24296875 0.7770833333333333 0.0078125 0.0125
0 0.2375 0.7666666666666667 0.009375 0.0125
0 0.2203125 0.76875 0.009375 0.0125
0 0.225 0.7416666666666667 0.009375 0.016666666666666666
0 0.33828125 0.821875 0.0078125 0.014583333333333334
0 0.36875 0.8229166666666666 0.009375 0.016666666666666666
0 0.38671875 0.8447916666666667 0.0109375 0.01875
0 0.4 0.809375 0.0125 0.014583333333333334
0 0.328125 0.8 0.009375 0.016666666666666666
0 0.35546875 0.796875 0.0109375 0.01875
0 0.3328125 0.7697916666666667 0.009375 0.014583333333333334
0 0.31953125 0.7604166666666666 0.0078125 0.0125
0 0.33828125 0.7614583333333333 0.0078125 0.014583333333333334
0 0.35859375 0.7625 0.0109375 0.016666666666666666
0 0.37890625 0.7625 0.0078125 0.016666666666666666
0 0.425 0.8125 0.009375 0.0125
0 0.45625 0.796875 0.009375 0.014583333333333334
0 0.4328125 0.7791666666666667 0.009375 0.0125
0 0.4625 0.7729166666666667 0.009375 0.0125
0 0.4015625 0.7635416666666667 0.009375 0.014583333333333334
0 0.4140625 0.79375 0.01875 0.075
0 0.41328125 0.7291666666666666 0.0078125 0.0125
0 0.43046875 0.7416666666666667 0.0078125 0.0125
0 0.4421875 0.7697916666666667 0.00625 0.010416666666666666
0 0.44296875 0.7447916666666666 0.0078125 0.010416666666666666
0 0.44765625 0.7510416666666667 0.0078125 0.010416666666666666
0 0.46796875 0.7489583333333333 0.0078125 0.010416666666666666
0 0.46171875 0.7260416666666667 0.0078125 0.010416666666666666
0 0.45234375 0.7229166666666667 0.0078125 0.016666666666666666
0 0.50625 0.7875 0.009375 0.0125
0 0.5265625 0.7979166666666667 0.009375 0.016666666666666666
0 0.49765625 0.7583333333333333 0.0078125 0.0125
0 0.49765625 0.7260416666666667 0.0078125 0.010416666666666666
0 0.51484375 0.73125 0.0078125 0.0125
0 0.55703125 0.7427083333333333 0.0078125 0.010416666666666666
0 0.58203125 0.7458333333333333 0.0078125 0.0125
0 0.6078125 0.7510416666666667 0.009375 0.014583333333333334
0 0.59609375 0.7583333333333333 0.0078125 0.0125
0 0.62421875 0.7447916666666666 0.0109375 0.014583333333333334
0 0.65 0.7208333333333333 0.009375 0.0125
0 0.31796875 0.7479166666666667 0.0078125 0.008333333333333333
0 0.32421875 0.7333333333333333 0.0078125 0.0125
0 0.3484375 0.7322916666666667 0.00625 0.010416666666666666
0 0.35234375 0.75 0.0109375 0.016666666666666666
0 0.37890625 0.7125 0.0078125 0.0125
0 0.36171875 0.7135416666666666 0.0078125 0.014583333333333334
0 0.53125 0.7135416666666666 0.00625 0.00625
0 0.58125 0.7447916666666666 0.009375 0.014583333333333334
0 0.59921875 0.696875 0.0078125 0.010416666666666666
0 0.5765625 0.7010416666666667 0.00625 0.010416666666666666
0 0.62578125 0.715625 0.0078125 0.010416666666666666
0 0.63984375 0.7083333333333334 0.0078125 0.0125
0 0.2515625 0.7354166666666667 0.009375 0.0125
