0 0.89 0.15730337078651685 0.03166666666666667 0.06491885143570537
0 0.7658333333333334 0.22284644194756553 0.04833333333333333 0.10611735330836454
0 0.7754166666666666 0.42696629213483145 0.04583333333333333 0.09737827715355805
0 0.6633333333333333 0.4787765293383271 0.055 0.11610486891385768
0 0.5870833333333333 0.24781523096129837 0.04583333333333333 0.10362047440699126
0 0.6108333333333333 0.11922596754057428 0.041666666666666664 0.07865168539325842
0 0.7229166666666667 0.05493133583021224 0.035833333333333335 0.07740324594257178
0 0.06833333333333333 -0.11485642946317104 0.03 0.04244694132334582
0 0.12041666666666667 0.03682896379525593 0.0375 0.09363295880149813
0 0.21416666666666667 0.1523096129837703 0.04 0.07990012484394507
0 0.29833333333333334 -0.008739076154806492 0.03166666666666667 0.062421972534332085
0 0.28291666666666665 0.09238451935081149 0.0425 0.0898876404494382
0 0.41875 0.05118601747815231 0.0425 0.0898876404494382
0 0.4816666666666667 0.149812734082397 0.045 0.09737827715355805
0 0.43125 0.2565543071161049 0.04416666666666667 0.10362047440699126
0 0.5475 0.01373283395755306 0.041666666666666664 0.06491885143570537
0 0.4141666666666667 0.4431960049937578 0.04833333333333333 0.07990012484394507
