0 0.15 0.876782884310618 0.0077777777777777776 0.015055467511885896
0 0.15555555555555556 0.8565768621236133 0.005555555555555556 0.00792393026941363
0 0.16194444444444445 0.873217115689382 0.008333333333333333 0.01584786053882726
0 0.18444444444444444 0.8090332805071315 0.0022222222222222222 0.003169572107765452
0 0.19083333333333333 0.811014263074485 0.002777777777777778 0.003961965134706815
0 0.20277777777777778 0.8066561014263075 0.0033333333333333335 0.004754358161648178
0 0.9058333333333334 0.8490491283676703 0.006111111111111111 0.010301109350237718
0 0.9136111111111112 0.845879556259905 0.008333333333333333 0.010301109350237718
0 0.8458333333333333 0.743660855784469 0.006111111111111111 0.018225039619651346
0 0.8641666666666666 0.7440570522979397 0.005 0.01584786053882726
0 0.7519444444444444 0.7393026941362916 0.002777777777777778 0.003169572107765452
0 0.7330555555555556 0.7432646592709984 0.0038888888888888888 0.014263074484944533
0 0.7180555555555556 0.7416798732171157 0.005 0.022187004754358162
0 0.6527777777777778 0.7460380348652932 0.005555555555555556 0.021394611727416798
0 0.6302777777777778 0.7416798732171157 0.005 0.02377179080824089
0 0.6266666666666667 0.731378763866878 0.0022222222222222222 0.003169572107765452
0 0.5758333333333333 0.7420760697305864 0.005 0.018225039619651346
0 0.5716666666666667 0.7361331220285261 0.0022222222222222222 0.003169572107765452
0 0.5655555555555556 0.7337559429477021 0.0022222222222222222 0.003169572107765452
0 0.5602777777777778 0.7345483359746434 0.0016666666666666668 0.003169572107765452
0 0.5536111111111112 0.741283676703645 0.005 0.019809825673534072
0 0.5491666666666667 0.741283676703645 0.006111111111111111 0.019809825673534072
0 0.4936111111111111 0.7353407290015848 0.0016666666666666668 0.003169572107765452
0 0.48833333333333334 0.7341521394611727 0.0022222222222222222 0.003961965134706815
0 0.375 0.7369255150554676 0.0022222222222222222 0.003169572107765452
0 0.37 0.7345483359746434 0.0022222222222222222 0.003169572107765452
0 0.31194444444444447 0.7428684627575277 0.006111111111111111 0.018225039619651346
0 0.29694444444444446 0.7385103011093502 0.002777777777777778 0.004754358161648178
0 0.18611111111111112 0.7345483359746434 0.0022222222222222222 0.003169572107765452
0 0.20555555555555555 0.8137876386687797 0.0044444444444444444 0.017432646592709985
