0 0.6348958333333333 0.23055555555555557 0.09270833333333334 0.14722222222222223
0 0.2755208333333333 0.26180555555555557 0.090625 0.17083333333333334
0 0.7604166666666666 0.3541666666666667 0.125 0.2111111111111111
0 0.46927083333333336 0.5006944444444444 0.23645833333333333 0.4625
0 0.9 0.2222222222222222 0.020833333333333332 0.030555555555555555
0 0.9098958333333333 0.1951388888888889 0.009375 0.0125
0 0.8880208333333334 0.19027777777777777 0.011458333333333333 0.016666666666666666
0 0.8458333333333333 0.13819444444444445 0.008333333333333333 0.0125
0 0.796875 0.20347222222222222 0.01875 0.03194444444444444
0 0.7541666666666667 0.09930555555555555 0.00625 0.009722222222222222
0 0.7359375 0.09930555555555555 0.007291666666666667 0.009722222222222222
0 0.7520833333333333 0.05 0.00625 0.008333333333333333
0 0.740625 0.04513888888888889 0.00625 0.009722222222222222
0 0.6463541666666667 0.059027777777777776 0.005208333333333333 0.006944444444444444
0 0.6427083333333333 0.044444444444444446 0.00625 0.008333333333333333
0 0.6083333333333333 0.05 0.00625 0.008333333333333333
0 0.596875 0.11597222222222223 0.00625 0.006944444444444444
0 0.12135416666666667 0.19930555555555557 0.017708333333333333 0.029166666666666667
0 0.16302083333333334 0.1909722222222222 0.021875 0.029166666666666667
0 0.3494791666666667 0.20972222222222223 0.026041666666666668 0.03333333333333333
0 0.5776041666666667 0.11319444444444444 0.005208333333333333 0.009722222222222222
0 0.5588541666666667 0.041666666666666664 0.005208333333333333 0.008333333333333333
0 0.5354166666666667 0.0375 0.004166666666666667 0.005555555555555556
0 0.5421875 0.044444444444444446 0.005208333333333333 0.008333333333333333
0 0.5197916666666667 0.05277777777777778 0.004166666666666667 0.008333333333333333
0 -0.008854166666666666 0.19444444444444445 0.04479166666666667 0.06388888888888888
0 0.5875 0.04027777777777778 0.00625 0.011111111111111112
0 0.5536458333333333 0.11805555555555555 0.009375 0.013888888888888888
