0 0.12060546875 0.986822840409956 0.0126953125 0.020497803806734993
0 0.13330078125 0.9333821376281113 0.0126953125 0.01903367496339678
0 0.15283203125 0.8806734992679356 0.0107421875 0.016105417276720352
0 0.16796875 0.9575402635431918 0.01171875 0.017569546120058566
0 0.1826171875 0.9919472913616398 0.025390625 0.13323572474377746
0 0.18359375 1.033674963396779 0.02734375 0.13177159590043924
0 0.20458984375 1.0424597364568082 0.0263671875 0.13469985358711567
0 0.2431640625 0.9568081991215227 0.01171875 0.021961932650073207
0 0.26708984375 0.9282576866764275 0.0107421875 0.017569546120058566
0 0.28515625 0.9333821376281113 0.01171875 0.021961932650073207
0 0.322265625 0.9612005856515373 0.01171875 0.01903367496339678
0 0.34521484375 0.9670571010248902 0.0107421875 0.01903367496339678
0 0.34912109375 0.8887262079062958 0.0126953125 0.017569546120058566
0 0.3564453125 0.9224011713030746 0.01171875 0.017569546120058566
0 0.3740234375 1.0241581259150805 0.029296875 0.12445095168374817
0 0.4013671875 0.9604685212298683 0.01171875 0.020497803806734993
0 0.21533203125 0.7825768667642753 0.0087890625 0.013177159590043924
0 0.22705078125 0.7906295754026355 0.0087890625 0.01171303074670571
0 0.22265625 0.822108345534407 0.0078125 0.010248901903367497
0 0.23095703125 0.8382137628111274 0.0087890625 0.013177159590043924
0 0.26220703125 0.828696925329429 0.0087890625 0.014641288433382138
0 0.2822265625 0.8235724743777453 0.009765625 0.016105417276720352
0 0.271484375 0.8923865300146413 0.009765625 0.016105417276720352
0 0.30908203125 0.8067349926793558 0.0087890625 0.014641288433382138
0 0.33203125 0.7972181551976574 0.0078125 0.013177159590043924
0 0.33740234375 0.8367496339677891 0.0087890625 0.013177159590043924
0 0.3671875 0.8499267935578331 0.0078125 0.013177159590043924
0 0.38232421875 0.8696925329428989 0.0087890625 0.014641288433382138
0 0.423828125 0.8799414348462665 0.0078125 0.014641288433382138
0 0.4453125 0.8857979502196194 0.005859375 0.014641288433382138
0 0.458984375 0.9048316251830161 0.009765625 0.014641288433382138
0 0.43212890625 0.9963396778916545 0.0283203125 0.060029282576866766
0 0.45556640625 0.986090775988287 0.0283203125 0.06881405563689605
0 0.44189453125 0.8045387994143485 0.0068359375 0.010248901903367497
0 0.44580078125 0.8155197657393851 0.0068359375 0.01171303074670571
0 0.45947265625 0.8228404099560761 0.0068359375 0.01171303074670571
0 0.46533203125 0.8191800878477306 0.0068359375 0.013177159590043924
0 0.48095703125 0.7452415812591509 0.0048828125 0.008784773060029283
0 0.48974609375 0.781112737920937 0.0087890625 0.013177159590043924
0 0.54931640625 0.8206442166910688 0.0068359375 0.013177159590043924
0 0.57421875 0.9150805270863837 0.009765625 0.014641288433382138
0 0.54931640625 0.7335285505124451 0.0048828125 0.008784773060029283
0 0.5625 0.7430453879941434 0.005859375 0.010248901903367497
0 0.59814453125 0.7562225475841874 0.0068359375 0.010248901903367497
0 0.66748046875 0.8572474377745242 0.0087890625 0.013177159590043924
0 0.68408203125 0.8660322108345534 0.0087890625 0.016105417276720352
0 0.67431640625 0.9033674963396779 0.0068359375 0.01171303074670571
0 0.6826171875 0.8887262079062958 0.009765625 0.017569546120058566
0 0.71337890625 0.8572474377745242 0.0087890625 0.016105417276720352
0 0.73876953125 0.9048316251830161 0.0107421875 0.017569546120058566
0 0.7919921875 0.9099560761346999 0.009765625 0.021961932650073207
0 0.8193359375 0.7928257686676428 0.009765625 0.013177159590043924
0 0.78466796875 0.7481698389458272 0.0068359375 0.01171303074670571
0 0.748046875 0.7554904831625183 0.005859375 0.008784773060029283
0 0.7138671875 0.7306002928257687 0.005859375 0.008784773060029283
0 0.708984375 0.7481698389458272 0.005859375 0.005856515373352855
0 0.7255859375 0.7371888726207906 0.005859375 0.007320644216691069
0 0.72021484375 0.7620790629575402 0.0048828125 0.007320644216691069
0 0.826171875 0.7437774524158126 0.005859375 0.008784773060029283
0 0.58056640625 0.7518301610541728 0.0068359375 0.010248901903367497
0 0.591796875 0.6961932650073206 0.005859375 0.010248901903367497
0 0.60546875 0.7064421669106882 0.00390625 0.007320644216691069
0 0.62890625 0.7042459736456809 0.005859375 0.008784773060029283
0 0.6552734375 0.7042459736456809 0.00390625 0.005856515373352855
0 0.6865234375 0.718887262079063 0.005859375 0.008784773060029283
0 0.6923828125 0.7159590043923866 0.005859375 0.008784773060029283
0 0.67724609375 0.7298682284040996 0.0126953125 0.05124450951683748
0 0.6865234375 0.7071742313323572 0.005859375 0.008784773060029283
0 0.6728515625 0.7079062957540263 0.00390625 0.007320644216691069
0 0.70166015625 0.6991215226939971 0.0048828125 0.007320644216691069
0 0.71875 0.719619326500732 0.005859375 0.010248901903367497
0 0.84375 0.8133235724743777 0.017578125 0.0629575402635432
0 0.84716796875 0.746705710102489 0.0068359375 0.01171303074670571
0 0.86376953125 0.7628111273792094 0.0048828125 0.008784773060029283
0 0.71826171875 0.6588579795021962 0.0048828125 0.005856515373352855
0 0.73291015625 0.6698389458272328 0.0126953125 0.027818448023426062
0 0.78564453125 0.6551976573938506 0.0048828125 0.007320644216691069
0 0.79833984375 0.657393850658858 0.0029296875 0.005856515373352855
0 0.68359375 0.66398243045388 0.00390625 0.007320644216691069
