0 0.6273696682464455 0.2111111111111111 0.016587677725118485 0.025777777777777778
0 0.34419431279620855 0.1751111111111111 0.02014218009478673 0.037333333333333336
0 0.09182464454976304 0.2826666666666667 0.02843601895734597 0.049777777777777775
0 0.22245260663507108 0.5555555555555556 0.032582938388625596 0.07111111111111111
0 0.3539691943127962 0.5728888888888889 0.02665876777251185 0.052444444444444446
0 0.5044431279620853 0.6017777777777777 0.02665876777251185 0.051555555555555556
0 0.6504739336492891 0.5871111111111111 0.02843601895734597 0.04888888888888889
0 0.7396327014218009 0.5804444444444444 0.0231042654028436 0.037333333333333336
0 0.7485189573459715 0.06488888888888888 0.012440758293838863 0.019555555555555555
0 0.6928317535545023 0.051555555555555556 0.011255924170616114 0.019555555555555555
0 0.5456161137440758 0.056 0.014218009478672985 0.02666666666666667
0 0.5002962085308057 0.13777777777777778 0.013625592417061612 0.02666666666666667
0 0.48548578199052134 0.07333333333333333 0.017180094786729858 0.03111111111111111
0 0.4662322274881517 0.04488888888888889 0.017772511848341232 0.03111111111111111
0 0.4315758293838863 0.05644444444444444 0.019549763033175356 0.03288888888888889
0 0.3521919431279621 0.022222222222222223 0.017180094786729858 0.035555555555555556
0 0.39514218009478674 0.11688888888888889 0.016587677725118485 0.024
0 0.3803317535545024 0.07955555555555556 0.014218009478672985 0.024
0 0.2908767772511848 0.030666666666666665 0.016587677725118485 0.03111111111111111
0 0.26244075829383884 0.015555555555555555 0.017772511848341232 0.029333333333333333
0 0.25148104265402843 0.051555555555555556 0.011255924170616114 0.017777777777777778
0 0.1963862559241706 0.00044444444444444447 0.019549763033175356 0.027555555555555555
0 0.17209715639810427 0.058222222222222224 0.020734597156398103 0.03111111111111111
0 0.14188388625592416 0.043111111111111114 0.01481042654028436 0.03288888888888889
0 0.08945497630331753 0.016444444444444446 0.02132701421800948 0.036444444444444446
0 0.037618483412322275 -0.0044444444444444444 0.020734597156398103 0.032
0 0.5299170616113744 0.009777777777777778 0.012440758293838863 0.021333333333333333
0 0.5050355450236966 0.008888888888888889 0.012440758293838863 0.024888888888888887
0 0.4840047393364929 0.0071111111111111115 0.014218009478672985 0.019555555555555555
0 0.4543838862559242 0.007555555555555556 0.013033175355450236 0.016888888888888887
0 0.43631516587677727 -0.004 0.01481042654028436 0.020444444444444446
0 0.3809241706161137 -0.017333333333333333 0.01066350710900474 0.018666666666666668
