0 0.0528125 0.33111111111111113 0.023125 0.04666666666666667
0 0.1165625 0.3422222222222222 0.021875 0.051111111111111114
0 0.1734375 0.31166666666666665 0.028125 0.056666666666666664
0 0.28375 0.3211111111111111 0.04125 0.07777777777777778
0 0.3265625 0.3433333333333333 0.039375 0.08
0 0.369375 0.31833333333333336 0.05125 0.11444444444444445
0 0.5890625 0.3038888888888889 0.038125 0.09666666666666666
0 0.57875 0.18555555555555556 0.03125 0.06444444444444444
0 0.7140625 0.2961111111111111 0.055625 0.11
0 0.8009375 0.3227777777777778 0.035625 0.08555555555555555
0 0.9303125 0.32 0.041875 0.09111111111111111
0 0.85125 0.5188888888888888 0.025 0.06222222222222222
