0 0.873125 0.37523452157598497 0.04625 0.09380863039399624
0 0.69625 0.3527204502814259 0.0475 0.07129455909943715
0 0.644375 0.3977485928705441 0.05125 0.0825515947467167
0 0.529375 0.31613508442776733 0.04875 0.07692307692307693
0 0.54 0.39399624765478425 0.0475 0.0675422138836773
0 0.38375 0.37523452157598497 0.0475 0.07129455909943715
0 0.39125 0.4606003752345216 0.0525 0.08067542213883677
0 0.265625 0.3067542213883677 0.05375 0.07317073170731707
0 0.21125 0.450281425891182 0.0475 0.0825515947467167
0 0.065625 0.4202626641651032 0.05625 0.07129455909943715
0 0.80625 0.0075046904315197 0.02 0.03377110694183865
