0 0.4640625 0.07978075517661389 0.019375 0.05237515225334957
0 0.0471875 0.3690621193666261 0.033125 0.08038976857490865
0 0.138125 0.3380024360535932 0.03 0.06455542021924482
0 0.2284375 0.3270401948842874 0.028125 0.07673568818514007
0 0.320625 0.30633373934226554 0.03125 0.07673568818514007
0 0.405 0.3020706455542022 0.03125 0.0779537149817296
0 0.4815625 0.3105968331303289 0.029375 0.0730816077953715
0 0.5521875 0.31425091352009743 0.030625 0.07064555420219244
0 0.6259375 0.3209500609013398 0.029375 0.07429963459196103
0 0.70375 0.3215590742996346 0.03 0.0779537149817296
0 0.774375 0.328258221680877 0.03 0.08160779537149818
0 0.8509375 0.3197320341047503 0.029375 0.07917174177831912
0 0.9303125 0.3733252131546894 0.034375 0.06942752740560293
0 0.9553125 0.353836784409257 0.030625 0.06699147381242387
0 0.1975 0.502436053593179 0.03375 0.08160779537149818
0 0.2671875 0.4939098660170524 0.033125 0.07429963459196103
0 0.340625 0.49695493300852617 0.0325 0.0876979293544458
0 0.420625 0.5006090133982948 0.0325 0.0779537149817296
0 0.499375 0.4981729598051157 0.03125 0.0828258221680877
0 0.5753125 0.4933008526187576 0.033125 0.08038976857490865
0 0.6471875 0.49634591961023145 0.033125 0.08404384896467722
0 0.71875 0.5 0.03 0.07429963459196103
