0 0.076171875 0.4098018769551616 0.04765625 0.07507820646506778
0 0.1046875 0.35818561001042754 0.040625 0.061522419186652764
0 0.149609375 0.3931178310740355 0.04453125 0.072992700729927
0 0.15859375 0.34515119916579773 0.040625 0.054223149113660066
0 0.22421875 0.34306569343065696 0.05 0.07090719499478623
0 0.2703125 0.5354535974973931 0.0453125 0.0740354535974974
0 0.28515625 0.2862356621480709 0.0375 0.05735140771637122
0 0.299609375 0.3524504692387904 0.03984375 0.06465067778936393
0 0.3875 0.6240875912408759 0.046875 0.07820646506777894
0 0.4296875 0.5364963503649635 0.0453125 0.0740354535974974
0 0.403125 0.34462982273201254 0.0375 0.06986444212721585
0 0.47421875 0.3472367049009385 0.0375 0.06047966631908238
0 0.5375 0.5547445255474452 0.0390625 0.06882168925964546
0 0.663671875 0.5610010427528676 0.04296875 0.08133472367049009
0 0.613671875 0.3555787278415016 0.03515625 0.06465067778936393
0 0.646484375 0.3910323253388947 0.03984375 0.0667361835245047
0 0.709375 0.3310740354535975 0.040625 0.051094890510948905
0 0.757421875 0.37174139728884253 0.03359375 0.053180396246089674
0 0.823046875 0.37069864442127215 0.03828125 0.053180396246089674
0 0.930078125 0.337851929092805 0.04140625 0.06256517205422316
