0 -0.006987577639751553 0.5572593167701864 0.03364389233954451 0.03260869565217391
0 0.02148033126293996 0.5576475155279503 0.031055900621118012 0.022127329192546584
0 0.07686335403726709 0.5551242236024845 0.027432712215320912 0.02406832298136646
0 0.09989648033126294 0.5494953416149069 0.03260869565217391 0.023680124223602484
0 0.14906832298136646 0.5486218944099379 0.057971014492753624 0.042119565217391304
0 0.22994306418219462 0.5350349378881988 0.030797101449275364 0.024650621118012424
0 0.26953933747412007 0.546001552795031 0.010093167701863354 0.008152173913043478
0 0.29787784679089024 0.5458074534161491 0.008281573498964804 0.008152173913043478
0 0.3364389233954451 0.5330939440993789 0.024844720496894408 0.02309782608695652
0 0.39648033126293997 0.5388198757763976 0.016563146997929608 0.013975155279503106
0 0.3677536231884058 0.5441576086956522 0.035196687370600416 0.03202639751552795
0 0.4545807453416149 0.5370729813664596 0.014751552795031056 0.01125776397515528
0 0.4953416149068323 0.5183423913043478 0.054865424430641824 0.05803571428571429
0 0.5619824016563147 0.5324145962732919 0.015786749482401656 0.01436335403726708
0 0.5769927536231884 0.5447399068322981 0.008540372670807454 0.00795807453416149
0 0.589156314699793 0.5332880434782609 0.015786749482401656 0.014945652173913044
0 0.6001552795031055 0.5373641304347826 0.015010351966873706 0.013781055900621118
0 0.6001552795031055 0.5377523291925466 0.017080745341614908 0.014557453416149068
0 0.6348343685300207 0.5428959627329193 0.019668737060041408 0.01746894409937888
0 0.6447981366459627 0.5426048136645962 0.009057971014492754 0.00718167701863354
0 0.6837474120082816 0.5320263975155279 0.016045548654244308 0.013975155279503106
0 0.6900879917184265 0.5373641304347826 0.018374741200828156 0.017274844720496896
0 0.7001811594202898 0.531638198757764 0.014233954451345756 0.010869565217391304
0 0.7212732919254659 0.5285326086956522 0.022256728778467908 0.019798136645962732
0 0.7767857142857143 0.5358113354037267 0.015786749482401656 0.014945652173913044
0 0.7898550724637681 0.5417313664596274 0.010869565217391304 0.009316770186335404
0 0.822075569358178 0.5432841614906833 0.011645962732919254 0.009316770186335404
0 0.82324016563147 0.5568711180124224 0.009834368530020704 0.006987577639751553
0 0.8363095238095238 0.5375582298136646 0.009057971014492754 0.006793478260869565
0 0.8505434782608695 0.5435753105590062 0.009057971014492754 0.008346273291925466
0 0.8558488612836439 0.5495923913043478 0.007763975155279503 0.006793478260869565
0 0.8571428571428571 0.5427989130434783 0.010351966873706004 0.007569875776397516
0 0.8680124223602484 0.5394021739130435 0.012422360248447204 0.009704968944099378
0 0.8861283643892339 0.531152950310559 0.010869565217391304 0.010287267080745342
0 0.9059265010351967 0.5423136645962733 0.011645962732919254 0.008152173913043478
0 0.9309006211180124 0.5591032608695652 0.008799171842650104 0.008346273291925466
