0 0.3273333333333333 0.6039963669391463 0.0026666666666666666 0.0036330608537693005
0 0.3353333333333333 0.603542234332425 0.0026666666666666666 0.004541326067211626
0 0.364 0.6021798365122616 0.004 0.005449591280653951
0 0.375 0.5999091734786558 0.004666666666666667 0.006357856494096276
0 0.38566666666666666 0.6008174386920981 0.0033333333333333335 0.004541326067211626
0 0.4136666666666667 0.5985467756584922 0.0033333333333333335 0.005449591280653951
0 0.5333333333333333 0.5990009082652135 0.004 0.006357856494096276
0 0.562 0.5994550408719346 0.0026666666666666666 0.005449591280653951
0 0.566 0.6139872842870118 0.010666666666666666 0.03451407811080836
0 0.5936666666666667 0.5990009082652135 0.0033333333333333335 0.004541326067211626
0 0.6016666666666667 0.5985467756584922 0.0033333333333333335 0.005449591280653951
0 0.722 0.5985467756584922 0.004 0.005449591280653951
0 0.729 0.5999091734786558 0.004666666666666667 0.006357856494096276
0 0.74 0.5985467756584922 0.004 0.005449591280653951
0 0.748 0.5930971843778383 0.005333333333333333 0.005449591280653951
