0 0.2657923900997414 0.5289408866995073 0.07942371629109715 0.07216748768472907
0 0.4634281492427041 0.48263546798029555 0.08607314370151459 0.08004926108374384
0 0.6372367934983376 0.44568965517241377 0.08127077946065756 0.07364532019704434
0 0.911895086811969 0.4642857142857143 0.009974141115626155 0.007389162561576354
0 0.9268562984854082 0.45147783251231527 0.005910602142593277 0.004433497536945813
0 0.9176209826376062 0.45504926108374383 0.0029553010712966383 0.0022167487684729066
0 0.8908385666789804 0.45061576354679805 0.005541189508681197 0.010098522167487686
0 0.8823420760990026 0.44445812807881774 0.0025858884373845584 0.0017241379310344827
0 0.8832656076837828 0.44950738916256155 0.004432951606944958 0.011822660098522168
0 0.8727373476172885 0.44433497536945815 0.0025858884373845584 0.0019704433497536944
0 0.87033616549686 0.4458128078817734 0.002216475803472479 0.001477832512315271
0 0.8594384927964537 0.44470443349753697 0.0025858884373845584 0.0017241379310344827
0 0.838381972663465 0.4445812807881773 0.0025858884373845584 0.0019704433497536944
0 0.8598079054303657 0.4541871921182266 0.0025858884373845584 0.0019704433497536944
0 0.8127077946065755 0.4438423645320197 0.0029553010712966383 0.0019704433497536944
0 0.8112301440709272 0.45369458128078816 0.002216475803472479 0.001477832512315271
0 0.80550424824529 0.45357142857142857 0.0025858884373845584 0.0017241379310344827
0 0.8042113040265977 0.4442118226600985 0.002216475803472479 0.0017241379310344827
0 0.7933136313261914 0.4529556650246305 0.0033247137052087182 0.0019704433497536944
0 0.7983007018840045 0.44285714285714284 0.0029553010712966383 0.0019704433497536944
0 0.7951606944957518 0.4479064039408867 0.004063538973032878 0.012561576354679803
0 0.7388252678241596 0.44310344827586207 0.0029553010712966383 0.0019704433497536944
0 0.7199852234946436 0.44310344827586207 0.003694126339120798 0.0024630541871921183
0 0.7116734392316217 0.4442118226600985 0.0025858884373845584 0.0017241379310344827
0 0.7020687107499076 0.4517241379310345 0.0025858884373845584 0.001477832512315271
0 0.6920945696342815 0.45332512315270934 0.0025858884373845584 0.0022167487684729066
0 0.6917251570003694 0.45307881773399017 0.0025858884373845584 0.0017241379310344827
0 0.6865533801256003 0.45270935960591135 0.0033247137052087182 0.0019704433497536944
0 0.6815663095677872 0.4442118226600985 0.002216475803472479 0.0017241379310344827
0 0.6787957148134466 0.4576354679802956 0.007757665312153676 0.015763546798029555
0 0.6736239379386775 0.4524630541871921 0.0025858884373845584 0.0019704433497536944
0 0.6690062800147765 0.45825123152709357 0.004432951606944958 0.00270935960591133
0 0.5903213889915035 0.45123152709359604 0.007388252678241596 0.004433497536945813
0 0.587920206871075 0.44815270935960594 0.005541189508681197 0.0041871921182266006
0 0.5905060953084595 0.44236453201970444 0.0025858884373845584 0.0019704433497536944
0 0.5821943110454377 0.44322660098522165 0.002216475803472479 0.0017241379310344827
0 0.5736978204654599 0.4458128078817734 0.005910602142593277 0.010344827586206896
0 0.5640930919837458 0.4607142857142857 0.008865903213889916 0.006157635467980296
0 0.5674178056889546 0.45160098522167486 0.005171776874769117 0.003694581280788177
0 0.5725895825637237 0.4483990147783251 0.004432951606944958 0.0032019704433497538
0 0.5724048762467676 0.4483990147783251 0.004063538973032878 0.00270935960591133
0 0.5533801256002955 0.44729064039408867 0.005171776874769117 0.004433497536945813
0 0.5483930550424825 0.44913793103448274 0.004802364240857037 0.003694581280788177
0 0.5356483191725157 0.45283251231527094 0.005171776874769117 0.003694581280788177
0 0.5110823790173624 0.4496305418719212 0.004802364240857037 0.0032019704433497538
0 0.518470631695604 0.46157635467980296 0.009235315847801994 0.026600985221674877
0 0.4990764684152198 0.4600985221674877 0.011082379017362394 0.02315270935960591
0 0.4287033616549686 0.4482758620689655 0.004063538973032878 0.0019704433497536944
0 0.4209456963428149 0.44864532019704434 0.004802364240857037 0.0032019704433497538
0 0.4041374214998153 0.4482758620689655 0.004432951606944958 0.0034482758620689655
0 0.39360916143332103 0.4492610837438424 0.005541189508681197 0.0034482758620689655
0 0.3825267824159586 0.44950738916256155 0.004802364240857037 0.0034482758620689655
0 0.3583302548947174 0.44470443349753697 0.005910602142593277 0.0041871921182266006
0 0.3666420391577392 0.44815270935960594 0.006280014776505356 0.003694581280788177
0 0.3675655707425194 0.4479064039408867 0.004432951606944958 0.003694581280788177
0 0.3260066494274104 0.4483990147783251 0.005541189508681197 0.003694581280788177
0 0.3115995567048393 0.4566502463054187 0.005541189508681197 0.003940886699507389
0 0.31418544514222385 0.4544334975369458 0.004802364240857037 0.003940886699507389
0 0.2971924639822682 0.45517241379310347 0.005541189508681197 0.004433497536945813
0 0.30291835980790544 0.4429802955665025 0.005910602142593277 0.004679802955665025
0 0.29146656815663097 0.44285714285714284 0.008127077946065755 0.005911330049261084
0 0.2596970816401921 0.44051724137931036 0.007388252678241596 0.005665024630541872
0 0.2632065016623569 0.44396551724137934 0.007018840044329516 0.005665024630541872
0 0.2827853712596971 0.44704433497536944 0.007018840044329516 0.004433497536945813
0 0.23827114887329146 0.44433497536945815 0.008865903213889916 0.0064039408866995075
0 0.22164758034724788 0.4454433497536946 0.007388252678241596 0.006157635467980296
0 0.22238640561507203 0.44113300492610835 0.005910602142593277 0.00541871921182266
0 0.2065016623568526 0.44741379310344825 0.008865903213889916 0.006157635467980296
0 0.1874769117103805 0.4450738916256158 0.007757665312153676 0.005911330049261084
0 0.17934983376431474 0.44100985221674877 0.006280014776505356 0.004679802955665025
0 0.17380864425563355 0.4440886699507389 0.007757665312153676 0.00541871921182266
0 0.15515330624307352 0.44310344827586207 0.008127077946065755 0.0064039408866995075
0 0.1625415589213151 0.4442118226600985 0.007388252678241596 0.005172413793103448
0 0.1486885851496121 0.44076354679802954 0.007757665312153676 0.004679802955665025
0 0.13816032508311785 0.4438423645320197 0.008865903213889916 0.005911330049261084
0 0.1226449944588105 0.44261083743842367 0.0066494274104174364 0.005911330049261084
0 0.10491318803103065 0.4417487684729064 0.008127077946065755 0.005172413793103448
0 0.10398965644625047 0.4434729064039409 0.006280014776505356 0.003694581280788177
0 0.01606944957517547 0.43633004926108376 0.012929442186922793 0.011083743842364532
0 0.03546361285555966 0.4602216748768473 0.008865903213889916 0.02586206896551724
0 0.04432951606944958 0.4463054187192118 0.004432951606944958 0.003940886699507389
0 0.08958256372367936 0.41083743842364534 0.006280014776505356 0.008374384236453201
0 0.09530845954931659 0.4064039408866995 0.0029553010712966383 0.0019704433497536944
0 0.09955670483930551 0.40972906403940884 0.007018840044329516 0.00960591133004926
0 0.14942741041743626 0.40997536945812807 0.005541189508681197 0.00960591133004926
0 0.15349094939046914 0.4100985221674877 0.005541189508681197 0.008866995073891626
0 0.18599926117473217 0.4060344827586207 0.0025858884373845584 0.0017241379310344827
0 0.20668636867380866 0.4064039408866995 0.0025858884373845584 0.001477832512315271
0 0.22090875507942373 0.4064039408866995 0.002216475803472479 0.001477832512315271
0 0.22737347617288511 0.4068965517241379 0.001847063169560399 0.001477832512315271
0 0.8132619135574437 0.40714285714285714 0.0025858884373845584 0.0019704433497536944
0 0.6780568895456225 0.45997536945812806 0.007018840044329516 0.01206896551724138
