0 0.9953125 0.6576787807737398 0.0140625 0.021101992966002344
0 0.967578125 0.6711606096131302 0.01640625 0.01992966002344666
0 0.935546875 0.6893317702227433 0.01171875 0.021101992966002344
0 0.9390625 0.6922626025791325 0.0125 0.017584994138335287
0 0.80703125 0.6553341148886284 0.01875 0.035169988276670575
0 0.787109375 0.6512309495896834 0.01796875 0.031652989449003514
0 0.782421875 0.6447831184056272 0.01484375 0.02813599062133646
0 0.751171875 0.6635404454865181 0.01171875 0.016412661195779603
0 0.68984375 0.6295427901524033 0.01875 0.03985932004689332
0 0.720703125 0.6277842907385698 0.02109375 0.03399765533411489
0 0.656640625 0.6512309495896834 0.00859375 0.017584994138335287
0 0.683203125 0.6406799531066822 0.01796875 0.026963657678780773
0 0.701171875 0.6418522860492379 0.01328125 0.0246189917936694
0 0.612109375 0.6465416178194607 0.02109375 0.03634232121922626
0 0.581640625 0.6389214536928488 0.01171875 0.016412661195779603
0 0.592578125 0.6518171160609613 0.01015625 0.01875732708089097
0 0.57265625 0.638335287221571 0.009375 0.017584994138335287
0 0.5625 0.6406799531066822 0.00625 0.008206330597889801
0 0.5515625 0.6488862837045721 0.01875 0.031652989449003514
0 0.528515625 0.6254396248534584 0.02265625 0.03634232121922626
0 0.5078125 0.6389214536928488 0.01875 0.032825322391559206
0 0.481640625 0.6594372801875733 0.01953125 0.031652989449003514
0 0.487890625 0.6318874560375146 0.01015625 0.016412661195779603
0 0.43671875 0.6295427901524033 0.021875 0.04220398593200469
0 0.409375 0.6313012895662368 0.01875 0.026963657678780773
0 0.3765625 0.6318874560375146 0.01875 0.03751465416178194
0 0.361328125 0.6424384525205158 0.02109375 0.035169988276670575
0 0.33203125 0.6471277842907386 0.0171875 0.03048065650644783
0 0.319140625 0.6570926143024619 0.02265625 0.03399765533411489
0 0.27734375 0.6248534583821805 0.025 0.044548651817116064
0 0.298828125 0.634232121922626 0.00859375 0.016412661195779603
0 0.204296875 0.6395076201641267 0.02265625 0.038686987104337635
0 0.142578125 0.7086752637749121 0.01796875 0.03399765533411489
0 0.17109375 0.6570926143024619 0.0171875 0.029308323563892145
0 -0.001171875 0.660609613130129 0.02109375 0.038686987104337635
