0 0.8603333333333333 0.7279745685740237 0.011333333333333334 0.01725703905540418
0 0.8386666666666667 0.7370572207084468 0.010666666666666666 0.015440508628519528
0 0.8133333333333334 0.7306993642143506 0.009333333333333334 0.015440508628519528
0 0.7933333333333333 0.7220708446866485 0.010666666666666666 0.018165304268846504
0 0.675 0.7302452316076294 0.023333333333333334 0.03451407811080836
0 0.6336666666666667 0.7311534968210718 0.01 0.014532243415077202
0 0.572 0.726158038147139 0.012 0.01725703905540418
0 0.5316666666666666 0.7238873751135332 0.019333333333333334 0.025431425976385105
0 0.495 0.7438692098092643 0.008666666666666666 0.012715712988192553
0 0.2956666666666667 0.7361489554950046 0.004666666666666667 0.006357856494096276
0 0.29733333333333334 0.7329700272479565 0.004 0.007266121707538601
0 0.331 0.7366030881017257 0.002 0.0036330608537693005
0 0.8586666666666667 0.7547683923705722 0.016 0.05994550408719346
