0 0.08832807570977919 0.9869230769230769 0.014721345951629864 0.012307692307692308
0 0.18138801261829654 0.9865384615384616 0.011566771819137749 0.011538461538461539
0 0.20452155625657203 0.9273076923076923 0.013669821240799159 0.01
0 0.22712933753943218 0.9173076923076923 0.010515247108307046 0.008461538461538461
0 0.2723449001051525 0.93 0.012618296529968454 0.009230769230769232
0 0.2981072555205047 0.9338461538461539 0.013669821240799159 0.010769230769230769
0 0.3459516298633018 0.9538461538461539 0.014721345951629864 0.010769230769230769
0 0.3943217665615142 0.955 0.012618296529968454 0.011538461538461539
0 0.4384858044164038 0.9688461538461538 0.012618296529968454 0.011538461538461539
0 0.5431125131440588 0.9334615384615385 0.011566771819137749 0.008461538461538461
0 0.5425867507886435 0.8996153846153846 0.012618296529968454 0.008461538461538461
0 0.7097791798107256 0.9488461538461539 0.010515247108307046 0.008461538461538461
0 0.7434279705573081 0.9584615384615385 0.014721345951629864 0.013846153846153847
0 0.7839116719242902 0.9730769230769231 0.015772870662460567 0.012307692307692308
0 0.8049421661409043 0.9638461538461538 0.013669821240799159 0.010769230769230769
0 0.852260778128286 0.9592307692307692 0.017875920084121977 0.012307692307692308
0 0.8501577287066246 0.9588461538461538 0.017875920084121977 0.013076923076923076
0 0.8454258675078864 0.9207692307692308 0.014721345951629864 0.010769230769230769
0 0.7723449001051524 0.9223076923076923 0.013669821240799159 0.012307692307692308
0 0.8096740273396424 0.8838461538461538 0.012618296529968454 0.010769230769230769
0 0.7513144058885384 0.8757692307692307 0.011566771819137749 0.008461538461538461
0 0.6903259726603576 0.87 0.011566771819137749 0.009230769230769232
0 0.7097791798107256 0.7896153846153846 0.010515247108307046 0.008461538461538461
0 0.6750788643533123 0.7880769230769231 0.010515247108307046 0.008461538461538461
0 0.6256572029442692 0.7134615384615385 0.010515247108307046 0.008461538461538461
0 0.5935856992639327 0.7138461538461538 0.00946372239747634 0.007692307692307693
0 0.6203995793901157 0.7007692307692308 0.008412197686645636 0.007692307692307693
0 0.5709779179810726 0.7061538461538461 0.008412197686645636 0.006153846153846154
0 0.53732912723449 0.688076923076923 0.008412197686645636 0.005384615384615384
0 0.5115667718191378 0.6896153846153846 0.007360672975814932 0.006923076923076923
0 0.5946372239747634 0.6753846153846154 0.007360672975814932 0.004615384615384616
0 0.5725552050473186 0.6676923076923077 0.007360672975814932 0.006153846153846154
0 0.61198738170347 0.6542307692307693 0.006309148264984227 0.005384615384615384
0 0.5862250262881178 0.6530769230769231 0.00946372239747634 0.006153846153846154
0 0.5657202944269191 0.6607692307692308 0.008412197686645636 0.006153846153846154
0 0.5436382754994742 0.6457692307692308 0.008412197686645636 0.006923076923076923
0 0.47791798107255523 0.6384615384615384 0.007360672975814932 0.006153846153846154
0 0.46635120925341744 0.6680769230769231 0.00946372239747634 0.006923076923076923
0 0.48948475289169296 0.8584615384615385 0.011566771819137749 0.010769230769230769
0 0.4148264984227129 0.8369230769230769 0.007360672975814932 0.006153846153846154
0 0.3249211356466877 0.89 0.014721345951629864 0.009230769230769232
0 0.26708727655099895 0.8865384615384615 0.012618296529968454 0.01
0 0.29652996845425866 0.8642307692307692 0.010515247108307046 0.008461538461538461
0 0.21188222923238695 0.8511538461538461 0.013669821240799159 0.01
0 0.18401682439537329 0.8665384615384616 0.010515247108307046 0.008461538461538461
0 0.009989484752891693 0.8769230769230769 0.011566771819137749 0.009230769230769232
0 0.016824395373291272 0.7834615384615384 0.008412197686645636 0.006923076923076923
0 0.031019978969505785 0.7769230769230769 0.011566771819137749 0.009230769230769232
0 0.058885383806519455 0.7765384615384615 0.008412197686645636 0.006923076923076923
0 0.14458464773922186 0.7788461538461539 0.00946372239747634 0.01
0 0.22187171398527866 0.7976923076923077 0.010515247108307046 0.007692307692307693
0 0.23554153522607782 0.7884615384615384 0.008412197686645636 0.006153846153846154
0 0.25341745531019977 0.796923076923077 0.008412197686645636 0.009230769230769232
0 0.2754994742376446 0.7923076923076923 0.008412197686645636 0.006153846153846154
0 0.29442691903259727 0.7811538461538462 0.010515247108307046 0.006923076923076923
0 0.37381703470031546 0.8065384615384615 0.00946372239747634 0.008461538461538461
0 0.38170347003154576 0.7815384615384615 0.008412197686645636 0.006153846153846154
0 0.3743427970557308 0.7742307692307693 0.010515247108307046 0.008461538461538461
0 0.38065194532071506 0.7507692307692307 0.008412197686645636 0.006153846153846154
0 0.352260778128286 0.7480769230769231 0.008412197686645636 0.006923076923076923
0 0.3291272344900105 0.7769230769230769 0.006309148264984227 0.004615384615384616
0 0.3186119873817035 0.7534615384615385 0.008412197686645636 0.006923076923076923
0 0.33175604626708727 0.745 0.00946372239747634 0.006923076923076923
0 0.30651945320715035 0.7603846153846154 0.028391167192429023 0.05153846153846154
0 0.30757097791798105 0.7269230769230769 0.007360672975814932 0.007692307692307693
0 0.2607781282860147 0.7353846153846154 0.010515247108307046 0.007692307692307693
0 0.2539432176656151 0.7165384615384616 0.00946372239747634 0.006923076923076923
0 0.25814931650893796 0.7088461538461538 0.007360672975814932 0.005384615384615384
0 0.21188222923238695 0.7492307692307693 0.011566771819137749 0.009230769230769232
0 0.21083070452155625 0.7338461538461538 0.007360672975814932 0.006153846153846154
0 0.23554153522607782 0.6888461538461539 0.008412197686645636 0.006923076923076923
0 0.29547844374342797 0.7015384615384616 0.008412197686645636 0.007692307692307693
0 0.33175604626708727 0.7007692307692308 0.007360672975814932 0.006153846153846154
0 0.3501577287066246 0.7046153846153846 0.008412197686645636 0.006153846153846154
0 0.38170347003154576 0.7161538461538461 0.008412197686645636 0.007692307692307693
0 0.39695057833859093 0.7196153846153847 0.007360672975814932 0.005384615384615384
0 0.4437434279705573 0.7192307692307692 0.008412197686645636 0.006153846153846154
0 0.45636172450052576 0.7238461538461538 0.008412197686645636 0.006153846153846154
0 0.37592008412197686 0.698076923076923 0.007360672975814932 0.005384615384615384
0 0.39852786540483703 0.7026923076923077 0.008412197686645636 0.006923076923076923
0 0.35541535226077814 0.695 0.008412197686645636 0.006923076923076923
0 0.31808622502628814 0.6907692307692308 0.007360672975814932 0.006153846153846154
0 0.31703470031545744 0.6784615384615384 0.007360672975814932 0.006153846153846154
0 0.3785488958990536 0.6773076923076923 0.008412197686645636 0.006923076923076923
0 0.40536277602523657 0.6903846153846154 0.007360672975814932 0.005384615384615384
0 0.4185068349106204 0.6838461538461539 0.008412197686645636 0.006153846153846154
0 0.5220820189274448 0.6065384615384616 0.007360672975814932 0.005384615384615384
0 0.5425867507886435 0.6084615384615385 0.006309148264984227 0.004615384615384616
0 0.5609884332281808 0.6065384615384616 0.007360672975814932 0.006923076923076923
0 0.5341745531019979 0.6015384615384616 0.006309148264984227 0.004615384615384616
0 0.5993690851735016 0.5992307692307692 0.006309148264984227 0.004615384615384616
0 0.6161934805467929 0.5938461538461538 0.008412197686645636 0.006153846153846154
0 0.6019978969505784 0.5842307692307692 0.007360672975814932 0.005384615384615384
