0 0.12 0.4589178356713427 0.04 0.056112224448897796
0 0.124 0.4709418837675351 0.029333333333333333 0.036072144288577156
0 0.13266666666666665 0.5240480961923848 0.02266666666666667 0.03807615230460922
0 0.19533333333333333 0.4779559118236473 0.025333333333333333 0.04208416833667335
0 0.19666666666666666 0.48897795591182364 0.025333333333333333 0.036072144288577156
0 0.184 0.5040080160320641 0.018666666666666668 0.03406813627254509
0 0.33666666666666667 0.47394789579158314 0.03333333333333333 0.050100200400801605
0 0.21133333333333335 0.31462925851703405 0.04133333333333333 0.07214428857715431
0 0.356 0.25851703406813625 0.04533333333333334 0.07214428857715431
0 0.364 0.5180360721442886 0.018666666666666668 0.03006012024048096
0 0.3993333333333333 0.5090180360721442 0.02266666666666667 0.036072144288577156
0 0.4 0.5120240480961924 0.021333333333333333 0.03807615230460922
0 0.426 0.4969939879759519 0.025333333333333333 0.04008016032064128
0 0.4846666666666667 0.5200400801603207 0.025333333333333333 0.03406813627254509
0 0.5266666666666666 0.3166332665330661 0.037333333333333336 0.06813627254509018
0 0.514 0.5260521042084169 0.02 0.026052104208416832
0 0.522 0.5140280561122245 0.017333333333333333 0.03006012024048096
0 0.5426666666666666 0.5621242484969939 0.013333333333333334 0.022044088176352707
0 0.5826666666666667 0.5621242484969939 0.018666666666666668 0.026052104208416832
0 0.676 0.2094188376753507 0.058666666666666666 0.1062124248496994
0 0.814 0.531062124248497 0.04666666666666667 0.06412825651302605
0 0.8 0.42384769539078154 0.04 0.07014028056112225
0 0.9533333333333334 0.3517034068136273 0.06133333333333333 0.09418837675350701
