0 0.044375 0.5458333333333333 0.03625 0.05416666666666667
0 0.156875 0.55 0.03125 0.075
0 0.226875 0.546875 0.03125 0.06458333333333334
0 0.2925 0.528125 0.03 0.06041666666666667
0 0.35 0.540625 0.025 0.052083333333333336
0 0.414375 0.5479166666666667 0.02625 0.05416666666666667
0 0.475 0.5520833333333334 0.03 0.05416666666666667
0 0.56125 0.5208333333333334 0.03 0.058333333333333334
0 0.641875 0.42604166666666665 0.02625 0.05625
0 0.719375 0.578125 0.03625 0.06875
0 0.796875 0.5885416666666666 0.03875 0.07708333333333334
0 0.895625 0.5770833333333333 0.04875 0.07083333333333333
0 0.089375 0.3885416666666667 0.03375 0.06875
0 0.185625 0.3927083333333333 0.02875 0.06041666666666667
0 0.260625 0.4 0.02375 0.04583333333333333
0 0.301875 0.37604166666666666 0.02625 0.05625
0 0.3725 0.403125 0.025 0.04791666666666667
0 0.44125 0.39166666666666666 0.0225 0.041666666666666664
0 0.49875 0.41770833333333335 0.025 0.04375
0 0.4775 0.4 0.025 0.05
0 0.4425 0.390625 0.02 0.035416666666666666
0 0.40125 0.37916666666666665 0.0225 0.05416666666666667
0 0.541875 0.38333333333333336 0.02375 0.05416666666666667
0 0.566875 0.39895833333333336 0.02375 0.04375
0 0.641875 0.42604166666666665 0.02875 0.06458333333333334
0 0.715625 0.421875 0.02875 0.04375
0 0.775625 0.42604166666666665 0.03125 0.052083333333333336
0 0.8425 0.4375 0.0325 0.0625
0 0.8575 0.38958333333333334 0.0225 0.0375
0 0.82 0.38645833333333335 0.03 0.04375
0 0.774375 0.42604166666666665 0.03125 0.04791666666666667
0 0.6225 0.38645833333333335 0.02 0.04375
0 0.49875 0.41770833333333335 0.0275 0.03958333333333333
0 0.40125 0.378125 0.025 0.05625
0 0.080625 0.39166666666666666 0.02875 0.05416666666666667
0 0.14 0.36041666666666666 0.0225 0.041666666666666664
0 0.20125 0.375 0.0225 0.04583333333333333
0 0.2525 0.3489583333333333 0.02 0.04791666666666667
0 0.3 0.38333333333333336 0.0225 0.0375
0 0.34 0.359375 0.0225 0.04375
