0 0.5316071428571428 0.3629908103592314 0.07964285714285714 0.21804511278195488
0 0.3425 0.38972431077694236 0.08357142857142857 0.24143692564745195
0 0.47482142857142856 0.3680033416875522 0.0425 0.11946532999164577
0 0.4105357142857143 0.28863826232247286 0.031071428571428573 0.1010860484544695
0 0.3607142857142857 0.2623224728487886 0.02642857142857143 0.07184628237259816
0 0.3751785714285714 0.18629908103592313 0.01892857142857143 0.061821219715956555
0 0.3176785714285714 0.20175438596491227 0.01892857142857143 0.055973266499582286
0 0.3533928571428571 0.13157894736842105 0.0175 0.05430242272347535
0 0.3048214285714286 0.13951545530492898 0.018214285714285714 0.06015037593984962
0 0.3225 0.06934001670843776 0.014285714285714285 0.04177109440267335
0 0.2766071428571429 0.07393483709273183 0.01607142857142857 0.050960735171261484
0 0.2619642857142857 0.016290726817042606 0.015357142857142857 0.04427736006683375
0 0.3067857142857143 0.016290726817042606 0.015714285714285715 0.03759398496240601
0 0.2307142857142857 -0.04720133667502088 0.012142857142857143 0.029239766081871343
0 0.2755357142857143 -0.04594820384294068 0.013214285714285715 0.026733500417710943
