0 0.24135638297872342 0.5745 0.005319148936170213 0.008
0 0.23686835106382978 0.5715 0.0036569148936170214 0.006
0 0.41788563829787234 0.5515 0.0026595744680851063 0.004
0 0.42686170212765956 0.53 0.0026595744680851063 0.005
0 0.44331781914893614 0.5275 0.0029920212765957447 0.005
0 0.4640957446808511 0.5315 0.0026595744680851063 0.004
0 0.47606382978723405 0.5445 0.005984042553191489 0.014
0 0.4822140957446808 0.53725 0.0029920212765957447 0.0045
0 0.4886968085106383 0.53575 0.0019946808510638296 0.0035
0 0.49351728723404253 0.53975 0.0029920212765957447 0.0045
0 0.49517952127659576 0.53575 0.002327127659574468 0.0045
0 0.5014960106382979 0.5335 0.002327127659574468 0.004
0 0.507313829787234 0.53675 0.0019946808510638296 0.0045
0 0.5211103723404256 0.54825 0.0036569148936170214 0.0055
0 0.5242686170212766 0.52975 0.0019946808510638296 0.0035
0 0.5264295212765957 0.5335 0.002327127659574468 0.004
0 0.5297539893617021 0.5305 0.002327127659574468 0.004
0 0.5490359042553191 0.5285 0.002327127659574468 0.003
0 0.847905585106383 0.58475 0.005651595744680851 0.0105
0 0.5743018617021277 0.5275 0.002327127659574468 0.004
