0 0.9265384615384615 0.5575916230366492 0.01769230769230769 0.05549738219895288
0 0.9007692307692308 0.5335078534031413 0.03076923076923077 0.03455497382198953
0 0.8880769230769231 0.5397905759162304 0.005384615384615384 0.007329842931937173
0 0.8823076923076923 0.5534031413612566 0.007692307692307693 0.03664921465968586
0 0.8776923076923077 0.5350785340314136 0.004615384615384616 0.0062827225130890054
0 0.8773076923076923 0.5429319371727749 0.008461538461538461 0.011518324607329843
0 0.8711538461538462 0.5413612565445026 0.005384615384615384 0.008376963350785341
0 0.8707692307692307 0.5612565445026177 0.015384615384615385 0.06701570680628273
0 0.8680769230769231 0.5476439790575917 0.008461538461538461 0.03769633507853403
0 0.8588461538461538 0.5366492146596858 0.008461538461538461 0.013612565445026177
0 0.8361538461538461 0.5382198952879581 0.007692307692307693 0.010471204188481676
0 0.8407692307692308 0.5429319371727749 0.009230769230769232 0.011518324607329843
0 0.8226923076923077 0.5298429319371728 0.011538461538461539 0.014659685863874346
0 0.8234615384615385 0.5335078534031413 0.008461538461538461 0.011518324607329843
0 0.8084615384615385 0.5335078534031413 0.007692307692307693 0.011518324607329843
0 0.801923076923077 0.5382198952879581 0.006923076923076923 0.010471204188481676
0 0.791923076923077 0.5591623036649215 0.013076923076923076 0.050261780104712044
0 0.7830769230769231 0.537696335078534 0.007692307692307693 0.011518324607329843
0 0.7703846153846153 0.5392670157068062 0.0038461538461538464 0.0062827225130890054
0 0.7630769230769231 0.5314136125654451 0.010769230769230769 0.015706806282722512
0 0.7438461538461538 0.5418848167539267 0.006153846153846154 0.007329842931937173
0 0.7373076923076923 0.5418848167539267 0.006923076923076923 0.009424083769633508
0 0.7315384615384616 0.5418848167539267 0.006153846153846154 0.009424083769633508
0 0.7219230769230769 0.5664921465968586 0.013076923076923076 0.05235602094240838
0 0.7173076923076923 0.5350785340314136 0.01 0.014659685863874346
0 0.6865384615384615 0.5345549738219896 0.016153846153846154 0.028272251308900525
0 0.666923076923077 0.5356020942408377 0.009230769230769232 0.013612565445026177
0 0.661923076923077 0.5413612565445026 0.0038461538461538464 0.0062827225130890054
0 0.6573076923076923 0.5445026178010471 0.006923076923076923 0.010471204188481676
0 0.6430769230769231 0.5387434554973822 0.004615384615384616 0.007329842931937173
0 0.6338461538461538 0.5408376963350785 0.004615384615384616 0.007329842931937173
0 0.6276923076923077 0.5408376963350785 0.004615384615384616 0.007329842931937173
0 0.6176923076923077 0.5387434554973822 0.004615384615384616 0.007329842931937173
0 0.63 0.5565445026178011 0.009230769230769232 0.015706806282722512
0 0.6053846153846154 0.5424083769633508 0.009230769230769232 0.014659685863874346
0 0.5838461538461538 0.543455497382199 0.004615384615384616 0.0062827225130890054
0 0.5773076923076923 0.543979057591623 0.005384615384615384 0.007329842931937173
0 0.5707692307692308 0.5429319371727749 0.003076923076923077 0.005235602094240838
0 0.5634615384615385 0.5523560209424084 0.006923076923076923 0.009424083769633508
0 0.553076923076923 0.5445026178010471 0.007692307692307693 0.010471204188481676
0 0.5453846153846154 0.543979057591623 0.004615384615384616 0.007329842931937173
0 0.54 0.5460732984293194 0.004615384615384616 0.005235602094240838
0 0.5288461538461539 0.543979057591623 0.006923076923076923 0.011518324607329843
0 0.5173076923076924 0.5481675392670157 0.002307692307692308 0.0031413612565445027
0 0.5123076923076924 0.5445026178010471 0.004615384615384616 0.0062827225130890054
0 0.5 0.5445026178010471 0.006153846153846154 0.008376963350785341
0 0.4973076923076923 0.5497382198952879 0.006923076923076923 0.008376963350785341
0 0.4876923076923077 0.5460732984293194 0.007692307692307693 0.009424083769633508
0 0.48423076923076924 0.5465968586387434 0.006923076923076923 0.010471204188481676
0 0.4707692307692308 0.5230366492146596 0.013846153846153847 0.02198952879581152
0 0.4503846153846154 0.5455497382198953 0.006923076923076923 0.010471204188481676
0 0.44384615384615383 0.5570680628272251 0.004615384615384616 0.0062827225130890054
0 0.43423076923076925 0.5486910994764398 0.005384615384615384 0.008376963350785341
0 0.43346153846153845 0.5486910994764398 0.005384615384615384 0.008376963350785341
0 0.4288461538461538 0.5465968586387434 0.006923076923076923 0.010471204188481676
0 0.4280769230769231 0.556020942408377 0.006923076923076923 0.008376963350785341
0 0.42153846153846153 0.5481675392670157 0.004615384615384616 0.007329842931937173
0 0.4173076923076923 0.5450261780104712 0.0038461538461538464 0.005235602094240838
0 0.41192307692307695 0.5455497382198953 0.005384615384615384 0.0062827225130890054
0 0.4026923076923077 0.5465968586387434 0.008461538461538461 0.010471204188481676
0 0.4 0.5513089005235602 0.006153846153846154 0.009424083769633508
0 0.39 0.5481675392670157 0.009230769230769232 0.013612565445026177
0 0.37615384615384617 0.5764397905759162 0.007692307692307693 0.05340314136125655
0 0.36653846153846154 0.5413612565445026 0.011538461538461539 0.012565445026178011
0 0.36038461538461536 0.5617801047120419 0.008461538461538461 0.04712041884816754
0 0.3523076923076923 0.5481675392670157 0.004615384615384616 0.007329842931937173
0 0.3523076923076923 0.5471204188481675 0.004615384615384616 0.007329842931937173
0 0.34615384615384615 0.5507853403141362 0.006153846153846154 0.008376963350785341
0 0.33692307692307694 0.5544502617801047 0.007692307692307693 0.011518324607329843
0 0.33076923076923076 0.5445026178010471 0.007692307692307693 0.012565445026178011
0 0.32153846153846155 0.5513089005235602 0.004615384615384616 0.005235602094240838
0 0.31461538461538463 0.5471204188481675 0.004615384615384616 0.007329842931937173
0 0.2915384615384615 0.550261780104712 0.009230769230769232 0.011518324607329843
0 0.27884615384615385 0.5554973821989528 0.006923076923076923 0.011518324607329843
0 0.2676923076923077 0.5534031413612566 0.007692307692307693 0.011518324607329843
0 0.26576923076923076 0.5544502617801047 0.008461538461538461 0.009424083769633508
0 0.2530769230769231 0.5591623036649215 0.006153846153846154 0.010471204188481676
0 0.25115384615384617 0.5523560209424084 0.006923076923076923 0.009424083769633508
0 0.2403846153846154 0.5544502617801047 0.006923076923076923 0.011518324607329843
0 0.23038461538461538 0.5523560209424084 0.0038461538461538464 0.005235602094240838
0 0.21923076923076923 0.5471204188481675 0.004615384615384616 0.005235602094240838
0 0.21423076923076922 0.5497382198952879 0.005384615384615384 0.010471204188481676
0 0.20923076923076922 0.5612565445026177 0.012307692307692308 0.018848167539267015
0 0.19846153846153847 0.5596858638743456 0.010769230769230769 0.01780104712041885
0 0.19115384615384615 0.5523560209424084 0.008461538461538461 0.011518324607329843
0 0.17692307692307693 0.5544502617801047 0.007692307692307693 0.011518324607329843
0 0.16076923076923078 0.5539267015706806 0.007692307692307693 0.010471204188481676
0 0.14884615384615385 0.550261780104712 0.006923076923076923 0.009424083769633508
0 0.14346153846153847 0.5518324607329843 0.005384615384615384 0.0062827225130890054
0 0.13038461538461538 0.5497382198952879 0.005384615384615384 0.008376963350785341
0 0.13115384615384615 0.550261780104712 0.005384615384615384 0.007329842931937173
0 0.11269230769230769 0.5544502617801047 0.005384615384615384 0.007329842931937173
0 0.12346153846153846 0.5743455497382199 0.011538461538461539 0.04712041884816754
0 0.11923076923076924 0.5591623036649215 0.004615384615384616 0.0062827225130890054
0 0.10307692307692308 0.5554973821989528 0.004615384615384616 0.007329842931937173
0 0.08961538461538461 0.5602094240837696 0.008461538461538461 0.008376963350785341
0 0.08846153846153847 0.550261780104712 0.006153846153846154 0.007329842931937173
0 0.07923076923076923 0.5565445026178011 0.012307692307692308 0.019895287958115182
0 0.03346153846153846 0.5596858638743456 0.01769230769230769 0.02198952879581152
0 0.009615384615384616 0.5602094240837696 0.008461538461538461 0.012565445026178011
0 0.9688461538461538 0.5335078534031413 0.005384615384615384 0.007329842931937173
0 0.9773076923076923 0.5340314136125655 0.0038461538461538464 0.0062827225130890054
