0 0.0475 0.7537453183520599 0.0175 0.024344569288389514
0 0.139375 0.6825842696629213 0.00875 0.016853932584269662
0 0.16625 0.7031835205992509 0.035 0.1104868913857678
0 0.180625 0.6395131086142322 0.01125 0.016853932584269662
0 0.179375 0.48408239700374533 0.00375 0.0056179775280898875
0 0.1425 0.5046816479400749 0.01 0.04307116104868914
0 0.51375 0.9119850187265918 0.015 0.026217228464419477
0 0.645 0.8689138576779026 0.01 0.02247191011235955
0 0.71125 0.8764044943820225 0.0125 0.026217228464419477
0 0.8875 0.9719101123595506 0.015 0.026217228464419477
0 0.99 0.9410112359550562 0.02 0.035580524344569285
0 0.52375 0.6947565543071161 0.01 0.018726591760299626
0 0.5475 0.6760299625468165 0.01 0.018726591760299626
0 0.529375 0.6432584269662921 0.00875 0.013108614232209739
0 0.525625 0.6441947565543071 0.00875 0.0149812734082397
0 0.496875 0.6385767790262172 0.00875 0.0149812734082397
0 0.48875 0.6367041198501873 0.01 0.0149812734082397
0 0.501875 0.5468164794007491 0.00625 0.011235955056179775
0 0.4425 0.5355805243445693 0.005 0.00749063670411985
0 0.455 0.5346441947565543 0.005 0.009363295880149813
0 0.47625 0.5749063670411985 0.0225 0.0599250936329588
0 0.396875 0.49157303370786515 0.01375 0.04681647940074907
0 0.408125 0.47752808988764045 0.00625 0.011235955056179775
0 0.46125 0.48220973782771537 0.0075 0.009363295880149813
0 0.480625 0.5028089887640449 0.00625 0.009363295880149813
0 0.44375 0.5056179775280899 0.005 0.00749063670411985
