0 0.23185117967332122 0.37994542974079126 0.05172413793103448 0.09140518417462483
0 0.38294010889292196 0.36425648021828105 0.04900181488203267 0.09549795361527967
0 0.5199637023593466 0.3601637107776262 0.045372050816696916 0.07366984993178717
0 0.6202359346642469 0.330150068212824 0.04446460980036298 0.07094133697135062
0 0.7418330308529946 0.31923601637107774 0.03901996370235935 0.07366984993178717
0 0.7636116152450091 0.26671214188267395 0.03720508166969147 0.061391541609822645
0 0.7595281306715064 0.21691678035470668 0.034482758620689655 0.04911323328785812
0 0.719147005444646 0.13506139154160982 0.029945553539019964 0.06002728512960437
0 0.7971869328493648 0.13028649386084584 0.022686025408348458 0.0504774897680764
0 0.838475499092559 0.21077762619372442 0.029038112522686024 0.05320600272851296
0 0.8502722323049002 0.17735334242837653 0.032667876588021776 0.0572987721691678
0 0.854355716878403 0.32332878581173263 0.03539019963702359 0.06002728512960437
0 0.9033575317604355 0.29263301500682126 0.03357531760435572 0.05593451568894952
0 0.9514519056261344 0.26671214188267395 0.029945553539019964 0.05320600272851296
0 0.9460072595281307 0.21964529331514324 0.02631578947368421 0.040927694406548434
0 0.9995462794918331 0.28035470668485674 0.03539019963702359 0.06957708049113233
