0 0.32566666666666666 0.3654197080291971 0.08866666666666667 0.14507299270072993
0 0.392 0.5424270072992701 0.09066666666666667 0.15967153284671534
0 0.44133333333333336 0.5451642335766423 0.07733333333333334 0.1633211678832117
0 0.48633333333333334 0.5406021897810219 0.08066666666666666 0.14507299270072993
0 0.59 0.5488138686131386 0.076 0.14872262773722628
0 0.6526666666666666 0.4822080291970803 0.07333333333333333 0.13412408759124086
0 0.62 0.4402372262773723 0.036 0.06478102189781022
0 0.6986666666666667 0.47034671532846717 0.06933333333333333 0.13594890510948904
0 0.884 0.4356751824817518 0.06266666666666666 0.09397810218978102
0 0.7803333333333333 0.47992700729927007 0.03 0.05291970802919708
0 0.776 0.46624087591240876 0.029333333333333333 0.04562043795620438
