0 0.012307692307692308 0.7171664943123061 0.004615384615384616 0.005170630816959669
0 0.021538461538461538 0.7290589451913133 0.010769230769230769 0.03722854188210962
0 0.01730769230769231 0.7238883143743536 0.0038461538461538464 0.0062047569803516025
0 0.02846153846153846 0.7264736297828335 0.006153846153846154 0.007238883143743537
0 0.03461538461538462 0.7269906928645294 0.007692307692307693 0.033092037228541885
0 0.04 0.7264736297828335 0.009230769230769232 0.03619441571871768
0 0.0673076923076923 0.7316442605997932 0.006923076923076923 0.007238883143743537
0 0.08038461538461539 0.734229576008273 0.005384615384615384 0.008273009307135471
0 0.09615384615384616 0.7295760082730093 0.007692307692307693 0.011375387797311272
0 0.09615384615384616 0.7285418821096173 0.006153846153846154 0.009307135470527405
0 0.011538461538461539 0.7543950361944157 0.010769230769230769 0.01344364012409514
0 0.021923076923076924 0.7859358841778697 0.011538461538461539 0.016546018614270942
0 0.05384615384615385 0.7647362978283351 0.013846153846153847 0.01964839710444674
0 0.19653846153846155 0.7533609100310238 0.006923076923076923 0.009307135470527405
0 0.21269230769230768 0.7321613236814891 0.006923076923076923 0.010341261633919338
0 0.2296153846153846 0.7549120992761117 0.006923076923076923 0.008273009307135471
0 0.2530769230769231 0.7440537745604964 0.004615384615384616 0.007238883143743537
0 0.15846153846153846 0.8055842812823164 0.012307692307692308 0.01861427094105481
0 0.19346153846153846 0.8247156153050672 0.013076923076923076 0.02171664943123061
0 0.23346153846153847 0.8578076525336091 0.026923076923076925 0.03412616339193381
0 0.2907692307692308 0.8634953464322648 0.024615384615384615 0.033092037228541885
0 0.2796153846153846 0.7807652533609101 0.01 0.014477766287487074
0 0.31884615384615383 0.7828335056876939 0.011538461538461539 0.01861427094105481
0 0.31846153846153846 0.7709410548086867 0.012307692307692308 0.01964839710444674
0 0.3392307692307692 0.7466390899689762 0.009230769230769232 0.012409513960703205
0 0.3465384615384615 0.7543950361944157 0.006923076923076923 0.009307135470527405
0 0.375 0.7724922440537746 0.016153846153846154 0.02481902792140641
0 0.5069230769230769 0.7481902792140641 0.012307692307692308 0.017580144777662874
0 0.5692307692307692 0.7414684591520165 0.007692307692307693 0.010341261633919338
0 0.6157692307692307 0.7543950361944157 0.008461538461538461 0.011375387797311272
0 0.5515384615384615 0.7833505687693899 0.012307692307692308 0.01964839710444674
0 0.5815384615384616 0.7647362978283351 0.010769230769230769 0.015511892450879007
0 0.5957692307692307 0.7864529472595657 0.011538461538461539 0.017580144777662874
0 0.5503846153846154 0.8872802481902792 0.03461538461538462 0.047569803516028956
0 0.6319230769230769 0.8216132368148914 0.014615384615384615 0.02171664943123061
0 0.6626923076923077 0.8231644260599793 0.013076923076923076 0.022750775594622543
0 0.6753846153846154 0.8226473629782833 0.015384615384615385 0.01964839710444674
0 0.6303846153846154 0.8650465356773527 0.026923076923076925 0.038262668045501554
0 0.6607692307692308 0.7745604963805585 0.012307692307692308 0.020682523267838676
0 0.693076923076923 0.7605997931747673 0.009230769230769232 0.015511892450879007
0 0.7138461538461538 0.8164426059979317 0.016923076923076923 0.027921406411582212
0 0.7292307692307692 0.7740434332988625 0.009230769230769232 0.01344364012409514
0 0.7503846153846154 0.734229576008273 0.005384615384615384 0.008273009307135471
0 0.7573076923076923 0.7605997931747673 0.011538461538461539 0.052740434332988625
0 0.7538461538461538 0.7409513960703206 0.007692307692307693 0.011375387797311272
0 0.7726923076923077 0.717683557394002 0.006923076923076923 0.008273009307135471
0 0.7715384615384615 0.7399172699069286 0.006153846153846154 0.007238883143743537
0 0.7980769230769231 0.7321613236814891 0.005384615384615384 0.008273009307135471
0 0.7738461538461539 0.7807652533609101 0.007692307692307693 0.010341261633919338
0 0.7796153846153846 0.8040330920372285 0.01769230769230769 0.025853154084798345
0 0.7915384615384615 0.8324715615305067 0.024615384615384615 0.07445708376421924
0 0.8176923076923077 0.8169596690796277 0.012307692307692308 0.01861427094105481
0 0.8584615384615385 0.765770423991727 0.007692307692307693 0.011375387797311272
0 0.865 0.7942088934850051 0.016153846153846154 0.022750775594622543
0 0.8811538461538462 0.7600827300930714 0.011538461538461539 0.014477766287487074
0 0.8973076923076924 0.7554291623578077 0.01 0.01344364012409514
0 0.9646153846153847 0.7936918304033092 0.013846153846153847 0.01964839710444674
0 0.9719230769230769 0.7512926577042399 0.01769230769230769 0.04860392967942089
0 0.9923076923076923 0.7233712512926577 0.006153846153846154 0.007238883143743537
0 0.9253846153846154 0.7197518097207859 0.004615384615384616 0.0062047569803516025
