0 0.041015625 0.2786458333333333 0.033203125 0.059895833333333336
0 0.212890625 0.2604166666666667 0.037109375 0.06510416666666667
0 0.3955078125 0.23307291666666666 0.033203125 0.059895833333333336
0 0.45751953125 0.3541666666666667 0.0380859375 0.06510416666666667
0 0.3818359375 0.4895833333333333 0.046875 0.08854166666666667
0 0.44970703125 0.501953125 0.0478515625 0.07161458333333333
0 0.47509765625 0.5052083333333334 0.0361328125 0.06770833333333333
0 0.51513671875 0.5169270833333334 0.0439453125 0.0625
0 0.5556640625 0.52734375 0.037109375 0.06510416666666667
0 0.69970703125 0.4368489583333333 0.0361328125 0.06640625
0 0.6953125 0.5182291666666666 0.04296875 0.059895833333333336
0 0.73046875 0.525390625 0.0390625 0.06640625
0 0.80810546875 0.5279947916666666 0.0478515625 0.06901041666666667
0 0.79638671875 0.5013020833333334 0.0439453125 0.0546875
0 0.78466796875 0.19596354166666666 0.0302734375 0.048177083333333336
