0 0.31666666666666665 0.66 0.06 0.10222222222222223
0 0.31416666666666665 0.5644444444444444 0.055 0.08888888888888889
0 0.2375 0.5166666666666667 0.051666666666666666 0.07333333333333333
0 0.09083333333333334 0.49333333333333335 0.058333333333333334 0.07111111111111111
0 0.17166666666666666 0.42333333333333334 0.04666666666666667 0.06888888888888889
0 0.27 0.3622222222222222 0.04 0.057777777777777775
0 0.3325 0.4077777777777778 0.035 0.05555555555555555
0 0.36666666666666664 0.34 0.03 0.05333333333333334
0 0.4025 0.39111111111111113 0.03166666666666667 0.05333333333333334
0 0.45666666666666667 0.3233333333333333 0.03 0.05555555555555555
0 0.5191666666666667 0.3688888888888889 0.035 0.057777777777777775
0 0.595 0.41 0.03666666666666667 0.06444444444444444
0 0.64 0.4166666666666667 0.03 0.05555555555555555
0 0.7075 0.39111111111111113 0.03166666666666667 0.04
0 0.6558333333333334 0.5544444444444444 0.045 0.06888888888888889
0 0.7016666666666667 0.4666666666666667 0.03666666666666667 0.06666666666666667
0 0.7475 0.47 0.045 0.07777777777777778
0 0.8575 0.5088888888888888 0.04833333333333333 0.06666666666666667
0 0.7466666666666667 0.6344444444444445 0.06 0.08666666666666667
0 0.8825 0.5822222222222222 0.06166666666666667 0.09777777777777778
0 0.8541666666666666 0.7044444444444444 0.095 0.14666666666666667
0 0.6891666666666667 0.2011111111111111 0.008333333333333333 0.011111111111111112
0 0.6766666666666666 0.18 0.01 0.013333333333333334
0 0.6491666666666667 0.18777777777777777 0.008333333333333333 0.011111111111111112
0 0.5858333333333333 0.1688888888888889 0.008333333333333333 0.013333333333333334
0 0.555 0.16777777777777778 0.006666666666666667 0.011111111111111112
0 0.46416666666666667 0.16777777777777778 0.008333333333333333 0.011111111111111112
0 0.2725 0.19666666666666666 0.008333333333333333 0.015555555555555555
0 0.32083333333333336 0.15777777777777777 0.008333333333333333 0.013333333333333334
0 0.2975 0.15666666666666668 0.008333333333333333 0.015555555555555555
0 0.26166666666666666 0.17222222222222222 0.006666666666666667 0.006666666666666667
0 0.24416666666666667 0.19111111111111112 0.015 0.06222222222222222
0 0.14833333333333334 0.15777777777777777 0.006666666666666667 0.008888888888888889
0 0.07166666666666667 0.18888888888888888 0.006666666666666667 0.008888888888888889
0 0.02666666666666667 0.18777777777777777 0.006666666666666667 0.011111111111111112
0 0.041666666666666664 0.15444444444444444 0.01 0.011111111111111112
0 0.019166666666666665 0.15666666666666668 0.008333333333333333 0.011111111111111112
0 0.0016666666666666668 0.18 0.02 0.07555555555555556
