0 0.8985688729874777 0.5127087872185911 0.031127012522361358 0.0784313725490196
0 0.8958855098389982 0.39578794480755264 0.03363148479427549 0.0813362381989833
0 0.9413237924865832 0.35003631082062453 0.032915921288014315 0.07988380537400146
0 0.80608228980322 0.5290486564996368 0.03148479427549195 0.08351488743645606
0 0.8631484794275492 0.35657225853304286 0.031127012522361358 0.08424110384894698
0 0.8940966010733452 0.2788671023965142 0.027906976744186046 0.06971677559912855
0 0.8098389982110913 0.4143064633260712 0.031127012522361358 0.0718954248366013
0 0.7717352415026834 0.1786492374727669 0.028622540250447227 0.07697893972403776
0 0.7484794275491949 0.4400871459694989 0.03005366726296959 0.0784313725490196
0 0.7037567084078712 0.19825708061002179 0.027906976744186046 0.0682643427741467
0 0.6708407871198568 0.4262890341321714 0.03005366726296959 0.07407407407407407
0 0.6196779964221825 0.1840958605664488 0.027191413237924865 0.07044299201161947
0 0.6339892665474061 0.3623819898329702 0.025760286225402506 0.07407407407407407
0 0.6 0.4480755265068991 0.03076923076923077 0.0813362381989833
0 0.5633273703041145 0.35802469135802467 0.029695885509839 0.0784313725490196
0 0.5189624329159213 0.42302106027596226 0.027549194991055456 0.074800290486565
0 0.5044722719141324 0.35366739288307913 0.027191413237924865 0.06971677559912855
0 0.5143112701252236 0.1840958605664488 0.023971377459749553 0.06753812636165578
0 0.4402504472271914 0.6673928830791576 0.038998211091234344 0.0915032679738562
0 0.4479427549194991 0.3710965867828613 0.02933810375670841 0.07262164124909223
0 0.43488372093023253 0.3104575163398693 0.025402504472271915 0.06753812636165578
0 0.3932021466905188 0.19281045751633988 0.024329159212880144 0.06753812636165578
0 0.38246869409660106 0.6299927378358751 0.037924865831842576 0.09368191721132897
0 0.38050089445438284 0.4186637618010167 0.03255813953488372 0.08206245461147423
0 0.3665474060822898 0.29920116194626 0.028264758497316637 0.07988380537400146
0 0.31234347048300537 0.5820624546114742 0.03577817531305903 0.08206245461147423
0 0.2899821109123435 0.43318809005083514 0.031127012522361358 0.08496732026143791
0 0.30590339892665475 0.3525780682643428 0.025760286225402506 0.06899055918663761
0 0.32057245080500896 0.29048656499636893 0.025044722719141325 0.06681190994916485
0 0.26851520572450804 0.21568627450980393 0.026833631484794274 0.06681190994916485
0 0.23130590339892665 0.29774872912127814 0.031127012522361358 0.07407407407407407
0 0.2153846153846154 0.4128540305010893 0.03220035778175313 0.08206245461147423
0 0.14472271914132379 0.2915758896151053 0.026118067978533093 0.06899055918663761
0 0.15402504472271913 0.4117647058823529 0.03041144901610018 0.08278867102396514
0 0.09141323792486583 0.4055918663761801 0.03041144901610018 0.07334785766158315
0 -0.002146690518783542 0.35294117647058826 0.0221824686940966 0.06100217864923747
