0 0.4432 0.3307322929171669 0.0448 0.08043217286914765
0 0.5884 0.3595438175270108 0.036 0.07082833133253301
0 0.7324 0.1482593037214886 0.0168 0.022809123649459785
0 0.7944 0.22388955582232895 0.0256 0.05162064825930372
0 0.88 0.3085234093637455 0.0304 0.06482593037214886
0 0.9304 0.265906362545018 0.0224 0.05402160864345738
0 0.9692 0.17046818727490998 0.02 0.04321728691476591
0 0.8852 0.14345738295318128 0.0184 0.030012004801920768
0 0.8696 0.22869147659063627 0.0224 0.0468187274909964
0 0.8212 0.1716686674669868 0.0248 0.03601440576230492
0 0.8216 0.21428571428571427 0.0208 0.04201680672268908
0 0.8788 0.26770708283313327 0.028 0.04321728691476591
