0 0.36375 0.8870143149284253 0.0125 0.015337423312883436
0 0.381875 0.8629856850715747 0.01375 0.016359918200409
0 0.434375 0.8261758691206544 0.01375 0.014314928425357873
0 0.46625 0.8195296523517382 0.0125 0.013292433537832311
0 0.530625 0.8604294478527608 0.01875 0.015337423312883436
0 0.944375 0.9289366053169734 0.01875 0.02147239263803681
0 0.96375 0.9197341513292433 0.0225 0.019427402862985686
0 0.95625 0.8486707566462167 0.0125 0.014314928425357873
0 0.71125 0.7888548057259713 0.0125 0.011247443762781187
0 0.74875 0.7515337423312883 0.01 0.010224948875255624
0 0.386875 0.7101226993865031 0.01125 0.009202453987730062
0 0.401875 0.7106339468302658 0.01125 0.010224948875255624
0 0.44125 0.7157464212678937 0.01 0.0081799591002045
0 0.534375 0.7091002044989775 0.01125 0.009202453987730062
0 0.471875 0.7070552147239264 0.00875 0.007157464212678937
0 0.4925 0.6988752556237219 0.0075 0.007157464212678937
0 0.494375 0.6850715746421268 0.00875 0.0081799591002045
0 0.51875 0.684560327198364 0.0075 0.007157464212678937
0 0.47625 0.6758691206543967 0.01 0.0081799591002045
0 0.466875 0.6763803680981595 0.00625 0.007157464212678937
0 0.49375 0.6605316973415133 0.0075 0.006134969325153374
0 0.29625 0.75920245398773 0.0125 0.011247443762781187
0 0.22625 0.7852760736196319 0.0125 0.012269938650306749
0 0.17625 0.7888548057259713 0.01 0.009202453987730062
0 0.233125 0.7070552147239264 0.00875 0.007157464212678937
0 0.243125 0.684560327198364 0.00875 0.007157464212678937
0 0.290625 0.6958077709611452 0.00875 0.007157464212678937
0 0.278125 0.6825153374233128 0.01125 0.009202453987730062
0 0.65625 0.6850715746421268 0.01 0.0081799591002045
0 0.63125 0.6942740286298569 0.01 0.0081799591002045
0 0.6275 0.7070552147239264 0.0225 0.050102249488752554
0 0.6025 0.6876278118609407 0.01 0.007157464212678937
0 0.588125 0.7055214723926381 0.02125 0.05521472392638037
0 0.54625 0.6687116564417178 0.01 0.006134969325153374
0 0.556875 0.6656441717791411 0.00875 0.0081799591002045
0 0.54375 0.6492842535787321 0.0075 0.006134969325153374
0 0.47625 0.6339468302658486 0.0075 0.006134969325153374
0 0.41875 0.6257668711656442 0.0075 0.006134969325153374
0 0.414375 0.6221881390593047 0.00625 0.005112474437627812
0 0.4325 0.6226993865030674 0.0075 0.006134969325153374
0 0.44625 0.6247443762781186 0.0075 0.006134969325153374
0 0.455 0.6257668711656442 0.0075 0.006134969325153374
0 0.49625 0.623721881390593 0.0075 0.006134969325153374
0 0.48375 0.6370143149284253 0.0125 0.028629856850715747
0 0.440625 0.5996932515337423 0.00625 0.005112474437627812
0 0.39125 0.6247443762781186 0.005 0.00408997955010225
0 0.366875 0.614519427402863 0.00625 0.006134969325153374
0 0.381875 0.614519427402863 0.00625 0.006134969325153374
0 0.405 0.581799591002045 0.005 0.00408997955010225
0 0.39375 0.5838445807770961 0.005 0.00408997955010225
0 0.301875 0.6078732106339468 0.00625 0.005112474437627812
0 0.2975 0.6007157464212679 0.005 0.005112474437627812
0 0.286875 0.6022494887525562 0.00625 0.00408997955010225
0 0.275625 0.6037832310838446 0.00625 0.005112474437627812
0 0.26375 0.5991820040899796 0.005 0.00408997955010225
0 0.254375 0.6012269938650306 0.00625 0.00408997955010225
0 0.239375 0.6002044989775052 0.00625 0.00408997955010225
0 0.21125 0.5940695296523517 0.005 0.00408997955010225
0 0.336875 0.6927402862985685 0.00875 0.007157464212678937
0 0.36125 0.6901840490797546 0.01 0.0081799591002045
0 0.44625 0.6860940695296524 0.0075 0.006134969325153374
0 0.23875 0.6370143149284253 0.0075 0.006134969325153374
0 0.22 0.6400817995910021 0.0075 0.006134969325153374
0 0.2 0.6411042944785276 0.0075 0.006134969325153374
0 0.180625 0.6405930470347648 0.00625 0.005112474437627812
0 0.34875 0.5961145194274029 0.005 0.00408997955010225
0 0.3575 0.6002044989775052 0.005 0.00408997955010225
0 0.376875 0.5996932515337423 0.00625 0.005112474437627812
0 0.4025 0.6124744376278118 0.005 0.00408997955010225
0 0.3875 0.6088957055214724 0.01 0.02556237218813906
0 0.39375 0.6119631901840491 0.01 0.023517382413087935
0 0.4175 0.5961145194274029 0.005 0.00408997955010225
0 0.320625 0.5950920245398773 0.01125 0.024539877300613498
0 0.565625 0.9207566462167689 0.02125 0.02147239263803681
0 0.558125 0.950920245398773 0.01875 0.016359918200409
0 0.640625 0.9601226993865031 0.01875 0.02044989775051125
0 0.6175 0.943762781186094 0.02 0.018404907975460124
0 0.675 0.49233128834355827 0.01 0.007157464212678937
0 0.61625 0.49335378323108386 0.0075 0.007157464212678937
