0 0.34296875 0.7266187050359713 0.0859375 0.12470023980815348
0 0.13125 0.513189448441247 0.05 0.09112709832134293
0 0.23828125 0.513189448441247 0.0484375 0.09592326139088729
0 0.3265625 0.4988009592326139 0.053125 0.10071942446043165
0 0.41171875 0.43764988009592326 0.0421875 0.07434052757793765
0 0.465625 0.5575539568345323 0.040625 0.08872901678657075
0 0.565625 0.5479616306954437 0.04375 0.07913669064748201
0 0.665625 0.6091127098321343 0.046875 0.09592326139088729
0 0.75390625 0.605515587529976 0.0484375 0.08872901678657075
0 0.846875 0.6306954436450839 0.053125 0.09592326139088729
0 0.92421875 0.5047961630695443 0.0421875 0.08393285371702638
0 0.28984375 0.47721822541966424 0.0359375 0.07194244604316546
0 0.20546875 0.33573141486810554 0.0390625 0.0815347721822542
0 0.0890625 0.2805755395683453 0.040625 0.0815347721822542
0 0.1828125 0.26258992805755393 0.0375 0.06474820143884892
0 0.2671875 0.290167865707434 0.0375 0.07194244604316546
0 0.26875 0.28896882494004794 0.0375 0.07434052757793765
0 0.9390625 0.3800959232613909 0.05625 0.10311750599520383
0 0.82578125 0.48081534772182255 0.0515625 0.09352517985611511
0 0.67265625 0.3752997601918465 0.0390625 0.08872901678657075
0 0.6796875 0.5035971223021583 0.040625 0.0815347721822542
0 0.7453125 0.4940047961630695 0.04375 0.08633093525179857
0 0.859375 0.31774580335731417 0.04375 0.08393285371702638
0 0.78515625 0.3345323741007194 0.0453125 0.08393285371702638
0 0.61875 0.3489208633093525 0.034375 0.07913669064748201
0 0.5953125 0.4892086330935252 0.0375 0.0815347721822542
0 0.51953125 0.42805755395683454 0.0484375 0.08393285371702638
0 0.49375 0.3105515587529976 0.046875 0.07913669064748201
0 0.5046875 0.29376498800959233 0.03125 0.06474820143884892
0 0.584375 0.2865707434052758 0.0375 0.07434052757793765
0 0.75703125 0.2793764988009592 0.0390625 0.07434052757793765
0 0.68125 0.290167865707434 0.040625 0.07673860911270983
0 0.4 0.3669064748201439 0.040625 0.0671462829736211
0 0.4203125 0.33213429256594723 0.040625 0.07434052757793765
0 0.36796875 0.3117505995203837 0.0265625 0.05275779376498801
0 0.20078125 0.4940047961630695 0.0390625 0.07673860911270983
