0 0.011363636363636364 0.7630303030303031 0.01 0.013333333333333334
0 0.034545454545454546 0.7927272727272727 0.016363636363636365 0.04363636363636364
0 0.05454545454545454 0.7903030303030303 0.005454545454545455 0.009696969696969697
0 0.07363636363636364 0.8012121212121213 0.005454545454545455 0.007272727272727273
0 0.08681818181818182 0.8212121212121212 0.019090909090909092 0.04242424242424243
0 0.13636363636363635 0.8254545454545454 0.005454545454545455 0.009696969696969697
0 0.1359090909090909 0.8503030303030303 0.006363636363636364 0.008484848484848486
0 0.18454545454545454 0.833939393939394 0.005454545454545455 0.007272727272727273
0 0.15227272727272728 0.9151515151515152 0.015454545454545455 0.024242424242424242
0 0.19772727272727272 0.8551515151515151 0.019090909090909092 0.02303030303030303
0 0.2927272727272727 0.8842424242424243 0.012727272727272728 0.020606060606060607
0 0.3018181818181818 0.8587878787878788 0.007272727272727273 0.013333333333333334
0 0.3718181818181818 0.8757575757575757 0.00909090909090909 0.01575757575757576
0 0.38772727272727275 0.8727272727272727 0.013636363636363636 0.019393939393939394
0 0.40863636363636363 0.8763636363636363 0.01 0.014545454545454545
0 0.4259090909090909 0.8739393939393939 0.008181818181818182 0.012121212121212121
0 0.44181818181818183 0.8684848484848485 0.007272727272727273 0.01090909090909091
0 0.4490909090909091 0.8745454545454545 0.007272727272727273 0.01090909090909091
0 0.4709090909090909 0.8812121212121212 0.007272727272727273 0.009696969696969697
0 0.49 0.8763636363636363 0.005454545454545455 0.007272727272727273
0 0.5 0.876969696969697 0.005454545454545455 0.006060606060606061
0 0.5209090909090909 0.8860606060606061 0.01090909090909091 0.014545454545454545
0 0.5445454545454546 0.8787878787878788 0.00909090909090909 0.012121212121212121
0 0.5404545454545454 0.8787878787878788 0.008181818181818182 0.012121212121212121
0 0.5859090909090909 0.9030303030303031 0.013636363636363636 0.024242424242424242
0 0.5922727272727273 0.8793939393939394 0.006363636363636364 0.008484848484848486
0 0.6095454545454545 0.883030303030303 0.01 0.013333333333333334
0 0.6222727272727273 0.8703030303030304 0.006363636363636364 0.009696969696969697
0 0.6459090909090909 0.8715151515151515 0.006363636363636364 0.009696969696969697
0 0.675 0.8715151515151515 0.01 0.01696969696969697
0 0.6859090909090909 0.8672727272727273 0.01 0.01575757575757576
0 0.8072727272727273 0.8418181818181818 0.016363636363636365 0.020606060606060607
0 0.8309090909090909 0.86 0.02909090909090909 0.037575757575757575
0 0.8872727272727273 0.8072727272727273 0.01090909090909091 0.014545454545454545
0 0.9545454545454546 0.7739393939393939 0.005454545454545455 0.008484848484848486
0 0.9709090909090909 0.7763636363636364 0.007272727272727273 0.01090909090909091
0 0.985 0.7703030303030303 0.008181818181818182 0.01575757575757576
