0 0.06640625 0.7291666666666666 0.017578125 0.0234375
0 0.068359375 0.677734375 0.013671875 0.016927083333333332
0 0.04052734375 0.669921875 0.0107421875 0.014322916666666666
0 0.0146484375 0.7076822916666666 0.029296875 0.08984375
0 0.00146484375 0.6725260416666666 0.0107421875 0.016927083333333332
0 0.197265625 0.705078125 0.01171875 0.016927083333333332
0 0.2236328125 0.7337239583333334 0.0078125 0.01171875
0 0.248046875 0.708984375 0.009765625 0.014322916666666666
0 0.33349609375 0.7135416666666666 0.0126953125 0.018229166666666668
0 0.3134765625 0.7063802083333334 0.015625 0.01953125
0 0.298828125 0.767578125 0.01953125 0.06640625
0 0.35205078125 0.6783854166666666 0.0107421875 0.015625
0 0.3837890625 0.6927083333333334 0.0078125 0.013020833333333334
0 0.39404296875 0.71875 0.0146484375 0.07552083333333333
0 0.4443359375 0.6907552083333334 0.0078125 0.009114583333333334
0 0.466796875 0.7083333333333334 0.015625 0.0546875
0 0.48486328125 0.6875 0.0068359375 0.0078125
0 0.5087890625 0.6907552083333334 0.005859375 0.009114583333333334
0 0.51904296875 0.6946614583333334 0.0048828125 0.006510416666666667
0 0.53271484375 0.7122395833333334 0.0185546875 0.06510416666666667
0 0.54248046875 0.6966145833333334 0.0107421875 0.015625
0 0.59619140625 0.7024739583333334 0.0068359375 0.01171875
0 0.2724609375 0.615234375 0.005859375 0.009114583333333334
0 0.0087890625 0.6236979166666666 0.02734375 0.033854166666666664
0 0.0205078125 0.6236979166666666 0.005859375 0.0078125
0 0.15478515625 0.6126302083333334 0.0087890625 0.01171875
0 0.18798828125 0.6178385416666666 0.0068359375 0.009114583333333334
0 0.19677734375 0.6380208333333334 0.0166015625 0.0234375
0 0.22314453125 0.6100260416666666 0.0068359375 0.009114583333333334
0 0.24169921875 0.6321614583333334 0.0146484375 0.032552083333333336
