0 0.24653846153846154 0.7782909930715936 0.013076923076923076 0.020785219399538105
0 0.22153846153846155 0.7777136258660509 0.007692307692307693 0.010392609699769052
0 0.26153846153846155 0.766743648960739 0.006153846153846154 0.011547344110854504
0 0.2696153846153846 0.7771362586605081 0.006923076923076923 0.013856812933025405
0 0.2746153846153846 0.7800230946882217 0.007692307692307693 0.010392609699769052
0 0.2969230769230769 0.7725173210161663 0.007692307692307693 0.013856812933025405
0 0.31846153846153846 0.7765588914549654 0.007692307692307693 0.012702078521939953
0 0.4926923076923077 0.7719399538106235 0.008461538461538461 0.010392609699769052
0 0.7269230769230769 0.766743648960739 0.006153846153846154 0.009237875288683603
0 0.7380769230769231 0.7650115473441108 0.006923076923076923 0.010392609699769052
0 0.7484615384615385 0.7678983833718245 0.006153846153846154 0.009237875288683603
0 0.7711538461538462 0.7557736720554272 0.006923076923076923 0.012702078521939953
0 0.7888461538461539 0.754041570438799 0.005384615384615384 0.009237875288683603
0 0.7665384615384615 0.7615473441108545 0.005384615384615384 0.010392609699769052
