0 0.7639388489208633 0.8370607028753994 0.008093525179856115 0.01597444089456869
0 0.8169964028776978 0.8761980830670927 0.008093525179856115 0.01437699680511182
0 0.8300359712230215 0.8889776357827476 0.007194244604316547 0.01437699680511182
0 0.8125 0.8019169329073482 0.008093525179856115 0.01597444089456869
0 0.8255395683453237 0.7755591054313099 0.007194244604316547 0.01437699680511182
0 0.8223920863309353 0.7987220447284346 0.0170863309352518 0.07987220447284345
0 0.79181654676259 0.7819488817891374 0.009892086330935251 0.01757188498402556
0 0.7981115107913669 0.7723642172523961 0.006294964028776978 0.011182108626198083
0 0.783273381294964 0.7771565495207667 0.007194244604316547 0.01437699680511182
0 0.8794964028776978 0.7412140575079872 0.007194244604316547 0.009584664536741214
0 0.9734712230215827 0.6956869009584664 0.006294964028776978 0.011182108626198083
0 0.9622302158273381 0.6669329073482428 0.00539568345323741 0.011182108626198083
0 0.9442446043165468 0.6669329073482428 0.00539568345323741 0.011182108626198083
0 0.9285071942446043 0.6749201277955271 0.006294964028776978 0.011182108626198083
0 0.9213129496402878 0.65814696485623 0.006294964028776978 0.012779552715654952
0 0.9307553956834532 0.6405750798722045 0.00539568345323741 0.012779552715654952
0 0.9842625899280576 0.6317891373801917 0.006294964028776978 0.011182108626198083
0 0.9968525179856115 0.6357827476038339 0.008093525179856115 0.012779552715654952
0 0.9955035971223022 0.6293929712460063 0.007194244604316547 0.012779552715654952
0 0.9653776978417267 0.634185303514377 0.006294964028776978 0.009584664536741214
0 0.9536870503597122 0.6301916932907349 0.006294964028776978 0.011182108626198083
0 0.9698741007194245 0.6126198083067093 0.006294964028776978 0.011182108626198083
0 0.9806654676258992 0.6126198083067093 0.006294964028776978 0.011182108626198083
0 0.9878597122302158 0.5766773162939297 0.0044964028776978415 0.009584664536741214
0 0.9631294964028777 0.5750798722044729 0.00539568345323741 0.009584664536741214
0 0.9779676258992805 0.5670926517571885 0.006294964028776978 0.009584664536741214
0 0.9451438848920863 0.5519169329073482 0.00539568345323741 0.007987220447284345
0 0.9730215827338129 0.48562300319488816 0.0035971223021582736 0.006389776357827476
0 0.9613309352517986 0.48562300319488816 0.0035971223021582736 0.006389776357827476
0 0.9563848920863309 0.4736421725239617 0.0044964028776978415 0.007987220447284345
0 0.9469424460431655 0.4720447284345048 0.0035971223021582736 0.007987220447284345
0 0.9595323741007195 0.4544728434504792 0.0035971223021582736 0.007987220447284345
0 0.9532374100719424 0.4281150159744409 0.00539568345323741 0.009584664536741214
0 0.9415467625899281 0.4704472843450479 0.0035971223021582736 0.007987220447284345
0 0.9442446043165468 0.43210862619808305 0.00539568345323741 0.007987220447284345
0 0.920863309352518 0.43690095846645366 0.0035971223021582736 0.004792332268370607
0 0.9285071942446043 0.426517571884984 0.008093525179856115 0.04472843450479233
0 0.9001798561151079 0.42971246006389774 0.0035971223021582736 0.006389776357827476
0 0.8871402877697842 0.43929712460063897 0.0044964028776978415 0.006389776357827476
0 0.8835431654676259 0.43210862619808305 0.0044964028776978415 0.007987220447284345
0 0.8183453237410072 0.33785942492012777 0.0035971223021582736 0.004792332268370607
0 0.7972122302158273 0.36022364217252395 0.002697841726618705 0.004792332268370607
0 0.8093525179856115 0.3889776357827476 0.007194244604316547 0.03354632587859425
0 0.8017086330935251 0.38099041533546324 0.002697841726618705 0.004792332268370607
0 0.8187949640287769 0.3817891373801917 0.006294964028776978 0.02875399361022364
0 0.9033273381294964 0.3993610223642173 0.0044964028776978415 0.009584664536741214
0 0.9051258992805755 0.3889776357827476 0.0044964028776978415 0.007987220447284345
0 0.8920863309352518 0.3985623003194888 0.0035971223021582736 0.007987220447284345
0 0.7351618705035972 0.8442492012779552 0.008093525179856115 0.01437699680511182
0 0.7189748201438849 0.8402555910543131 0.008093525179856115 0.01597444089456869
0 0.6960431654676259 0.84185303514377 0.007194244604316547 0.012779552715654952
0 0.6861510791366906 0.9121405750798722 0.008992805755395683 0.01597444089456869
0 0.6573741007194245 1.0071884984025559 0.02697841726618705 0.10702875399361023
0 0.6551258992805755 0.9105431309904153 0.008093525179856115 0.019169329073482427
0 0.6659172661870504 0.902555910543131 0.008093525179856115 0.012779552715654952
0 0.6677158273381295 0.8873801916932907 0.006294964028776978 0.01437699680511182
0 0.6812050359712231 0.8881789137380192 0.006294964028776978 0.012779552715654952
0 0.6946942446043165 0.8921725239616614 0.008093525179856115 0.01757188498402556
0 0.658273381294964 0.9009584664536742 0.017985611510791366 0.08306709265175719
0 0.6312949640287769 0.895367412140575 0.007194244604316547 0.01437699680511182
0 0.6425359712230215 0.9217252396166135 0.015287769784172662 0.08626198083067092
0 0.6497302158273381 0.889776357827476 0.008093525179856115 0.01597444089456869
0 0.6366906474820144 0.9281150159744409 0.008992805755395683 0.01597444089456869
0 0.612410071942446 0.9257188498402555 0.008992805755395683 0.01437699680511182
0 0.6196043165467626 0.8674121405750799 0.007194244604316547 0.01597444089456869
0 0.5948741007194245 0.8873801916932907 0.008093525179856115 0.01437699680511182
0 0.5908273381294964 0.9456869009584664 0.008992805755395683 0.01597444089456869
0 0.5939748201438849 0.9416932907348243 0.008093525179856115 0.01437699680511182
0 0.5737410071942446 0.9121405750798722 0.007194244604316547 0.01597444089456869
0 0.5589028776978417 0.9488817891373802 0.008093525179856115 0.01597444089456869
0 0.5089928057553957 0.9600638977635783 0.007194244604316547 0.019169329073482427
0 0.4572841726618705 0.9217252396166135 0.008093525179856115 0.01597444089456869
0 0.52068345323741 0.8929712460063898 0.008992805755395683 0.01597444089456869
0 0.49550359712230213 0.8714057507987221 0.007194244604316547 0.01437699680511182
0 0.4716726618705036 0.889776357827476 0.008093525179856115 0.01597444089456869
0 0.4739208633093525 0.8650159744408946 0.007194244604316547 0.01437699680511182
0 0.5094424460431655 0.8626198083067093 0.008093525179856115 0.01597444089456869
0 0.49595323741007197 0.8730031948881789 0.008093525179856115 0.01757188498402556
0 0.5184352517985612 0.8354632587859425 0.008093525179856115 0.012779552715654952
0 0.5130395683453237 0.8426517571884984 0.006294964028776978 0.01757188498402556
0 0.510341726618705 0.8642172523961661 0.006294964028776978 0.012779552715654952
0 0.5148381294964028 0.8514376996805112 0.018884892086330936 0.07987220447284345
0 0.5130395683453237 0.7915335463258786 0.009892086330935251 0.01757188498402556
0 0.5359712230215827 0.786741214057508 0.007194244604316547 0.01437699680511182
0 0.5553057553956835 0.7939297124600639 0.006294964028776978 0.012779552715654952
0 0.516636690647482 0.7739616613418531 0.008093525179856115 0.01437699680511182
0 0.44244604316546765 0.8330670926517572 0.007194244604316547 0.01437699680511182
0 0.4204136690647482 0.8250798722044729 0.006294964028776978 0.01437699680511182
0 0.4177158273381295 0.8099041533546326 0.006294964028776978 0.012779552715654952
0 0.4307553956834532 0.7931309904153354 0.007194244604316547 0.01437699680511182
0 0.3255395683453237 0.8857827476038339 0.007194244604316547 0.01437699680511182
0 0.3107014388489209 0.9233226837060703 0.008093525179856115 0.01597444089456869
0 0.30710431654676257 0.8570287539936102 0.008093525179856115 0.01437699680511182
0 0.2787769784172662 0.8889776357827476 0.007194244604316547 0.01437699680511182
0 0.2522482014388489 0.9361022364217252 0.008093525179856115 0.012779552715654952
0 0.24235611510791366 0.9049520766773163 0.008093525179856115 0.01437699680511182
0 0.26888489208633093 0.8402555910543131 0.008992805755395683 0.01597444089456869
0 0.2526978417266187 0.8937699680511182 0.014388489208633094 0.06549520766773163
0 0.2558453237410072 0.8378594249201278 0.008093525179856115 0.01437699680511182
0 0.21178057553956833 0.8618210862619808 0.008093525179856115 0.01757188498402556
0 0.19739208633093525 0.9656549520766773 0.009892086330935251 0.01757188498402556
0 0.17805755395683454 0.9041533546325878 0.008992805755395683 0.01597444089456869
0 0.21627697841726617 0.8442492012779552 0.006294964028776978 0.01437699680511182
0 0.24055755395683454 0.8282747603833865 0.006294964028776978 0.01437699680511182
0 0.2306654676258993 0.8202875399361023 0.006294964028776978 0.01437699680511182
0 0.2216726618705036 0.8234824281150159 0.006294964028776978 0.011182108626198083
0 0.19694244604316546 0.8466453674121406 0.008992805755395683 0.01597444089456869
0 0.18705035971223022 0.8322683706070287 0.007194244604316547 0.012779552715654952
0 0.20368705035971224 0.8266773162939297 0.008093525179856115 0.01437699680511182
0 0.2135791366906475 0.8035143769968051 0.008093525179856115 0.01597444089456869
0 0.17176258992805754 0.8298722044728435 0.008992805755395683 0.01437699680511182
0 0.16411870503597123 0.8250798722044729 0.006294964028776978 0.01437699680511182
0 0.15782374100719423 0.8218849840255591 0.008093525179856115 0.01757188498402556
0 0.1875 0.8115015974440895 0.008093525179856115 0.012779552715654952
0 0.18615107913669066 0.8011182108626198 0.007194244604316547 0.01437699680511182
0 0.1789568345323741 0.786741214057508 0.00539568345323741 0.011182108626198083
0 0.16636690647482014 0.8075079872204473 0.014388489208633094 0.05910543130990415
0 0.15197841726618705 0.8011182108626198 0.007194244604316547 0.01437699680511182
0 0.19964028776978418 0.7731629392971247 0.007194244604316547 0.012779552715654952
0 0.21133093525179855 0.7611821086261981 0.00539568345323741 0.007987220447284345
0 0.20323741007194246 0.7436102236421726 0.007194244604316547 0.011182108626198083
0 0.20908273381294964 0.7340255591054313 0.006294964028776978 0.011182108626198083
0 0.1672661870503597 0.7428115015974441 0.00539568345323741 0.009584664536741214
0 0.16996402877697842 0.7611821086261981 0.007194244604316547 0.011182108626198083
0 0.1596223021582734 0.7763578274760383 0.006294964028776978 0.012779552715654952
0 0.14343525179856115 0.7851437699680511 0.008093525179856115 0.01437699680511182
0 0.1510791366906475 0.7539936102236422 0.0035971223021582736 0.006389776357827476
0 0.13129496402877697 0.799520766773163 0.008992805755395683 0.011182108626198083
0 0.11555755395683454 0.7907348242811502 0.006294964028776978 0.012779552715654952
0 0.10476618705035971 0.7931309904153354 0.008093525179856115 0.01437699680511182
0 0.10476618705035971 0.7819488817891374 0.009892086330935251 0.01437699680511182
0 0.13174460431654678 0.7811501597444089 0.008093525179856115 0.01597444089456869
0 0.14253597122302158 0.786741214057508 0.006294964028776978 0.011182108626198083
0 0.13309352517985612 0.7963258785942492 0.01618705035971223 0.0878594249201278
0 0.1510791366906475 0.7715654952076677 0.01079136690647482 0.05750798722044728
0 0.14343525179856115 0.7388178913738019 0.006294964028776978 0.011182108626198083
0 0.12634892086330934 0.7412140575079872 0.008093525179856115 0.012779552715654952
0 0.11780575539568346 0.7787539936102237 0.008992805755395683 0.01437699680511182
0 0.10836330935251799 0.7619808306709265 0.006294964028776978 0.009584664536741214
0 0.09262589928057553 0.7523961661341853 0.007194244604316547 0.012779552715654952
0 0.11465827338129496 0.7396166134185304 0.008093525179856115 0.01597444089456869
0 0.13444244604316546 0.7244408945686901 0.008093525179856115 0.011182108626198083
0 0.12050359712230216 0.7236421725239617 0.00539568345323741 0.009584664536741214
0 0.10971223021582734 0.7052715654952076 0.01079136690647482 0.01437699680511182
0 0.10251798561151079 0.6884984025559105 0.00539568345323741 0.009584664536741214
0 0.09217625899280575 0.7268370607028753 0.006294964028776978 0.012779552715654952
0 0.09532374100719425 0.744408945686901 0.01079136690647482 0.06070287539936102
0 0.08408273381294964 0.7388178913738019 0.008093525179856115 0.01437699680511182
0 0.07284172661870504 0.731629392971246 0.007194244604316547 0.012779552715654952
0 0.08183453237410072 0.7140575079872205 0.007194244604316547 0.012779552715654952
0 0.07553956834532374 0.713258785942492 0.007194244604316547 0.01437699680511182
0 0.06429856115107914 0.7028753993610224 0.006294964028776978 0.012779552715654952
0 0.05485611510791367 0.7052715654952076 0.007194244604316547 0.01437699680511182
0 0.042715827338129495 0.7124600638977636 0.006294964028776978 0.012779552715654952
0 0.045863309352517985 0.7699680511182109 0.007194244604316547 0.01597444089456869
0 0.07239208633093525 0.8027156549520766 0.006294964028776978 0.01437699680511182
0 0.03147482014388489 0.7276357827476039 0.007194244604316547 0.01437699680511182
0 0.03147482014388489 0.6932907348242812 0.007194244604316547 0.012779552715654952
0 0.026528776978417268 0.6725239616613419 0.006294964028776978 0.012779552715654952
0 0.04946043165467626 0.689297124600639 0.00539568345323741 0.011182108626198083
0 0.04091726618705036 0.6597444089456869 0.006294964028776978 0.01597444089456869
0 0.0341726618705036 0.6206070287539937 0.00539568345323741 0.011182108626198083
0 0.040467625899280574 0.6222044728434505 0.00539568345323741 0.011182108626198083
0 0.05440647482014389 0.5878594249201278 0.006294964028776978 0.009584664536741214
0 0.07059352517985612 0.5758785942492013 0.0044964028776978415 0.007987220447284345
0 0.06879496402877698 0.5702875399361023 0.0044964028776978415 0.009584664536741214
0 0.051258992805755396 0.5111821086261981 0.0035971223021582736 0.006389776357827476
0 0.044064748201438846 0.5015974440894568 0.00539568345323741 0.009584664536741214
0 0.0341726618705036 0.4992012779552716 0.00539568345323741 0.011182108626198083
0 0.06384892086330936 0.4696485623003195 0.0035971223021582736 0.006389776357827476
0 0.049910071942446045 0.4768370607028754 0.0044964028776978415 0.007987220447284345
0 0.07194244604316546 0.48242811501597443 0.008992805755395683 0.051118210862619806
0 0.043615107913669064 0.46325878594249204 0.006294964028776978 0.04153354632587859
0 0.05845323741007194 0.46086261980830673 0.0035971223021582736 0.007987220447284345
0 0.08048561151079137 0.4464856230031949 0.0044964028776978415 0.007987220447284345
0 0.07733812949640288 0.4696485623003195 0.008992805755395683 0.04472843450479233
0 0.07823741007194245 0.4217252396166134 0.0035971223021582736 0.006389776357827476
0 0.0737410071942446 0.43929712460063897 0.007194244604316547 0.03514376996805112
0 0.10701438848920863 0.38817891373801916 0.0035971223021582736 0.006389776357827476
0 0.5980215827338129 0.7955271565495208 0.007194244604316547 0.012779552715654952
0 0.5782374100719424 0.7915335463258786 0.007194244604316547 0.01437699680511182
0 0.5804856115107914 0.7731629392971247 0.006294964028776978 0.012779552715654952
0 0.5939748201438849 0.762779552715655 0.006294964028776978 0.011182108626198083
0 0.6263489208633094 0.7507987220447284 0.006294964028776978 0.012779552715654952
0 0.6335431654676259 0.7659744408945687 0.006294964028776978 0.01437699680511182
0 0.6438848920863309 0.7755591054313099 0.007194244604316547 0.01437699680511182
0 0.6330935251798561 0.7731629392971247 0.01079136690647482 0.06070287539936102
0 0.6510791366906474 0.7380191693290735 0.007194244604316547 0.012779552715654952
0 0.6492805755395683 0.7563897763578274 0.007194244604316547 0.01437699680511182
0 0.6632194244604317 0.7675718849840255 0.008093525179856115 0.01437699680511182
0 0.6740107913669064 0.755591054313099 0.008093525179856115 0.01597444089456869
0 0.6803057553956835 0.7484025559105432 0.006294964028776978 0.011182108626198083
0 0.6785071942446043 0.7364217252396166 0.006294964028776978 0.012779552715654952
0 0.6699640287769785 0.7284345047923323 0.00539568345323741 0.012779552715654952
0 0.7257194244604317 0.7012779552715654 0.00539568345323741 0.012779552715654952
0 0.5251798561151079 0.7284345047923323 0.00539568345323741 0.009584664536741214
0 0.5058453237410072 0.7420127795527156 0.006294964028776978 0.011182108626198083
0 0.49550359712230213 0.744408945686901 0.00539568345323741 0.012779552715654952
0 0.49010791366906475 0.7739616613418531 0.0035971223021582736 0.007987220447284345
0 0.5337230215827338 0.7204472843450479 0.0044964028776978415 0.009584664536741214
0 0.5440647482014388 0.7595846645367412 0.008992805755395683 0.07507987220447285
0 0.5148381294964028 0.7228434504792333 0.006294964028776978 0.011182108626198083
0 0.5089928057553957 0.7244408945686901 0.007194244604316547 0.01437699680511182
0 0.49505395683453235 0.7260383386581469 0.006294964028776978 0.011182108626198083
0 0.47931654676258995 0.7268370607028753 0.008992805755395683 0.012779552715654952
0 0.4869604316546763 0.7244408945686901 0.006294964028776978 0.011182108626198083
0 0.4653776978417266 0.7228434504792333 0.006294964028776978 0.011182108626198083
0 0.4572841726618705 0.7332268370607029 0.006294964028776978 0.009584664536741214
0 0.45008992805755393 0.7212460063897763 0.006294964028776978 0.011182108626198083
0 0.4379496402877698 0.7340255591054313 0.00539568345323741 0.011182108626198083
0 0.42760791366906475 0.7404153354632588 0.006294964028776978 0.01437699680511182
