0 0.7362846279196089 0.4400966183574879 0.047256925583921784 0.09565217391304348
0 0.7474198804997284 0.2951690821256039 0.045627376425855515 0.09951690821256039
0 0.4595328625746877 0.4792270531400966 0.046713742531233025 0.08502415458937199
0 0.5054318305268876 0.4458937198067633 0.043997827267789245 0.08985507246376812
0 0.3517110266159696 0.32608695652173914 0.047256925583921784 0.08985507246376812
0 0.17381857686040195 0.2821256038647343 0.046713742531233025 0.10628019323671498
0 0.20749592612710482 0.28840579710144926 0.042368278109722976 0.08792270531400966
0 0.5600217273221075 0.35942028985507246 0.04345464421510049 0.07922705314009662
0 0.4416078218359587 0.24782608695652175 0.047800108636610536 0.0821256038647343
0 0.9505703422053232 0.14879227053140096 0.040195545898967955 0.0927536231884058
0 0.9826181423139598 -0.05555555555555555 0.027159152634437807 0.04734299516908213
0 0.8394894079304726 0.16956521739130434 0.039652362846279196 0.09371980676328502
0 0.7457903313416622 0.18405797101449275 0.040195545898967955 0.07632850241545894
0 0.586909288430201 0.09082125603864734 0.042911461162411735 0.10241545893719807
0 0.47664312873438347 0.10869565217391304 0.04073872895165671 0.09951690821256039
0 0.35578489951113523 0.10772946859903382 0.042368278109722976 0.09565217391304348
0 0.031233025529603477 0.17149758454106281 0.047256925583921784 0.1111111111111111
0 0.1610537751222162 0.1859903381642512 0.03204780010863661 0.08792270531400966
0 0.5703422053231939 -0.09130434782608696 0.03476371537208039 0.07053140096618357
0 0.44459532862574686 -0.10096618357487923 0.025529603476371537 0.04734299516908213
0 0.33840304182509506 -0.07536231884057971 0.030418250950570342 0.05217391304347826
0 0.22487778381314502 -0.09565217391304348 0.022813688212927757 0.04057971014492753
0 0.11488321564367192 -0.08405797101449275 0.027702335687126562 0.050241545893719805
0 0.022270505160239002 -0.05410628019323672 0.023900054318305268 0.04251207729468599
