0 -0.011295822676896846 0.6684362934362934 0.04603580562659847 0.09491634491634492
0 0.1795609548167093 0.6465572715572716 0.0726768968456948 0.10392535392535393
0 0.2528772378516624 0.6087516087516087 0.05093776641091219 0.08172458172458172
0 0.054987212276214836 0.6003861003861004 0.05200341005967604 0.07335907335907337
0 0.18350383631713554 0.6066602316602316 0.04560954816709292 0.06917631917631918
0 0.3154305200341006 0.6073037323037324 0.03580562659846547 0.06724581724581724
0 0.22389173060528558 0.6061776061776062 0.043265132139812444 0.074002574002574
0 0.12468030690537084 0.5973294723294723 0.03836317135549872 0.06981981981981981
0 0.3351449275362319 0.5793114543114544 0.03260869565217391 0.054375804375804374
0 0.3618925831202046 0.577059202059202 0.02557544757033248 0.04407979407979408
0 0.4004688832054561 0.5513191763191764 0.02557544757033248 0.041505791505791506
0 0.4027067348678602 0.5432754182754183 0.016410912190963342 0.030566280566280565
0 0.3808610400682012 0.5294401544401545 0.011935208866155157 0.017696267696267698
0 0.3402600170502984 0.49646074646074645 0.013427109974424553 0.02059202059202059
0 0.32001278772378516 0.4840733590733591 0.010869565217391304 0.017696267696267698
0 0.37041773231031544 0.5196267696267697 0.010656436487638534 0.02059202059202059
0 0.42828218243819266 0.5173745173745173 0.011295822676896846 0.021235521235521235
0 0.44831628303495313 0.47393822393822393 0.011722080136402387 0.021235521235521235
0 0.29092071611253195 0.51994851994852 0.011082693947144074 0.021235521235521235
0 0.24946717817561806 0.4880952380952381 0.01300085251491901 0.02059202059202059
0 0.22303921568627452 0.49066924066924067 0.01300085251491901 0.023166023166023165
0 0.1772165387894288 0.46702059202059204 0.01257459505541347 0.02413127413127413
0 0.12468030690537084 0.4911518661518662 0.013213981244671782 0.020913770913770915
0 0.10400682011935208 0.4917953667953668 0.015345268542199489 0.022844272844272845
0 0.08248081841432225 0.48906048906048905 0.014919011082693947 0.023809523809523808
0 0.059782608695652176 0.47812097812097815 0.014705882352941176 0.02574002574002574
0 0.018115942028985508 0.4980694980694981 0.013640238704177323 0.021879021879021878
0 0.03569906223358909 0.49243886743886744 0.01300085251491901 0.01833976833976834
0 0.0034100596760443308 0.4586550836550837 0.00937766410912191 0.01705276705276705
0 0.014599317988064792 0.4568854568854569 0.011295822676896846 0.01673101673101673
0 0.024616368286445013 0.4638030888030888 0.010869565217391304 0.01705276705276705
0 0.3637041773231032 0.5466537966537967 0.016837169650468883 0.030244530244530245
0 0.5052216538789429 0.4683075933075933 0.017689684569479967 0.026705276705276705
0 0.8765984654731458 0.6640926640926641 0.06777493606138107 0.12483912483912483
0 0.9937127024722933 0.6307915057915058 0.05392156862745098 0.11036036036036036
0 0.8781969309462916 0.606016731016731 0.05349531116794544 0.08783783783783784
0 0.9499147485080989 0.597007722007722 0.051577152600170505 0.07947232947232948
0 0.7262361466325661 0.6081081081081081 0.05179028132992328 0.09523809523809523
0 0.7988064791133845 0.5881595881595881 0.040068201193520885 0.059845559845559844
0 0.8002983802216539 0.5677284427284427 0.030264279624893437 0.054375804375804374
0 0.75 0.5778635778635779 0.03495311167945439 0.05855855855855856
0 0.6901108269394715 0.5989382239382239 0.041773231031543054 0.07561132561132561
0 0.6621909633418585 0.5743243243243243 0.028132992327365727 0.05083655083655084
0 0.8143648763853367 0.5538931788931789 0.014919011082693947 0.029922779922779922
0 0.842071611253197 0.523970398970399 0.0247229326513214 0.04021879021879022
0 0.6155157715260017 0.5775418275418276 0.023444160272804774 0.03474903474903475
0 0.6192455242966752 0.5456885456885456 0.024936061381074168 0.04054054054054054
0 0.6049658994032395 0.5352316602316602 0.01896845694799659 0.0324967824967825
0 0.6465260017050298 0.5334620334620335 0.017263427109974423 0.02895752895752896
0 0.6622975277067349 0.5373230373230373 0.01854219948849105 0.03153153153153153
0 0.5856777493606138 0.5260617760617761 0.01875532821824382 0.028314028314028315
0 0.6220161977834612 0.5217181467181468 0.015132139812446719 0.022844272844272845
0 0.5686274509803921 0.47216859716859716 0.011508951406649617 0.021557271557271558
0 0.5834398976982097 0.48085585585585583 0.015132139812446719 0.023487773487773488
0 0.6874467178175618 0.4885778635778636 0.011722080136402387 0.018983268983268985
0 0.6759377664109122 0.5051480051480052 0.010869565217391304 0.021235521235521235
0 0.6267050298380221 0.5157657657657657 0.010017050298380221 0.02059202059202059
0 0.7271952259164536 0.5096525096525096 0.011508951406649617 0.023809523809523808
0 0.7457374254049446 0.476029601029601 0.010656436487638534 0.0222007722007722
0 0.7821824381926684 0.47812097812097815 0.011082693947144074 0.02059202059202059
0 0.8145780051150895 0.46959459459459457 0.013213981244671782 0.021557271557271558
0 0.8509164535379369 0.46846846846846846 0.013853367433930093 0.027670527670527672
0 0.8837382779198636 0.4837516087516088 0.014279624893435636 0.020913770913770915
0 0.8908780903665814 0.4800514800514801 0.00980392156862745 0.017374517374517374
0 0.9190110826939472 0.4650900900900901 0.014492753623188406 0.01833976833976834
0 0.9158141517476556 0.4800514800514801 0.010656436487638534 0.01866151866151866
0 0.9420289855072463 0.47731660231660233 0.0123614663256607 0.02027027027027027
0 0.9451193520886616 0.4657335907335907 0.013853367433930093 0.02027027027027027
0 0.9710144927536232 0.4771557271557272 0.01577152600170503 0.02574002574002574
0 0.9937127024722933 0.4535070785070785 0.011722080136402387 0.021557271557271558
0 0.9763427109974424 0.45286357786357784 0.00937766410912191 0.015122265122265123
0 0.9004688832054561 0.1928893178893179 0.00937766410912191 0.015122265122265123
0 0.9687766410912191 0.16473616473616473 0.012148337595907928 0.023809523809523808
0 0.9818840579710145 0.15444015444015444 0.0123614663256607 0.019948519948519948
0 0.006926683716965047 0.16071428571428573 0.011722080136402387 0.019626769626769628
0 0.15601023017902813 0.24806949806949807 0.00980392156862745 0.018018018018018018
