0 0.37166666666666665 0.03245942571785269 0.006666666666666667 0.012484394506866416
0 0.6133333333333333 0.6441947565543071 0.011666666666666667 0.019975031210986267
0 0.5995833333333334 0.6510611735330837 0.009166666666666667 0.016229712858926344
0 0.5366666666666666 0.6423220973782772 0.01 0.016229712858926344
0 0.5204166666666666 0.6373283395755306 0.015833333333333335 0.031210986267166042
0 0.44375 0.6416978776529338 0.0075 0.012484394506866416
0 0.45208333333333334 0.6398252184769039 0.0125 0.018726591760299626
0 0.40208333333333335 0.6298377028714107 0.010833333333333334 0.016229712858926344
0 0.38208333333333333 0.6298377028714107 0.010833333333333334 0.016229712858926344
0 0.3933333333333333 0.6229712858926342 0.015 0.02247191011235955
0 0.4220833333333333 0.6485642946317104 0.014166666666666666 0.02372034956304619
0 0.40208333333333335 0.6548064918851436 0.0175 0.02871410736579276
0 0.4841666666666667 0.6853932584269663 0.05 0.0898876404494382
0 0.3333333333333333 0.6416978776529338 0.03333333333333333 0.05493133583021224
0 0.2825 0.7066167290886392 0.023333333333333334 0.04244694132334582
0 0.23333333333333334 0.7084893882646691 0.06 0.10611735330836454
0 0.19125 0.6772784019975031 0.0425 0.07116104868913857
0 0.15958333333333333 0.6560549313358303 0.0425 0.07116104868913857
