0 0.96044921875 0.7865497076023392 0.0166015625 0.029239766081871343
0 0.97802734375 0.7923976608187134 0.0146484375 0.02631578947368421
0 0.98681640625 0.7726608187134503 0.0107421875 0.01608187134502924
0 0.97705078125 0.783625730994152 0.0185546875 0.03216374269005848
0 0.94970703125 0.7894736842105263 0.0126953125 0.02046783625730994
0 0.93408203125 0.7814327485380117 0.0107421875 0.024853801169590642
0 0.9013671875 0.7923976608187134 0.015625 0.02631578947368421
0 0.89404296875 0.7748538011695907 0.0166015625 0.02631578947368421
0 0.9052734375 0.7792397660818714 0.015625 0.02046783625730994
0 0.84912109375 0.7807017543859649 0.0126953125 0.02046783625730994
0 0.82177734375 0.7865497076023392 0.0126953125 0.02046783625730994
0 0.80224609375 0.7887426900584795 0.0126953125 0.019005847953216373
0 0.78564453125 0.7843567251461988 0.0126953125 0.019005847953216373
0 0.77880859375 0.7792397660818714 0.0146484375 0.023391812865497075
0 0.73974609375 0.7777777777777778 0.0166015625 0.029239766081871343
0 0.73193359375 0.7624269005847953 0.0126953125 0.027777777777777776
0 0.71484375 0.7828947368421053 0.013671875 0.021929824561403508
0 0.70263671875 0.7726608187134503 0.0146484375 0.024853801169590642
0 0.69287109375 0.7872807017543859 0.0166015625 0.027777777777777776
0 0.67724609375 0.7726608187134503 0.0126953125 0.021929824561403508
0 0.66357421875 0.7748538011695907 0.0166015625 0.02631578947368421
0 0.64697265625 0.7814327485380117 0.0126953125 0.021929824561403508
0 0.6162109375 0.7828947368421053 0.015625 0.027777777777777776
0 0.61474609375 0.7741228070175439 0.0126953125 0.027777777777777776
0 0.63330078125 0.783625730994152 0.0146484375 0.023391812865497075
0 0.57861328125 0.8092105263157895 0.0166015625 0.03070175438596491
0 0.5751953125 0.7821637426900585 0.015625 0.023391812865497075
0 0.55419921875 0.7719298245614035 0.0146484375 0.023391812865497075
0 0.494140625 0.7880116959064327 0.013671875 0.017543859649122806
0 0.44677734375 0.7850877192982456 0.0126953125 0.02046783625730994
0 0.4208984375 0.7777777777777778 0.013671875 0.023391812865497075
0 0.4140625 0.77046783625731 0.01953125 0.029239766081871343
0 0.3837890625 0.7690058479532164 0.013671875 0.023391812865497075
0 0.3525390625 0.7807017543859649 0.0234375 0.04093567251461988
0 0.31103515625 0.7777777777777778 0.0126953125 0.02046783625730994
0 0.240234375 0.7923976608187134 0.01953125 0.029239766081871343
0 0.2509765625 0.7719298245614035 0.017578125 0.03216374269005848
0 0.21337890625 0.777046783625731 0.0146484375 0.021929824561403508
0 0.1806640625 0.7792397660818714 0.013671875 0.02631578947368421
0 0.1796875 0.7711988304093568 0.015625 0.024853801169590642
0 0.1552734375 0.7931286549707602 0.01171875 0.021929824561403508
0 0.07666015625 0.7792397660818714 0.0185546875 0.023391812865497075
0 0.09521484375 0.7792397660818714 0.0166015625 0.02631578947368421
0 0.09375 0.7638888888888888 0.015625 0.024853801169590642
0 0.02099609375 0.7763157894736842 0.0185546875 0.029239766081871343
