0 0.04375 0.6794990723562152 0.007291666666666667 0.013914656771799629
0 0.0515625 0.6971243042671614 0.008333333333333333 0.013914656771799629
0 0.06953125 0.6948051948051948 0.005729166666666666 0.00927643784786642
0 0.146875 0.6813543599257885 0.007291666666666667 0.013914656771799629
0 0.17083333333333334 0.6725417439703154 0.008333333333333333 0.014842300556586271
0 0.2125 0.6586270871985158 0.005208333333333333 0.0074211502782931356
0 0.3111979166666667 0.6910946196660482 0.0109375 0.02040816326530612
0 0.32708333333333334 0.6836734693877551 0.009375 0.02040816326530612
0 0.3546875 0.6827458256029685 0.008333333333333333 0.01855287569573284
0 0.39296875 0.6688311688311688 0.0140625 0.027829313543599257
0 0.3541666666666667 0.6447124304267161 0.007291666666666667 0.012987012987012988
0 0.5630208333333333 0.45918367346938777 0.12916666666666668 0.287569573283859
0 0.75625 0.4749536178107607 0.13333333333333333 0.287569573283859
