0 0.06307692307692307 0.8358778625954199 0.015384615384615385 0.022900763358778626
0 0.12153846153846154 0.8260632497273719 0.010769230769230769 0.016357688113413305
0 0.1423076923076923 0.8271537622682661 0.010769230769230769 0.016357688113413305
0 0.14576923076923076 0.6046892039258451 0.008461538461538461 0.016357688113413305
0 0.165 0.6025081788440567 0.01 0.014176663031624863
0 0.17384615384615384 0.509814612868048 0.006153846153846154 0.011995637949836423
0 0.19192307692307692 0.5152671755725191 0.006923076923076923 0.014176663031624863
0 0.27692307692307694 0.7470010905125409 0.010769230769230769 0.015267175572519083
0 0.2519230769230769 0.8173391494002181 0.013076923076923076 0.018538713195201745
0 0.26076923076923075 0.8097055616139586 0.010769230769230769 0.018538713195201745
0 0.26076923076923075 0.8233369683751364 0.009230769230769232 0.017448200654307525
0 0.31076923076923074 0.8151581243184297 0.010769230769230769 0.018538713195201745
0 0.30423076923076925 0.8129770992366412 0.01 0.016357688113413305
0 0.31846153846153846 0.8162486368593239 0.010769230769230769 0.016357688113413305
0 0.3384615384615385 0.8157033805888768 0.012307692307692308 0.019629225736095966
0 0.35423076923076924 0.8157033805888768 0.013076923076923076 0.019629225736095966
0 0.37884615384615383 0.8091603053435115 0.01 0.017448200654307525
0 0.4015384615384615 0.806979280261723 0.009230769230769232 0.015267175572519083
0 0.42538461538461536 0.8113413304252999 0.012307692307692308 0.019629225736095966
0 0.4796153846153846 0.816793893129771 0.013076923076923076 0.019629225736095966
0 0.44961538461538464 0.8129770992366412 0.01 0.014176663031624863
0 0.46615384615384614 0.8075245365321702 0.012307692307692308 0.020719738276990186
0 0.6442307692307693 0.8026172300981461 0.01 0.017448200654307525
0 0.6573076923076923 0.8053435114503816 0.01 0.014176663031624863
0 0.7284615384615385 0.8124318429661941 0.013846153846153847 0.021810250817884406
