0 0.26119791666666664 0.45073529411764707 0.03177083333333333 0.11029411764705882
0 0.32057291666666665 0.24632352941176472 0.0453125 0.15441176470588236
0 0.5604166666666667 0.3191176470588235 0.041666666666666664 0.1323529411764706
0 0.49661458333333336 0.4573529411764706 0.04635416666666667 0.1411764705882353
0 0.5567708333333333 0.4235294117647059 0.04791666666666667 0.15588235294117647
0 0.6453125 0.5617647058823529 0.04895833333333333 0.14411764705882352
0 0.029947916666666668 0.40661764705882353 0.016145833333333335 0.06323529411764706
0 0.028385416666666666 0.2926470588235294 0.015104166666666667 0.052941176470588235
0 0.058854166666666666 0.34558823529411764 0.017708333333333333 0.05588235294117647
0 0.04453125 0.2125 0.018229166666666668 0.057352941176470586
0 0.05703125 0.14338235294117646 0.016145833333333335 0.0661764705882353
0 0.09088541666666666 0.3205882352941177 0.0171875 0.05588235294117647
0 0.08385416666666666 0.375 0.017708333333333333 0.058823529411764705
0 0.10104166666666667 0.48676470588235293 0.020833333333333332 0.06764705882352941
0 0.11510416666666666 0.47794117647058826 0.019791666666666666 0.061764705882352944
0 0.08958333333333333 0.6661764705882353 0.016666666666666666 0.06470588235294118
0 0.08567708333333333 0.7235294117647059 0.018229166666666668 0.058823529411764705
0 0.11901041666666666 0.5919117647058824 0.016145833333333335 0.06323529411764706
0 0.13854166666666667 0.6485294117647059 0.016666666666666666 0.052941176470588235
0 0.13359375 0.7308823529411764 0.019270833333333334 0.061764705882352944
0 0.16796875 0.7154411764705882 0.016145833333333335 0.06911764705882353
0 0.18723958333333332 0.6595588235294118 0.0171875 0.06323529411764706
0 0.19609375 0.5875 0.018229166666666668 0.060294117647058824
0 0.19739583333333333 0.5220588235294118 0.020833333333333332 0.061764705882352944
0 0.12213541666666666 0.4051470588235294 0.016145833333333335 0.054411764705882354
0 0.1296875 0.2375 0.015625 0.051470588235294115
0 0.13125 0.30073529411764705 0.01875 0.07205882352941176
0 0.16536458333333334 0.3588235294117647 0.016145833333333335 0.06470588235294118
0 0.16432291666666668 0.3088235294117647 0.015104166666666667 0.05
0 0.19739583333333333 0.32132352941176473 0.015625 0.060294117647058824
0 0.24088541666666666 0.40588235294117647 0.0140625 0.047058823529411764
0 0.23489583333333333 0.32426470588235295 0.016666666666666666 0.051470588235294115
0 0.21510416666666668 0.18088235294117647 0.015625 0.052941176470588235
0 0.2359375 0.24191176470588235 0.014583333333333334 0.04852941176470588
0 0.26953125 0.31985294117647056 0.0140625 0.045588235294117645
0 0.27578125 0.23676470588235293 0.018229166666666668 0.052941176470588235
0 0.022395833333333334 -0.039705882352941174 0.014583333333333334 0.041176470588235294
0 0.06796875 0.0014705882352941176 0.009895833333333333 0.03235294117647059
0 0.10703125 0.041176470588235294 0.013020833333333334 0.04411764705882353
0 0.13229166666666667 0.04264705882352941 0.016666666666666666 0.05588235294117647
0 0.1484375 0.04264705882352941 0.014583333333333334 0.05
0 0.20078125 0.061764705882352944 0.0140625 0.052941176470588235
0 0.24114583333333334 0.058823529411764705 0.014583333333333334 0.058823529411764705
0 0.28151041666666665 0.07058823529411765 0.013020833333333334 0.04411764705882353
0 0.2908854166666667 -0.0058823529411764705 0.0140625 0.04411764705882353
0 0.3109375 0.06985294117647059 0.013541666666666667 0.045588235294117645
0 0.35963541666666665 0.0029411764705882353 0.011979166666666667 0.03823529411764706
0 0.3924479166666667 0.021323529411764706 0.011979166666666667 0.04264705882352941
0 0.39505208333333336 0.07205882352941176 0.0140625 0.047058823529411764
0 0.42890625 0.08235294117647059 0.015104166666666667 0.052941176470588235
0 0.353125 0.07426470588235294 0.011458333333333333 0.04264705882352941
0 0.35234375 0.34191176470588236 0.018229166666666668 0.06911764705882353
0 0.39609375 0.2735294117647059 0.0171875 0.05588235294117647
0 0.4296875 0.27794117647058825 0.013541666666666667 0.058823529411764705
0 0.4546875 0.0713235294117647 0.0125 0.04264705882352941
0 0.54453125 0.03897058823529412 0.0140625 0.045588235294117645
0 0.5549479166666667 0.10882352941176471 0.0140625 0.05588235294117647
0 0.5747395833333333 0.04632352941176471 0.011979166666666667 0.04264705882352941
0 0.6106770833333334 0.11397058823529412 0.013020833333333334 0.039705882352941174
0 0.63203125 0.10073529411764706 0.015104166666666667 0.04264705882352941
0 0.534375 0.21838235294117647 0.016666666666666666 0.054411764705882354
0 0.5635416666666667 0.23529411764705882 0.015625 0.047058823529411764
0 0.4786458333333333 0.3 0.016666666666666666 0.047058823529411764
0 0.39453125 0.40588235294117647 0.016145833333333335 0.058823529411764705
0 0.3536458333333333 0.48308823529411765 0.017708333333333333 0.057352941176470586
0 0.35260416666666666 0.5529411764705883 0.015625 0.061764705882352944
0 0.36770833333333336 0.6602941176470588 0.017708333333333333 0.061764705882352944
0 0.39739583333333334 0.7470588235294118 0.01875 0.061764705882352944
0 0.39348958333333334 0.8477941176470588 0.019270833333333334 0.054411764705882354
0 0.4010416666666667 0.8845588235294117 0.01875 0.04852941176470588
0 0.4005208333333333 0.6970588235294117 0.016666666666666666 0.05
0 0.4421875 0.6669117647058823 0.015625 0.057352941176470586
0 0.4453125 0.7588235294117647 0.020833333333333332 0.07352941176470588
0 0.43645833333333334 0.5470588235294118 0.017708333333333333 0.058823529411764705
0 0.4015625 0.5639705882352941 0.017708333333333333 0.060294117647058824
0 0.38958333333333334 0.6110294117647059 0.015625 0.060294117647058824
0 0.39817708333333335 0.4698529411764706 0.0171875 0.060294117647058824
0 0.5908854166666667 0.3110294117647059 0.015104166666666667 0.04852941176470588
0 0.59921875 0.36323529411764705 0.0140625 0.05
0 0.6234375 0.23897058823529413 0.014583333333333334 0.045588235294117645
0 0.62421875 0.30808823529411766 0.0140625 0.051470588235294115
0 0.63359375 0.36470588235294116 0.016145833333333335 0.052941176470588235
0 0.5890625 0.4294117647058823 0.014583333333333334 0.052941176470588235
0 0.58515625 0.5073529411764706 0.016145833333333335 0.05588235294117647
0 0.6067708333333334 0.42426470588235293 0.016666666666666666 0.057352941176470586
0 0.63359375 0.4198529411764706 0.018229166666666668 0.04852941176470588
0 0.66640625 0.3235294117647059 0.0140625 0.041176470588235294
0 0.6815104166666667 0.25735294117647056 0.011979166666666667 0.04411764705882353
0 0.66796875 0.36470588235294116 0.015104166666666667 0.05588235294117647
0 0.6927083333333334 0.37720588235294117 0.011458333333333333 0.04852941176470588
0 0.7140625 0.27426470588235297 0.013541666666666667 0.04264705882352941
0 0.7244791666666667 0.3110294117647059 0.015625 0.054411764705882354
0 0.7041666666666667 0.43970588235294117 0.015625 0.047058823529411764
0 0.7270833333333333 0.3875 0.014583333333333334 0.054411764705882354
0 0.7526041666666666 0.3301470588235294 0.013541666666666667 0.04264705882352941
0 0.7578125 0.3860294117647059 0.011458333333333333 0.04852941176470588
0 0.7348958333333333 0.4404411764705882 0.016666666666666666 0.051470588235294115
0 0.6817708333333333 0.5161764705882353 0.013541666666666667 0.05588235294117647
0 0.6981770833333333 0.5191176470588236 0.013020833333333334 0.047058823529411764
0 0.7065104166666667 0.5632352941176471 0.015104166666666667 0.05588235294117647
0 0.6721354166666667 0.6316176470588235 0.0171875 0.06323529411764706
0 0.6752604166666667 0.6919117647058823 0.011979166666666667 0.04852941176470588
0 0.60078125 0.7536764705882353 0.016145833333333335 0.06323529411764706
0 0.6098958333333333 0.6963235294117647 0.015625 0.06323529411764706
0 0.7 0.7720588235294118 0.016666666666666666 0.07058823529411765
0 0.721875 0.7544117647058823 0.013541666666666667 0.047058823529411764
0 0.7161458333333334 0.6919117647058823 0.015625 0.054411764705882354
0 0.7033854166666667 0.6536764705882353 0.0171875 0.051470588235294115
0 0.7544270833333333 0.6904411764705882 0.0171875 0.051470588235294115
0 0.7596354166666667 0.7389705882352942 0.0171875 0.060294117647058824
0 0.77890625 0.836764705882353 0.0203125 0.06470588235294118
0 0.803125 0.8286764705882353 0.016666666666666666 0.057352941176470586
0 0.8473958333333333 0.8213235294117647 0.019791666666666666 0.0661764705882353
0 0.7809895833333333 0.6867647058823529 0.0171875 0.05588235294117647
0 0.80078125 0.7647058823529411 0.016145833333333335 0.052941176470588235
0 0.8205729166666667 0.7573529411764706 0.0171875 0.052941176470588235
0 0.8244791666666667 0.6985294117647058 0.015625 0.05
0 0.8609375 0.7514705882352941 0.021875 0.058823529411764705
0 0.7377604166666667 0.6485294117647059 0.013020833333333334 0.05
0 0.7658854166666667 0.5720588235294117 0.011979166666666667 0.052941176470588235
0 0.7703125 0.6139705882352942 0.015625 0.051470588235294115
0 0.7932291666666667 0.5691176470588235 0.015625 0.058823529411764705
0 0.7208333333333333 0.5088235294117647 0.014583333333333334 0.05
0 0.7580729166666667 0.5014705882352941 0.015104166666666667 0.052941176470588235
0 0.7651041666666667 0.44191176470588234 0.015625 0.045588235294117645
0 0.7950520833333333 0.40441176470588236 0.0140625 0.05
0 0.7953125 0.4522058823529412 0.015625 0.051470588235294115
0 0.7888020833333333 0.5007352941176471 0.015104166666666667 0.04852941176470588
0 0.8309895833333333 0.5176470588235295 0.013020833333333334 0.05
0 0.8427083333333333 0.46176470588235297 0.016666666666666666 0.05
0 0.8513020833333333 0.5294117647058824 0.016145833333333335 0.047058823529411764
0 0.8416666666666667 0.5955882352941176 0.015625 0.05588235294117647
0 0.853125 0.6647058823529411 0.017708333333333333 0.058823529411764705
0 0.8674479166666667 0.6360294117647058 0.015104166666666667 0.051470588235294115
0 0.8674479166666667 0.5735294117647058 0.016145833333333335 0.05
0 0.8861979166666667 0.5823529411764706 0.015104166666666667 0.05588235294117647
0 0.8916666666666667 0.5316176470588235 0.015625 0.057352941176470586
0 0.89375 0.7625 0.017708333333333333 0.054411764705882354
0 0.9481770833333333 0.7735294117647059 0.0171875 0.05588235294117647
0 0.92734375 0.861764705882353 0.025520833333333333 0.06470588235294118
0 0.91328125 0.6477941176470589 0.013020833333333334 0.04852941176470588
0 0.94453125 0.6448529411764706 0.016145833333333335 0.057352941176470586
0 0.9236979166666667 0.5992647058823529 0.015104166666666667 0.051470588235294115
0 0.97734375 0.6654411764705882 0.016145833333333335 0.051470588235294115
0 0.9760416666666667 0.7073529411764706 0.015625 0.04411764705882353
0 0.9796875 0.5220588235294118 0.013541666666666667 0.05
0 0.9921875 0.4963235294117647 0.016666666666666666 0.045588235294117645
0 0.9479166666666666 0.4051470588235294 0.015625 0.04264705882352941
0 0.8744791666666667 0.2757352941176471 0.015625 0.04852941176470588
0 0.8932291666666666 0.2875 0.014583333333333334 0.054411764705882354
0 0.9044270833333333 0.35661764705882354 0.0109375 0.04264705882352941
0 0.9263020833333333 0.3610294117647059 0.013020833333333334 0.051470588235294115
0 0.9484375 0.2897058823529412 0.013541666666666667 0.04411764705882353
0 0.70234375 0.01764705882352941 0.013020833333333334 0.041176470588235294
0 0.7239583333333334 0.022058823529411766 0.0125 0.041176470588235294
0 0.7518229166666667 0.05661764705882353 0.016145833333333335 0.04852941176470588
0 0.8244791666666667 0.03455882352941177 0.0125 0.04264705882352941
0 0.825 0.11176470588235295 0.013541666666666667 0.041176470588235294
0 0.8494791666666667 0.10882352941176471 0.014583333333333334 0.04411764705882353
0 0.88203125 0.09852941176470588 0.013020833333333334 0.04411764705882353
0 0.84609375 0.030147058823529412 0.013020833333333334 0.045588235294117645
0 0.8690104166666667 0.0007352941176470588 0.013020833333333334 0.03676470588235294
0 0.8815104166666666 0.1 0.011979166666666667 0.041176470588235294
0 0.9234375 0.11544117647058824 0.0125 0.04264705882352941
0 0.9252604166666667 0.0007352941176470588 0.013020833333333334 0.03676470588235294
0 0.69609375 0.24632352941176472 0.03177083333333333 0.18676470588235294
0 0.44036458333333334 0.3514705882352941 0.015104166666666667 0.052941176470588235
