0 0.27807172251616696 0.7510869565217392 0.019988242210464434 0.10652173913043478
0 0.2839506172839506 0.8184782608695652 0.019988242210464434 0.0891304347826087
0 0.09347442680776014 0.9782608695652174 0.03409758965314521 0.10869565217391304
0 0.5070546737213404 0.0891304347826087 0.01352145796590241 0.06521739130434782
0 0.5285126396237507 0.03369565217391304 0.011757789535567314 0.058695652173913045
0 0.6258083480305703 0.49782608695652175 0.019400352733686066 0.08695652173913043
0 0.6851851851851852 0.3576086956521739 0.015873015873015872 0.06739130434782609
0 0.7213403880070547 0.29456521739130437 0.015285126396237508 0.06739130434782609
0 0.7178130511463845 0.4641304347826087 0.01646090534979424 0.06739130434782609
0 0.7392710170487948 0.45543478260869563 0.018224573780129337 0.08043478260869565
0 0.778071722516167 0.5869565217391305 0.017048794826572605 0.0782608695652174
0 0.8480305702527925 0.42282608695652174 0.018224573780129337 0.06739130434782609
0 0.783068783068783 0.3467391304347826 0.01646090534979424 0.07608695652173914
0 0.7827748383303939 0.14673913043478262 0.012345679012345678 0.05434782608695652
0 0.8130511463844797 0.20326086956521738 0.01646090534979424 0.06739130434782609
0 0.8533215755437977 0.25869565217391305 0.015873015873015872 0.06086956521739131
0 0.8533215755437977 0.16630434782608697 0.01352145796590241 0.05
0 0.8512639623750735 0.2217391304347826 0.01646090534979424 0.06521739130434782
