0 -0.0004385964912280702 0.391812865497076 0.013157894736842105 0.021052631578947368
0 0.014912280701754385 0.3654970760233918 0.008771929824561403 0.012865497076023392
0 0.02324561403508772 0.3719298245614035 0.014912280701754385 0.01871345029239766
0 0.04824561403508772 0.37894736842105264 0.014035087719298246 0.01871345029239766
0 0.05307017543859649 0.36140350877192984 0.011403508771929825 0.014035087719298246
0 0.0412280701754386 0.3543859649122807 0.008771929824561403 0.014035087719298246
0 0.034210526315789476 0.3649122807017544 0.012280701754385965 0.01871345029239766
0 0.07456140350877193 0.352046783625731 0.012280701754385965 0.016374269005847954
0 0.0837719298245614 0.36081871345029237 0.009649122807017544 0.012865497076023392
0 0.07192982456140351 0.38362573099415204 0.02456140350877193 0.03508771929824561
0 0.1206140350877193 0.34912280701754383 0.007894736842105263 0.010526315789473684
0 0.13289473684210526 0.38070175438596493 0.011403508771929825 0.017543859649122806
0 0.15219298245614035 0.35906432748538014 0.0061403508771929825 0.00935672514619883
0 0.16578947368421051 0.33976608187134505 0.008771929824561403 0.010526315789473684
0 0.1631578947368421 0.3824561403508772 0.014035087719298246 0.021052631578947368
0 0.18596491228070175 0.347953216374269 0.007017543859649123 0.010526315789473684
0 0.20526315789473684 0.34502923976608185 0.007017543859649123 0.00935672514619883
0 0.21710526315789475 0.33976608187134505 0.007894736842105263 0.012865497076023392
0 0.27149122807017545 0.34035087719298246 0.011403508771929825 0.016374269005847954
0 0.2802631578947368 0.35906432748538014 0.011403508771929825 0.016374269005847954
0 0.29912280701754385 0.36608187134502923 0.008771929824561403 0.014035087719298246
0 0.2837719298245614 0.3719298245614035 0.016666666666666666 0.021052631578947368
0 0.30964912280701756 0.35789473684210527 0.017543859649122806 0.021052631578947368
0 0.3192982456140351 0.34678362573099414 0.012280701754385965 0.017543859649122806
0 0.3307017543859649 0.3280701754385965 0.007017543859649123 0.010526315789473684
0 0.3447368421052632 0.3345029239766082 0.007017543859649123 0.00935672514619883
0 0.36973684210526314 0.3298245614035088 0.007894736842105263 0.011695906432748537
0 0.3828947368421053 0.3368421052631579 0.009649122807017544 0.014035087719298246
0 0.39780701754385966 0.34035087719298246 0.013157894736842105 0.01871345029239766
0 0.4131578947368421 0.3532163742690059 0.028070175438596492 0.03976608187134503
0 0.45921052631578946 0.3385964912280702 0.03070175438596491 0.050292397660818715
0 0.48026315789473684 0.32280701754385965 0.011403508771929825 0.016374269005847954
0 0.55 0.3485380116959064 0.021052631578947368 0.03976608187134503
0 0.5320175438596492 0.32456140350877194 0.02017543859649123 0.029239766081871343
0 0.5135964912280702 0.32573099415204676 0.011403508771929825 0.0152046783625731
0 0.5662280701754386 0.3280701754385965 0.016666666666666666 0.029239766081871343
0 0.612280701754386 0.32573099415204676 0.017543859649122806 0.026900584795321637
0 0.6513157894736842 0.3280701754385965 0.016666666666666666 0.02456140350877193
0 0.6482456140350877 0.3298245614035088 0.015789473684210527 0.023391812865497075
0 0.6649122807017543 0.30701754385964913 0.007017543859649123 0.010526315789473684
0 0.6859649122807018 0.3111111111111111 0.012280701754385965 0.014035087719298246
0 0.7013157894736842 0.3175438596491228 0.02543859649122807 0.03859649122807018
0 0.7736842105263158 0.30701754385964913 0.02631578947368421 0.04093567251461988
0 0.8228070175438597 0.32339181286549706 0.02982456140350877 0.050292397660818715
0 0.7583333333333333 0.30584795321637426 0.018421052631578946 0.026900584795321637
0 0.9315789473684211 0.28771929824561404 0.014035087719298246 0.023391812865497075
0 0.9153508771929825 0.29473684210526313 0.037719298245614034 0.0608187134502924
0 0.9574561403508772 0.29883040935672517 0.02017543859649123 0.03391812865497076
0 0.9785087719298246 0.2795321637426901 0.016666666666666666 0.023391812865497075
0 0.8692982456140351 0.30409356725146197 0.09473684210526316 0.10760233918128655
0 1.0315789473684212 0.23976608187134502 0.0912280701754386 0.14736842105263157
0 0.5745614035087719 0.6631578947368421 0.25263157894736843 0.47719298245614034
0 -0.0030701754385964912 0.387719298245614 0.011403508771929825 0.017543859649122806
0 0.2710526315789474 0.7263157894736842 0.2543859649122807 0.47719298245614034
