0 0.947265625 0.30239099859353025 0.0703125 0.11533052039381153
0 0.74609375 0.27355836849507736 0.052734375 0.0829817158931083
0 0.66796875 0.28973277074542897 0.052734375 0.07876230661040788
0 0.55224609375 0.2616033755274262 0.0341796875 0.053445850914205346
0 0.50390625 0.24613220815752462 0.046875 0.08438818565400844
0 0.443359375 0.14135021097046413 0.103515625 0.2011251758087201
0 0.20703125 0.19831223628691982 0.05859375 0.11251758087201125
0 0.03857421875 0.3150492264416315 0.0126953125 0.01969057665260197
0 0.06884765625 0.3319268635724332 0.0126953125 0.01969057665260197
0 0.0791015625 0.33122362869198313 0.009765625 0.02109704641350211
0 0.10400390625 0.32559774964838256 0.0146484375 0.02109704641350211
0 0.017578125 0.32770745428973275 0.013671875 0.01969057665260197
