0 0.39 0.6866666666666666 0.057777777777777775 0.05333333333333334
0 0.6455555555555555 0.7245833333333334 0.04666666666666667 0.04583333333333333
0 0.815 0.91375 0.0077777777777777776 0.0075
0 0.8344444444444444 0.91375 0.008888888888888889 0.005833333333333334
0 0.8488888888888889 0.9141666666666667 0.008888888888888889 0.006666666666666667
0 0.8738888888888889 0.91375 0.0077777777777777776 0.005833333333333334
0 0.9338888888888889 0.7470833333333333 0.04111111111111111 0.0375
0 0.9733333333333334 0.65375 0.06666666666666667 0.0625
0 0.21555555555555556 0.9283333333333333 0.0044444444444444444 0.0033333333333333335
0 0.2311111111111111 0.92125 0.0044444444444444444 0.004166666666666667
0 0.2361111111111111 0.9316666666666666 0.0033333333333333335 0.0033333333333333335
0 0.19833333333333333 0.9241666666666667 0.005555555555555556 0.005
0 0.1922222222222222 0.9225 0.0044444444444444444 0.005
0 0.1827777777777778 0.9216666666666666 0.005555555555555556 0.005
0 0.17555555555555555 0.92125 0.0044444444444444444 0.004166666666666667
0 0.16777777777777778 0.92625 0.0044444444444444444 0.004166666666666667
0 0.165 0.9225 0.005555555555555556 0.005
0 0.15222222222222223 0.9241666666666667 0.0044444444444444444 0.0033333333333333335
0 0.13555555555555557 0.9225 0.0044444444444444444 0.0033333333333333335
0 0.2544444444444444 0.8541666666666666 0.0044444444444444444 0.0033333333333333335
