0 0.7865296803652968 0.2934056761268781 0.0547945205479452 0.09432387312186978
0 0.6583904109589042 0.30509181969949917 0.046232876712328765 0.09265442404006678
0 0.5419520547945206 0.3088480801335559 0.046232876712328765 0.09015025041736227
0 0.4152397260273973 0.2950751252086811 0.05422374429223744 0.10267111853088481
0 0.2959474885844749 0.30342237061769617 0.046232876712328765 0.08931552587646077
0 0.1709474885844749 0.3184474123539232 0.050799086757990865 0.09599332220367279
0 0.23544520547945205 0.14774624373956594 0.04509132420091324 0.08347245409015025
0 0.3555936073059361 0.11686143572621036 0.04452054794520548 0.08848080133555926
0 0.4780251141552511 0.10350584307178631 0.048515981735159815 0.08681135225375626
0 0.596175799086758 0.13063439065108515 0.043949771689497714 0.09098497495826377
0 0.7151826484018264 0.16569282136894825 0.04452054794520548 0.08764607679465776
