0 0.18151041666666667 0.018055555555555554 0.009895833333333333 0.019444444444444445
0 0.19921875 -0.03611111111111111 0.008854166666666666 0.014814814814814815
0 0.23776041666666667 -0.024537037037037038 0.008854166666666666 0.017592592592592594
0 0.2791666666666667 -0.03148148148148148 0.0125 0.020370370370370372
0 0.26536458333333335 -0.008333333333333333 0.0109375 0.018518518518518517
0 0.253125 0.03796296296296296 0.0125 0.022222222222222223
0 0.3296875 0.03564814814814815 0.010416666666666666 0.017592592592592594
0 0.4015625 0.006944444444444444 0.009375 0.01574074074074074
0 0.09713541666666667 0.18472222222222223 0.015104166666666667 0.028703703703703703
0 0.26145833333333335 0.175 0.015625 0.025925925925925925
0 0.42109375 0.18703703703703703 0.015104166666666667 0.027777777777777776
0 0.5869791666666667 0.1574074074074074 0.013541666666666667 0.027777777777777776
0 0.728125 0.14583333333333334 0.015625 0.030555555555555555
0 0.6333333333333333 0.2175925925925926 0.016666666666666666 0.03333333333333333
0 0.7864583333333334 0.22546296296296298 0.014583333333333334 0.030555555555555555
0 0.83984375 0.2763888888888889 0.0171875 0.030555555555555555
0 0.9416666666666667 0.22407407407407406 0.013541666666666667 0.027777777777777776
0 1.0075520833333333 0.2675925925925926 0.016145833333333335 0.025925925925925925
0 0.9911458333333333 0.4597222222222222 0.017708333333333333 0.03425925925925926
0 0.93515625 0.38055555555555554 0.018229166666666668 0.03518518518518519
0 0.865625 0.31296296296296294 0.017708333333333333 0.03518518518518519
0 0.6809895833333334 0.30972222222222223 0.015104166666666667 0.025
0 0.7083333333333334 0.3685185185185185 0.014583333333333334 0.03333333333333333
0 0.74765625 0.41203703703703703 0.018229166666666668 0.03148148148148148
0 0.78828125 0.4736111111111111 0.019270833333333334 0.032407407407407406
0 0.8690104166666667 0.5902777777777778 0.0171875 0.03611111111111111
0 0.9213541666666667 0.8856481481481482 0.017708333333333333 0.03796296296296296
0 0.66015625 0.9648148148148148 0.025520833333333333 0.05740740740740741
0 0.67578125 0.8226851851851852 0.018229166666666668 0.04351851851851852
0 0.6645833333333333 0.6097222222222223 0.01875 0.03611111111111111
0 0.6005208333333333 0.4847222222222222 0.019791666666666666 0.028703703703703703
0 0.5591145833333333 0.4273148148148148 0.0171875 0.028703703703703703
0 0.5309895833333333 0.36018518518518516 0.015104166666666667 0.02962962962962963
0 0.5075520833333333 0.3125 0.015104166666666667 0.032407407407407406
0 0.46015625 0.25092592592592594 0.0203125 0.040740740740740744
0 0.45651041666666664 0.20833333333333334 0.0171875 0.025925925925925925
0 0.45208333333333334 0.2101851851851852 0.016666666666666666 0.03148148148148148
0 0.29270833333333335 0.2074074074074074 0.01875 0.03518518518518519
0 0.29348958333333336 0.2587962962962963 0.015104166666666667 0.028703703703703703
0 0.33515625 0.3388888888888889 0.018229166666666668 0.03148148148148148
0 0.3463541666666667 0.3819444444444444 0.014583333333333334 0.026851851851851852
0 0.3736979166666667 0.44166666666666665 0.016145833333333335 0.03333333333333333
0 0.4046875 0.4777777777777778 0.021875 0.037037037037037035
0 0.4546875 0.6300925925925925 0.019791666666666666 0.041666666666666664
0 0.5231770833333333 0.8152777777777778 0.022395833333333334 0.04722222222222222
0 0.36640625 0.9291666666666667 0.0234375 0.04351851851851852
0 0.2265625 0.6620370370370371 0.017708333333333333 0.04259259259259259
0 0.19244791666666666 0.49074074074074076 0.024479166666666666 0.05185185185185185
0 0.17317708333333334 0.4393518518518518 0.022395833333333334 0.04351851851851852
0 0.15703125 0.3990740740740741 0.0140625 0.03148148148148148
0 0.14453125 0.33101851851851855 0.021354166666666667 0.03796296296296296
0 0.11822916666666666 0.27685185185185185 0.014583333333333334 0.03148148148148148
