0 0.96725 0.4320060105184072 0.0465 0.08564988730277986
0 0.6695 0.3854244928625094 0.044 0.07513148009015777
0 0.48 0.34710743801652894 0.033 0.07062359128474831
0 0.04475 0.1686701728024042 0.0295 0.04583020285499624
0 0.32025 0.07963936889556725 0.0185 0.042073628850488355
0 0.15525 0.08978211870773854 0.0205 0.04282494365138993
0 0.199 0.24042073628850488 0.027 0.04357625845229151
0 0.217 0.22764838467317805 0.022 0.04357625845229151
0 0.23375 0.2700976709241172 0.0205 0.04432757325319309
0 0.34125 0.2625845229151014 0.0215 0.039819684447783624
0 0.33925 0.20773854244928625 0.0215 0.04282494365138993
0 0.27375 0.17468069120961682 0.0185 0.03681442524417731
0 0.2425 0.18144252441773104 0.021 0.03681442524417731
0 0.8805 0.3722764838467318 0.015 0.02779864763335838
0 0.86525 0.38091660405709993 0.0165 0.027047332832456798
0 0.83125 0.37528174305033807 0.0155 0.02779864763335838
0 0.8055 0.36701728024042074 0.018 0.032306536438767845
0 0.75825 0.38016528925619836 0.0185 0.03305785123966942
0 0.075 0.03456048084147258 0.018 0.03305785123966942
0 0.09875 0.031179564237415476 0.0205 0.035311795642374154
0 0.1185 0.037565740045078885 0.022 0.0405709992486852
0 0.2065 0.06461307287753569 0.022 0.03456048084147258
0 0.2365 0.08226897069872277 0.018 0.03681442524417731
0 0.2055 0.01915852742299023 0.021 0.03831705484598046
0 0.2965 0.06799398948159278 0.018 0.03681442524417731
0 0.407 0.11044327573253193 0.02 0.037565740045078885
0 0.433 0.05785123966942149 0.018 0.03305785123966942
0 0.4345 0.23140495867768596 0.018 0.03606311044327573
0 0.47425 0.2505634861006762 0.0185 0.032306536438767845
