0 0.3525 0.4925925925925926 0.025 0.06074074074074074
0 0.39416666666666667 0.5 0.025 0.057777777777777775
0 0.42833333333333334 0.5022222222222222 0.021666666666666667 0.047407407407407405
0 0.4979166666666667 0.6451851851851852 0.019166666666666665 0.04
0 0.5370833333333334 0.577037037037037 0.020833333333333332 0.037037037037037035
0 0.4008333333333333 0.5511111111111111 0.03666666666666667 0.08296296296296296
0 0.31958333333333333 0.6185185185185185 0.04083333333333333 0.08444444444444445
0 0.4683333333333333 0.5903703703703703 0.03666666666666667 0.0874074074074074
0 0.605 0.3503703703703704 0.041666666666666664 0.0962962962962963
0 0.6129166666666667 0.64 0.0275 0.047407407407407405
0 0.6645833333333333 0.654074074074074 0.0375 0.06666666666666667
0 0.6854166666666667 0.6518518518518519 0.030833333333333334 0.06222222222222222
0 0.73875 0.4866666666666667 0.0225 0.04296296296296296
0 0.7725 0.5725925925925925 0.021666666666666667 0.037037037037037035
0 0.8225 0.5407407407407407 0.02666666666666667 0.05037037037037037
0 0.8433333333333334 0.5718518518518518 0.02 0.03851851851851852
0 0.9016666666666666 0.5503703703703704 0.023333333333333334 0.04888888888888889
0 0.9241666666666667 0.54 0.025 0.054814814814814816
