0 0.05471887550200803 0.28346720214190096 0.0783132530120482 0.14390896921017404
0 0.19252008032128515 0.3316599732262383 0.036646586345381524 0.07295850066934405
0 0.21511044176706828 0.2814591700133869 0.061746987951807226 0.09437751004016064
0 0.25150602409638556 0.2955153949129853 0.018072289156626505 0.03145917001338688
0 0.2944277108433735 0.32663989290495316 0.03463855421686747 0.060240963855421686
0 0.3260542168674699 0.29819277108433734 0.04066265060240964 0.07295850066934405
0 0.38353413654618473 0.32262382864792505 0.03313253012048193 0.0642570281124498
0 0.39884538152610444 0.2894912985274431 0.03463855421686747 0.05823293172690763
0 0.44327309236947793 0.30120481927710846 0.0321285140562249 0.05488621151271754
0 0.4294678714859438 0.3450468540829987 0.04969879518072289 0.09170013386880857
0 0.4892068273092369 0.3356760374832664 0.043674698795180725 0.07697456492637215
0 0.5085341365461847 0.3092369477911647 0.0391566265060241 0.06157965194109773
0 0.5953815261044176 0.3534136546184739 0.055220883534136546 0.09236947791164658
0 0.6616465863453815 0.3527443105756359 0.040160642570281124 0.060240963855421686
0 0.7449799196787149 0.2928380187416332 0.0642570281124498 0.12382864792503347
0 0.9377510040160643 0.34036144578313254 0.019076305220883535 0.024765729585006693
0 0.9731425702811245 0.32998661311914324 0.017570281124497992 0.024096385542168676
