0 0.6462264150943396 0.6244784422809457 0.011530398322851153 0.016689847009735744
0 0.5980083857442348 0.6230876216968011 0.0031446540880503146 0.005563282336578581
0 0.5885744234800838 0.6161335187760779 0.005241090146750524 0.008344923504867872
0 0.5775681341719078 0.6203059805285118 0.0041928721174004195 0.005563282336578581
0 0.5718029350104822 0.6230876216968011 0.005241090146750524 0.008344923504867872
0 0.5628930817610063 0.6460361613351877 0.010482180293501049 0.031988873435326845
0 0.5560796645702306 0.6203059805285118 0.0031446540880503146 0.005563282336578581
0 0.549266247379455 0.6300417246175244 0.010482180293501049 0.03616133518776078
0 0.5225366876310272 0.6356050069541029 0.015723270440251572 0.022253129346314324
0 0.5482180293501048 0.6376912378303199 0.014675052410901468 0.02086230876216968
0 0.4916142557651992 0.6432545201668984 0.010482180293501049 0.015299026425591099
0 0.49633123689727465 0.6279554937413073 0.005241090146750524 0.006954102920723227
0 0.49318658280922434 0.6321279554937413 0.005241090146750524 0.006954102920723227
0 0.47641509433962265 0.6439499304589708 0.0220125786163522 0.03337969401947149
0 0.4758909853249476 0.6328233657858137 0.008385744234800839 0.011126564673157162
0 0.4811320754716981 0.631432545201669 0.006289308176100629 0.008344923504867872
0 0.4722222222222222 0.6564673157162726 0.013626834381551363 0.019471488178025034
0 0.449685534591195 0.6905424200278164 0.020964360587002098 0.031988873435326845
0 0.4386792452830189 0.6947148817802503 0.02410901467505241 0.037552155771905425
0 0.5141509433962265 0.6947148817802503 0.03039832285115304 0.037552155771905425
0 0.3422431865828092 0.6168289290681502 0.007337526205450734 0.009735744089012517
0 0.35429769392033544 0.6196105702364395 0.006289308176100629 0.009735744089012517
0 0.5319706498951782 0.6738525730180807 0.019916142557651992 0.03477051460361613
