0 0.1225 0.54609375 0.0575 0.0890625
0 0.259375 0.5484375 0.05375 0.090625
0 0.400625 0.5421875 0.05625 0.078125
0 0.52625 0.54453125 0.0525 0.0828125
0 0.646875 0.55 0.05125 0.0875
0 0.75 0.5328125 0.05 0.084375
0 0.89 0.54140625 0.0525 0.0890625
0 0.198125 0.36953125 0.05375 0.0796875
0 0.319375 0.37578125 0.05625 0.0859375
0 0.4425 0.38046875 0.0525 0.0828125
0 0.539375 0.35625 0.04875 0.075
0 0.654375 0.35234375 0.05375 0.0765625
0 0.765625 0.37890625 0.04875 0.0859375
0 0.254375 0.24765625 0.04625 0.0703125
0 0.358125 0.25546875 0.04625 0.0671875
0 0.458125 0.2609375 0.04625 0.071875
0 0.553125 0.24609375 0.04125 0.0671875
0 0.658125 0.26796875 0.04375 0.0671875
0 0.75375 0.27578125 0.0475 0.0703125
0 0.813125 0.25234375 0.04625 0.0703125
