0 0.8494680851063829 0.4794326241134752 0.1819148936170213 0.26099290780141843
0 0.676595744680851 0.36879432624113473 0.12340425531914893 0.20141843971631207
0 0.4377659574468085 0.3375886524822695 0.08404255319148936 0.17304964539007092
0 0.35425531914893615 0.34822695035460993 0.0851063829787234 0.12907801418439716
0 0.31329787234042555 0.2957446808510638 0.06702127659574468 0.12340425531914893
0 0.2574468085106383 0.2815602836879433 0.06170212765957447 0.10638297872340426
0 0.20319148936170212 0.21843971631205675 0.0574468085106383 0.09078014184397164
0 0.1601063829787234 0.22695035460992907 0.045744680851063826 0.07375886524822695
0 0.1601063829787234 0.22695035460992907 0.04148936170212766 0.07092198581560284
0 0.009574468085106383 0.17163120567375886 0.02127659574468085 0.03971631205673759
0 0.8494680851063829 0.24893617021276596 0.045744680851063826 0.07801418439716312
0 0.9478723404255319 0.2276595744680851 0.06595744680851064 0.09787234042553192
0 0.7414893617021276 0.23191489361702128 0.0574468085106383 0.08368794326241134
0 0.6941489361702128 0.20567375886524822 0.04148936170212766 0.07092198581560284
0 0.6957446808510638 0.20638297872340425 0.04468085106382979 0.06666666666666667
0 0.5989361702127659 0.225531914893617 0.04468085106382979 0.06524822695035461
0 0.4441489361702128 0.2078014184397163 0.030851063829787233 0.04680851063829787
0 0.49414893617021277 0.2099290780141844 0.043617021276595745 0.062411347517730496
0 0.40691489361702127 0.18865248226950354 0.02872340425531915 0.04822695035460993
0 0.4074468085106383 0.18865248226950354 0.029787234042553193 0.05106382978723404
0 0.3553191489361702 0.1425531914893617 0.02553191489361702 0.04680851063829787
0 0.5398936170212766 0.21773049645390072 0.03297872340425532 0.0524822695035461
0 0.5675531914893617 0.21205673758865248 0.035106382978723406 0.0524822695035461
0 1.1526595744680852 0.5226950354609929 0.14574468085106382 0.23687943262411348
0 0.16117021276595744 0.22836879432624113 0.045744680851063826 0.07375886524822695
0 0.15319148936170213 0.15460992907801419 0.0425531914893617 0.05673758865248227
