0 0.17064144736842105 0.6772660818713451 0.011239035087719298 0.013888888888888888
0 0.23273026315789475 0.6732456140350878 0.01206140350877193 0.017543859649122806
0 0.2635690789473684 0.6885964912280702 0.007949561403508772 0.012426900584795321
0 0.2748081140350877 0.6891447368421053 0.009046052631578948 0.015716374269005847
0 0.3090734649122807 0.668859649122807 0.02055921052631579 0.029970760233918127
0 0.33950109649122806 0.6774488304093568 0.010142543859649123 0.01206140350877193
0 0.35183662280701755 0.6732456140350878 0.011787280701754386 0.019005847953216373
0 0.36938048245614036 0.6708698830409356 0.009046052631578948 0.01206140350877193
0 0.43585526315789475 0.7156432748538012 0.02412280701754386 0.029970760233918127
0 0.40720942982456143 0.7342836257309941 0.033717105263157895 0.125
0 0.4309210526315789 0.6531432748538012 0.011513157894736841 0.014619883040935672
0 0.44216008771929827 0.6551535087719298 0.011513157894736841 0.015716374269005847
0 0.43201754385964913 0.7105263157894737 0.018092105263157895 0.023391812865497075
0 0.45778508771929827 0.685672514619883 0.019736842105263157 0.02412280701754386
0 0.4838267543859649 0.6494883040935673 0.011513157894736841 0.019736842105263157
0 0.5309758771929824 0.6491228070175439 0.010416666666666666 0.013157894736842105
0 0.5442708333333334 0.6560672514619883 0.012335526315789474 0.019005847953216373
0 0.5503015350877193 0.6774488304093568 0.010142543859649123 0.012792397660818713
0 0.692297149122807 0.6995614035087719 0.02987938596491228 0.10599415204678363
0 0.8116776315789473 0.658077485380117 0.011513157894736841 0.013523391812865496
0 0.8441611842105263 0.6889619883040936 0.012335526315789474 0.01827485380116959
0 0.8330592105263158 0.6869517543859649 0.013157894736842105 0.02010233918128655
0 0.8578673245614035 0.7092470760233918 0.007401315789473684 0.013523391812865496
0 0.8777412280701754 0.6938961988304093 0.010964912280701754 0.01425438596491228
0 0.8882949561403509 0.7097953216374269 0.006853070175438596 0.011695906432748537
0 0.9073464912280702 0.7355628654970761 0.017543859649122806 0.0720029239766082
0 0.9228344298245614 0.7298976608187134 0.028782894736842105 0.11769005847953216
0 0.9481907894736842 0.6895102339181286 0.012609649122807017 0.01425438596491228
0 0.9858826754385965 0.6721491228070176 0.015625 0.02412280701754386
