0 0.032242063492063495 0.1911544227886057 0.03273809523809524 0.05247376311844078
0 0.1775793650793651 0.25037481259370314 0.03373015873015873 0.06296851574212893
0 0.16567460317460317 0.48575712143928035 0.037698412698412696 0.07196401799100449
0 0.37351190476190477 0.2518740629685157 0.04265873015873016 0.08995502248875563
0 0.3382936507936508 0.260119940029985 0.037698412698412696 0.07946026986506746
0 0.3685515873015873 0.20764617691154422 0.026785714285714284 0.046476761619190406
0 0.5138888888888888 0.24212893553223389 0.04365079365079365 0.08845577211394302
0 0.7023809523809523 0.3988005997001499 0.023809523809523808 0.041979010494752625
0 0.8318452380952381 0.4070464767616192 0.022817460317460316 0.043478260869565216
0 0.9588293650793651 0.2383808095952024 0.020833333333333332 0.029985007496251874
0 0.6031746031746031 0.4287856071964018 0.03373015873015873 0.053973013493253376
0 0.6428571428571429 0.4280359820089955 0.027777777777777776 0.049475262368815595
0 0.5570436507936508 0.16941529235382308 0.016865079365079364 0.026986506746626688
