0 -0.02598752598752599 0.13798219584569732 0.09355509355509356 0.14540059347181009
0 0.2614345114345114 0.163946587537092 0.08835758835758836 0.15281899109792285
0 0.17671517671517672 0.2314540059347181 0.079002079002079 0.1394658753709199
0 0.909043659043659 0.22922848664688428 0.14033264033264034 0.28338278931750743
0 0.685031185031185 0.2655786350148368 0.07068607068607069 0.11869436201780416
0 0.5556133056133056 0.20474777448071216 0.06548856548856549 0.12462908011869436
0 0.39397089397089397 0.12537091988130564 0.060291060291060294 0.1083086053412463
0 0.22765072765072766 0.07789317507418397 0.06652806652806653 0.129080118694362
0 0.1502079002079002 0.11201780415430267 0.06340956340956341 0.1142433234421365
0 0.13201663201663202 0.064540059347181 0.033264033264033266 0.06083086053412463
0 0.09771309771309772 0.045252225519287835 0.033264033264033266 0.06379821958456973
0 0.4922037422037422 0.15504451038575667 0.04677754677754678 0.10237388724035608
0 0.6205821205821206 0.17433234421364985 0.0498960498960499 0.07863501483679525
0 0.8477130977130977 0.1298219584569733 0.07172557172557173 0.12314540059347182
0 0.5732848232848233 0.04599406528189911 0.0446985446985447 0.0830860534124629
0 0.6891891891891891 0.14094955489614244 0.0395010395010395 0.06824925816023739
0 0.7848232848232848 0.11646884272997032 0.04158004158004158 0.06973293768545995
