0 0.2404997397188964 0.726806640625 0.015616866215512754 0.01513671875
0 0.26626756897449244 0.738525390625 0.014055179593961478 0.01416015625
0 0.2889120249869859 0.7353515625 0.01665799062988027 0.0205078125
0 0.30036439354502864 0.731689453125 0.021863612701717855 0.01904296875
0 0.34096824570536177 0.72314453125 0.018740239458615304 0.0224609375
0 0.42660072878709004 0.740234375 0.015096304008328995 0.013671875
0 0.4344091618948464 0.740478515625 0.016137428422696512 0.01513671875
0 0.4690265486725664 0.72998046875 0.01665799062988027 0.017578125
0 0.5234252993232691 0.74853515625 0.027589796980739198 0.0283203125
0 0.5856324830817282 0.7470703125 0.008328995314940135 0.009765625
0 0.6108797501301405 0.731689453125 0.015096304008328995 0.01708984375
0 0.6449765747006767 0.728515625 0.02706923477355544 0.0341796875
0 0.6949505465903175 0.720458984375 0.011452368558042686 0.01123046875
0 0.6884435190005206 0.723876953125 0.00989068193649141 0.01220703125
0 0.7662675689744924 0.744384765625 0.01665799062988027 0.01806640625
0 0.8201457574180114 0.7509765625 0.019260801665799063 0.0234375
0 0.8073919833420093 0.7333984375 0.01665799062988027 0.01953125
0 0.8250910983862572 0.718994140625 0.017699115044247787 0.02001953125
0 0.8914627798021864 0.77099609375 0.018219677251431546 0.01953125
0 0.9198334200937012 0.728759765625 0.01665799062988027 0.02197265625
0 0.9448204060385216 0.71875 0.02394586153045289 0.0234375
0 0.9768349817803228 0.720458984375 0.019260801665799063 0.01806640625
