0 0.875 0.887890625 0.025 0.01953125
0 0.8411458333333334 0.890625 0.015625 0.0140625
0 0.7765625 0.88671875 0.019791666666666666 0.021875
0 0.7458333333333333 0.92421875 0.06666666666666667 0.059375
0 0.6182291666666667 0.899609375 0.03854166666666667 0.03515625
0 0.5958333333333333 0.8984375 0.03125 0.0265625
0 0.6932291666666667 0.88203125 0.015625 0.0125
0 0.6666666666666666 0.883203125 0.01875 0.01796875
0 0.6447916666666667 0.900390625 0.035416666666666666 0.03515625
0 0.5833333333333334 0.897265625 0.025 0.02578125
0 0.5052083333333334 0.9046875 0.025 0.025
0 0.5223958333333333 0.888671875 0.019791666666666666 0.01640625
0 0.4739583333333333 0.884375 0.01875 0.015625
0 0.44375 0.882421875 0.027083333333333334 0.02265625
0 0.4322916666666667 0.91875 0.025 0.0234375
0 0.396875 0.912890625 0.025 0.02578125
0 0.33697916666666666 0.9078125 0.03229166666666667 0.028125
0 0.3026041666666667 0.881640625 0.021875 0.01953125
0 0.28177083333333336 0.8828125 0.023958333333333335 0.0203125
0 0.21666666666666667 0.896875 0.029166666666666667 0.0234375
0 0.16875 0.95625 0.025 0.0203125
0 0.25729166666666664 0.898046875 0.016666666666666666 0.01640625
0 0.37135416666666665 0.880078125 0.019791666666666666 0.01484375
0 0.38958333333333334 0.89375 0.025 0.01875
0 0.7177083333333333 0.899609375 0.025 0.02421875
0 0.7505208333333333 0.88359375 0.019791666666666666 0.01875
0 0.8286458333333333 0.88828125 0.015625 0.015625
0 0.1546875 0.890234375 0.015625 0.01328125
0 0.1203125 0.894140625 0.019791666666666666 0.01484375
0 0.17239583333333333 0.930859375 0.015625 0.01328125
0 0.08541666666666667 0.897265625 0.03958333333333333 0.03359375
0 0.04375 0.89453125 0.029166666666666667 0.0234375
0 0.13541666666666666 0.8890625 0.016666666666666666 0.0171875
0 0.7963541666666667 0.88515625 0.019791666666666666 0.01875
