0 0.034505208333333336 0.7951388888888888 0.006510416666666667 0.0125
0 0.04192708333333333 0.7962962962962963 0.005729166666666666 0.010185185185185186
0 0.18229166666666666 0.7969907407407407 0.0026041666666666665 0.004166666666666667
0 0.18697916666666667 0.7997685185185185 0.003125 0.0060185185185185185
0 0.23723958333333334 0.7939814814814815 0.003125 0.005555555555555556
0 0.2518229166666667 0.7905092592592593 0.0020833333333333333 0.004166666666666667
0 0.3078125 0.7983796296296296 0.0020833333333333333 0.004166666666666667
0 0.31484375 0.7972222222222223 0.0026041666666666665 0.005555555555555556
0 0.32109375 0.8145833333333333 0.008854166666666666 0.04212962962962963
0 0.32890625 0.8041666666666667 0.0026041666666666665 0.004629629629629629
0 0.334375 0.7956018518518518 0.003125 0.0060185185185185185
0 0.341796875 0.7923611111111111 0.0033854166666666668 0.005092592592592593
0 0.4108072916666667 0.794675925925926 0.0033854166666666668 0.006944444444444444
0 0.42083333333333334 0.794675925925926 0.0036458333333333334 0.006944444444444444
0 0.42799479166666665 0.8027777777777778 0.002864583333333333 0.005555555555555556
0 0.4669270833333333 0.7956018518518518 0.0036458333333333334 0.00787037037037037
0 0.46953125 0.8006944444444445 0.003125 0.0060185185185185185
0 0.47890625 0.794675925925926 0.003125 0.005092592592592593
0 0.4875 0.8141203703703703 0.010416666666666666 0.043055555555555555
0 0.49127604166666666 0.7912037037037037 0.002864583333333333 0.006481481481481481
0 0.5075520833333333 0.8115740740740741 0.008854166666666666 0.04814814814814815
0 0.5260416666666666 0.7914351851851852 0.0036458333333333334 0.00787037037037037
0 0.56640625 0.7923611111111111 0.0046875 0.00787037037037037
0 0.569921875 0.7944444444444444 0.00390625 0.006481481481481481
0 0.570703125 0.7861111111111111 0.0033854166666666668 0.007407407407407408
0 0.5799479166666667 0.7847222222222222 0.0020833333333333333 0.004629629629629629
0 0.5971354166666667 0.7907407407407407 0.004166666666666667 0.007407407407407408
0 0.6098958333333333 0.7907407407407407 0.0046875 0.007407407407407408
0 0.6236979166666666 0.7881944444444444 0.0036458333333333334 0.006944444444444444
0 0.63125 0.7912037037037037 0.004166666666666667 0.009259259259259259
0 0.645703125 0.7923611111111111 0.0049479166666666664 0.00787037037037037
0 0.6817708333333333 0.788425925925926 0.003125 0.006481481481481481
0 0.685546875 0.7898148148148149 0.00390625 0.007407407407407408
0 0.7479166666666667 0.7891203703703704 0.008333333333333333 0.015277777777777777
0 0.7588541666666667 0.7898148148148149 0.00625 0.011111111111111112
0 0.788671875 0.7831018518518519 0.01953125 0.038425925925925926
0 0.8041666666666667 0.7819444444444444 0.0020833333333333333 0.003703703703703704
0 0.8095052083333333 0.7803240740740741 0.0033854166666666668 0.004166666666666667
0 0.8157552083333334 0.78125 0.00234375 0.004166666666666667
0 0.8177083333333334 0.794675925925926 0.0067708333333333336 0.031018518518518518
0 0.8221354166666667 0.7793981481481481 0.0020833333333333333 0.004166666666666667
0 0.8819010416666667 0.7891203703703704 0.004427083333333333 0.006944444444444444
0 0.8895833333333333 0.7858796296296297 0.0020833333333333333 0.004166666666666667
0 0.9096354166666667 0.774537037037037 0.0015625 0.002777777777777778
0 0.912109375 0.7736111111111111 0.0013020833333333333 0.002777777777777778
0 0.8975260416666667 0.794212962962963 0.0049479166666666664 0.00787037037037037
0 0.90390625 0.7916666666666666 0.004166666666666667 0.006481481481481481
0 0.9037760416666667 0.7916666666666666 0.0033854166666666668 0.006481481481481481
0 0.9266927083333333 0.7983796296296296 0.0033854166666666668 0.0060185185185185185
0 0.8649739583333333 0.7944444444444444 0.014322916666666666 0.023148148148148147
0 0.9436197916666667 0.7863425925925925 0.002864583333333333 0.005092592592592593
0 0.958984375 0.8261574074074074 0.020572916666666666 0.03657407407407407
0 0.859375 0.7631944444444444 0.003125 0.010648148148148148
0 0.8111979166666666 0.799537037037037 0.005208333333333333 0.007407407407407408
