0 0.915 0.01002227171492205 0.01 0.011135857461024499
0 0.929 0.013363028953229399 0.01 0.013363028953229399
0 0.125 0.2639198218262806 0.014 0.0200445434298441
0 0.986 0.8240534521158129 0.032 0.044543429844097995
0 0.926 0.8930957683741648 0.032 0.053452115812917596
0 0.867 0.9220489977728286 0.038 0.05790645879732739
0 0.888 0.8062360801781737 0.02 0.026726057906458798
0 0.844 0.7416481069042317 0.028 0.031180400890868598
0 0.762 0.8006681514476615 0.024 0.0334075723830735
0 0.745 0.7048997772828508 0.03 0.0334075723830735
0 0.921 0.6035634743875279 0.03 0.035634743875278395
0 0.86 0.6024498886414253 0.028 0.0334075723830735
0 0.949 0.49665924276169265 0.022 0.026726057906458798
0 0.799 0.5935412026726058 0.03 0.0334075723830735
0 0.775 0.6748329621380846 0.03 0.031180400890868598
0 0.723 0.6414253897550112 0.03 0.035634743875278395
0 0.744 0.6124721603563474 0.028 0.031180400890868598
0 0.766 0.5144766146993318 0.024 0.031180400890868598
0 0.754 0.5634743875278396 0.02 0.022271714922048998
0 0.738 0.5512249443207127 0.028 0.028953229398663696
0 0.703 0.5623608017817372 0.03 0.0334075723830735
0 0.673 0.7060133630289532 0.054 0.20489977728285078
0 0.637 0.6336302895322939 0.03 0.0334075723830735
0 0.573 0.6514476614699332 0.026 0.028953229398663696
0 0.45 0.7026726057906458 0.028 0.0334075723830735
0 0.485 0.6425389755011136 0.026 0.028953229398663696
0 0.544 0.6570155902004454 0.02 0.022271714922048998
0 0.613 0.6035634743875279 0.026 0.031180400890868598
0 0.66 0.6035634743875279 0.024 0.022271714922048998
0 0.675 0.5356347438752784 0.026 0.028953229398663696
0 0.648 0.5211581291759465 0.024 0.031180400890868598
0 0.622 0.5634743875278396 0.024 0.026726057906458798
0 0.436 0.6180400890868597 0.024 0.028953229398663696
0 0.521 0.5957683741648107 0.026 0.0334075723830735
0 0.556 0.6024498886414253 0.024 0.028953229398663696
0 0.532 0.5244988864142539 0.024 0.024498886414253896
0 0.547 0.6102449888641426 0.054 0.155902004454343
0 0.363 0.5846325167037862 0.022 0.028953229398663696
0 0.332 0.5556792873051225 0.028 0.028953229398663696
0 0.322 0.5367483296213809 0.028 0.026726057906458798
0 0.273 0.7082405345211581 0.078 0.21380846325167038
0 0.398 0.5011135857461024 0.024 0.026726057906458798
0 0.494 0.46993318485523383 0.02 0.026726057906458798
0 0.457 0.4365256124721604 0.014 0.017817371937639197
0 0.423 0.43318485523385303 0.022 0.028953229398663696
0 0.386 0.4198218262806236 0.02 0.0334075723830735
0 0.326 0.42761692650334077 0.02 0.031180400890868598
0 0.279 0.4298440979955457 0.022 0.031180400890868598
0 0.216 0.4510022271714922 0.02 0.028953229398663696
0 0.218 0.5523385300668151 0.02 0.026726057906458798
0 0.176 0.5746102449888641 0.036 0.0400890868596882
0 0.108 0.5657015590200446 0.028 0.031180400890868598
0 0.055 0.4922048997772829 0.03 0.031180400890868598
0 0.035 0.47216035634743875 0.022 0.022271714922048998
0 0.091 0.4844097995545657 0.026 0.028953229398663696
0 0.158 0.5066815144766147 0.028 0.0334075723830735
0 0.187 0.5077951002227171 0.022 0.026726057906458798
0 0.127 0.4643652561247216 0.022 0.028953229398663696
0 0.158 0.455456570155902 0.02 0.024498886414253896
0 0.042 0.4042316258351893 0.024 0.028953229398663696
0 0.149 0.3908685968819599 0.018 0.024498886414253896
0 0.158 0.36302895322939865 0.02 0.026726057906458798
0 0.132 0.33964365256124723 0.02 0.024498886414253896
0 0.103 0.3619153674832962 0.022 0.024498886414253896
0 0.074 0.3518930957683742 0.024 0.026726057906458798
0 0.06 0.44320712694877507 0.02 0.031180400890868598
0 0.128 0.4209354120267261 0.024 0.031180400890868598
0 0.186 0.34521158129175944 0.016 0.017817371937639197
0 0.191 0.3596881959910913 0.018 0.024498886414253896
0 0.195 0.3930957683741648 0.022 0.028953229398663696
0 0.197 0.40979955456570155 0.022 0.031180400890868598
0 0.228 0.4198218262806236 0.02 0.024498886414253896
0 0.255 0.3908685968819599 0.018 0.028953229398663696
0 0.221 0.37639198218262804 0.018 0.026726057906458798
0 0.215 0.3307349665924276 0.022 0.028953229398663696
0 0.247 0.3262806236080178 0.022 0.028953229398663696
0 0.307 0.33184855233853006 0.014 0.017817371937639197
0 0.332 0.33296213808463254 0.016 0.0200445434298441
0 0.3 0.36414253897550114 0.02 0.028953229398663696
0 0.295 0.42538975501113585 0.018 0.031180400890868598
0 0.343 0.3975501113585746 0.022 0.028953229398663696
0 0.346 0.4465478841870824 0.048 0.15367483296213807
0 0.365 0.3930957683741648 0.022 0.028953229398663696
0 0.355 0.3596881959910913 0.018 0.024498886414253896
0 0.372 0.3106904231625835 0.016 0.024498886414253896
0 0.385 0.3463251670378619 0.018 0.024498886414253896
0 0.414 0.30846325167037864 0.02 0.024498886414253896
0 0.449 0.3685968819599109 0.018 0.028953229398663696
0 0.433 0.3975501113585746 0.018 0.028953229398663696
0 0.47 0.3986636971046771 0.02 0.022271714922048998
0 0.49 0.44766146993318484 0.048 0.1514476614699332
0 0.501 0.4220489977728285 0.018 0.024498886414253896
0 0.443 0.3129175946547884 0.018 0.0200445434298441
0 0.609 0.48775055679287305 0.022 0.026726057906458798
0 0.563 0.5367483296213809 0.018 0.026726057906458798
0 0.19 0.5779510022271714 0.048 0.1447661469933185
0 0.156 0.5055679287305123 0.028 0.035634743875278395
