0 0.005859375 0.5146412884333821 0.060546875 0.13616398243045388
0 0.10107421875 0.3762811127379209 0.0361328125 0.07027818448023426
0 0.03759765625 0.3689604685212299 0.0224609375 0.04685212298682284
0 0.087890625 0.48316251830161056 0.02734375 0.04685212298682284
0 0.1484375 0.4882869692532943 0.0234375 0.05124450951683748
0 0.2060546875 0.5 0.025390625 0.05124450951683748
0 0.228515625 0.4816983894582723 0.025390625 0.04978038067349927
0 0.27587890625 0.48316251830161056 0.0263671875 0.04685212298682284
0 0.4033203125 0.34699853587115664 0.05078125 0.0849194729136164
0 0.44482421875 0.3726207906295754 0.0576171875 0.11273792093704246
0 0.58447265625 0.4685212298682284 0.0185546875 0.040995607613469986
0 0.7451171875 0.24084919472913616 0.068359375 0.10980966325036604
0 0.84619140625 0.3784773060029283 0.0498046875 0.10395314787701318
0 0.82568359375 0.3945827232796486 0.0244140625 0.05124450951683748
0 0.9296875 0.3989751098096633 0.015625 0.036603221083455345
0 0.962890625 0.47218155197657397 0.017578125 0.027818448023426062
0 0.9873046875 0.479502196193265 0.015625 0.03074670571010249
0 0.9501953125 0.08857979502196194 0.015625 0.027818448023426062
0 0.86767578125 0.04465592972181552 0.0205078125 0.036603221083455345
0 0.7919921875 0.013909224011713031 0.013671875 0.021961932650073207
0 0.73486328125 0.06954612005856516 0.0205078125 0.036603221083455345
0 0.76611328125 0.08638360175695461 0.0166015625 0.029282576866764276
0 0.80224609375 0.09370424597364568 0.0166015625 0.032210834553440704
0 0.4736328125 0.0014641288433382138 0.01953125 0.029282576866764276
0 0.427734375 -0.007320644216691069 0.015625 0.032210834553440704
0 0.40673828125 -0.0212298682284041 0.0224609375 0.03367496339677892
0 0.25439453125 0.0212298682284041 0.0244140625 0.0424597364568082
