0 0.3701171875 0.8392070484581498 0.0078125 0.013215859030837005
0 0.373046875 0.8113069016152716 0.005859375 0.013215859030837005
0 0.47412109375 0.788546255506608 0.0166015625 0.023494860499265784
0 0.41796875 0.8083700440528634 0.009765625 0.016152716593245228
0 0.42724609375 0.8098384728340675 0.0087890625 0.013215859030837005
0 0.4482421875 0.7951541850220264 0.0078125 0.016152716593245228
0 0.56201171875 0.8046989720998532 0.0107421875 0.020558002936857563
0 0.58349609375 0.7973568281938326 0.0107421875 0.014684287812041116
0 0.57763671875 0.8010279001468429 0.0068359375 0.013215859030837005
0 0.62890625 0.801762114537445 0.01171875 0.023494860499265784
0 0.62548828125 0.7914831130690162 0.0107421875 0.01762114537444934
0 0.68212890625 0.7944199706314243 0.0107421875 0.020558002936857563
0 0.72509765625 0.7951541850220264 0.0107421875 0.01908957415565345
0 0.7373046875 0.7797356828193832 0.01171875 0.01762114537444934
0 0.8369140625 0.7863436123348018 0.021484375 0.033773861967694566
0 0.85888671875 0.7929515418502202 0.0107421875 0.020558002936857563
0 0.86767578125 0.8046989720998532 0.0107421875 0.01762114537444934
0 0.90185546875 0.7988252569750367 0.0126953125 0.020558002936857563
0 0.96875 0.7944199706314243 0.013671875 0.023494860499265784
0 0.98828125 0.7900146842878121 0.013671875 0.020558002936857563
0 0.9814453125 0.7797356828193832 0.01171875 0.020558002936857563
0 0.197265625 0.8010279001468429 0.0078125 0.013215859030837005
0 0.22998046875 0.8054331864904553 0.0068359375 0.010279001468428781
0 0.26025390625 0.8083700440528634 0.0068359375 0.010279001468428781
0 0.291015625 0.8054331864904553 0.0078125 0.013215859030837005
0 0.30078125 0.8076358296622613 0.0078125 0.011747430249632892
0 0.31005859375 0.8054331864904553 0.0087890625 0.013215859030837005
0 0.23876953125 0.8105726872246696 0.0068359375 0.011747430249632892
