0 0.009765625 0.37390029325513197 0.05859375 0.12903225806451613
0 0.14013671875 0.6202346041055719 0.0458984375 0.07331378299120235
0 0.068359375 0.4237536656891496 0.03515625 0.07331378299120235
0 0.24658203125 0.42888563049853373 0.0380859375 0.0747800586510264
0 0.36279296875 0.4780058651026393 0.0380859375 0.07917888563049853
0 0.1494140625 0.3277126099706745 0.037109375 0.08357771260997067
0 0.10888671875 0.2404692082111437 0.0361328125 0.07038123167155426
0 0.19580078125 0.22140762463343108 0.0439453125 0.07624633431085044
0 0.314453125 0.3519061583577713 0.03515625 0.07917888563049853
0 0.55810546875 0.33724340175953077 0.0458984375 0.09090909090909091
0 0.4794921875 0.27785923753665687 0.080078125 0.10117302052785923
0 0.583984375 0.06524926686217009 0.037109375 0.05718475073313783
0 0.47802734375 0.05718475073313783 0.0341796875 0.06744868035190615
0 0.4658203125 0.1693548387096774 0.068359375 0.13929618768328444
0 0.6611328125 0.41642228739002934 0.04296875 0.07331378299120235
0 0.76513671875 0.187683284457478 0.0849609375 0.1348973607038123
0 0.94287109375 0.5799120234604106 0.0400390625 0.0718475073313783
0 0.89111328125 0.3086510263929619 0.0400390625 0.06598240469208211
0 0.82568359375 0.05791788856304985 0.0361328125 0.0689149560117302
0 0.884765625 0.13049853372434017 0.037109375 0.06451612903225806
0 0.99609375 0.36950146627565983 0.033203125 0.06744868035190615
0 0.998046875 0.12976539589442815 0.04296875 0.08064516129032258
0 0.92822265625 0.0593841642228739 0.0322265625 0.0689149560117302
