0 0.010802469135802469 0.6286549707602339 0.001851851851851852 0.002506265664160401
0 0.014197530864197531 0.6265664160401002 0.0024691358024691358 0.003341687552213868
0 0.011265432098765432 0.6213450292397661 0.005246913580246914 0.012949039264828738
0 0.016512345679012344 0.6171679197994987 0.0015432098765432098 0.0020885547201336674
0 0.019598765432098767 0.616750208855472 0.0015432098765432098 0.0020885547201336674
0 0.02175925925925926 0.6276106934001671 0.0021604938271604936 0.0029239766081871343
0 0.024691358024691357 0.6342940685045948 0.006172839506172839 0.018796992481203006
0 0.03888888888888889 0.6240601503759399 0.0049382716049382715 0.006683375104427736
0 0.04814814814814815 0.6194653299916458 0.0012345679012345679 0.001670843776106934
0 0.04953703703703704 0.6190476190476191 0.000925925925925926 0.001670843776106934
0 0.03132716049382716 0.6242690058479532 0.0033950617283950617 0.007101086048454469
0 0.09876543209876543 0.6259398496240601 0.0024691358024691358 0.0029239766081871343
0 0.09320987654320988 0.6109022556390977 0.0024691358024691358 0.0029239766081871343
0 0.0992283950617284 0.6121553884711779 0.0021604938271604936 0.0029239766081871343
0 0.10246913580246914 0.6173767752715121 0.004320987654320987 0.014202172096908938
0 0.0904320987654321 0.6274018379281537 0.004320987654320987 0.005847953216374269
0 0.11666666666666667 0.6248955722639933 0.0030864197530864196 0.005012531328320802
0 0.1359567901234568 0.6234335839598998 0.0033950617283950617 0.005430242272347535
0 0.1339506172839506 0.6092314118629908 0.001851851851851852 0.0029239766081871343
0 0.13919753086419753 0.6102756892230576 0.001851851851851852 0.002506265664160401
0 0.16280864197530864 0.610484544695071 0.0021604938271604936 0.0029239766081871343
0 0.1787037037037037 0.610484544695071 0.001851851851851852 0.0029239766081871343
0 0.22453703703703703 0.6219715956558062 0.002777777777777778 0.005012531328320802
0 0.22592592592592592 0.6198830409356725 0.0030864197530864196 0.003341687552213868
0 0.23287037037037037 0.6192564745196324 0.002777777777777778 0.0037593984962406013
0 0.24166666666666667 0.6238512949039264 0.0030864197530864196 0.004594820384294068
0 0.2766975308641975 0.6173767752715121 0.006481481481481481 0.007518796992481203
0 0.31003086419753084 0.6073517126148705 0.0015432098765432098 0.002506265664160401
0 0.31512345679012344 0.6060985797827904 0.001851851851851852 0.002506265664160401
0 0.31558641975308643 0.6203007518796992 0.0021604938271604936 0.002506265664160401
0 0.3263888888888889 0.6173767752715121 0.005246913580246914 0.00835421888053467
0 0.3322530864197531 0.6192564745196324 0.005246913580246914 0.008771929824561403
0 0.3337962962962963 0.6209273182957393 0.005246913580246914 0.007101086048454469
0 0.3486111111111111 0.616123642439432 0.005246913580246914 0.007518796992481203
0 0.35694444444444445 0.6058897243107769 0.0021604938271604936 0.0029239766081871343
0 0.3646604938271605 0.6054720133667502 0.0021604938271604936 0.0037593984962406013
0 0.36435185185185187 0.618421052631579 0.006481481481481481 0.00960735171261487
0 0.38070987654320987 0.6203007518796992 0.005246913580246914 0.009189640768588136
0 0.4057098765432099 0.6196741854636592 0.005246913580246914 0.008771929824561403
0 0.416358024691358 0.6171679197994987 0.005555555555555556 0.00960735171261487
0 0.41682098765432096 0.6046365914786967 0.0021604938271604936 0.0029239766081871343
0 0.43472222222222223 0.6027568922305765 0.0015432098765432098 0.002506265664160401
0 0.43364197530864196 0.6192564745196324 0.004320987654320987 0.006265664160401002
0 0.4419753086419753 0.6194653299916458 0.003703703703703704 0.005012531328320802
0 0.44614197530864197 0.6198830409356725 0.004629629629629629 0.006683375104427736
0 0.45694444444444443 0.6205096073517126 0.0033950617283950617 0.005430242272347535
0 0.4645061728395062 0.6154970760233918 0.004320987654320987 0.005430242272347535
0 0.47391975308641976 0.6140350877192983 0.0033950617283950617 0.005012531328320802
0 0.48441358024691356 0.616750208855472 0.002777777777777778 0.004594820384294068
0 0.4908950617283951 0.6035923141186299 0.0015432098765432098 0.002506265664160401
0 0.4992283950617284 0.6017126148705096 0.0021604938271604936 0.0037593984962406013
0 0.5064814814814815 0.6035923141186299 0.001851851851851852 0.003341687552213868
0 0.5114197530864197 0.6031746031746031 0.001851851851851852 0.002506265664160401
0 0.5223765432098766 0.6015037593984962 0.0021604938271604936 0.003341687552213868
0 0.5138888888888888 0.6154970760233918 0.0030864197530864196 0.005430242272347535
0 0.5291666666666667 0.6015037593984962 0.0021604938271604936 0.002506265664160401
0 0.529320987654321 0.6186299081035923 0.0030864197530864196 0.004177109440267335
0 0.5398148148148149 0.6004594820384294 0.001851851851851852 0.0029239766081871343
0 0.5415123456790123 0.6012949039264829 0.0021604938271604936 0.0029239766081871343
0 0.5438271604938272 0.6033834586466166 0.001851851851851852 0.0029239766081871343
0 0.546141975308642 0.5994152046783626 0.0021604938271604936 0.003341687552213868
0 0.554320987654321 0.6006683375104428 0.001851851851851852 0.003341687552213868
0 0.558641975308642 0.6017126148705096 0.001851851851851852 0.0029239766081871343
0 0.5649691358024691 0.6004594820384294 0.0021604938271604936 0.0029239766081871343
0 0.5666666666666667 0.6008771929824561 0.001851851851851852 0.0029239766081871343
0 0.5674382716049383 0.6017126148705096 0.0021604938271604936 0.0037593984962406013
0 0.5726851851851852 0.6017126148705096 0.0021604938271604936 0.0029239766081871343
0 0.5878086419753087 0.5998329156223893 0.0021604938271604936 0.003341687552213868
0 0.5888888888888889 0.5998329156223893 0.001851851851851852 0.002506265664160401
0 0.6123456790123457 0.6010860484544696 0.001851851851851852 0.002506265664160401
0 0.6478395061728395 0.599624060150376 0.0024691358024691358 0.0029239766081871343
0 0.653858024691358 0.6008771929824561 0.0015432098765432098 0.0029239766081871343
0 0.6555555555555556 0.5989974937343359 0.0024691358024691358 0.003341687552213868
0 0.6587962962962963 0.599624060150376 0.0021604938271604936 0.0037593984962406013
0 0.6604938271604939 0.5985797827903091 0.001851851851851852 0.003341687552213868
0 0.6705246913580247 0.6004594820384294 0.0021604938271604936 0.0029239766081871343
0 0.674074074074074 0.6008771929824561 0.001851851851851852 0.0029239766081871343
0 0.6785493827160494 0.600250626566416 0.0021604938271604936 0.003341687552213868
0 0.7050925925925926 0.5998329156223893 0.0015432098765432098 0.002506265664160401
0 0.7091049382716049 0.5962823725981621 0.0015432098765432098 0.0029239766081871343
0 0.7148148148148148 0.5992063492063492 0.001851851851851852 0.0029239766081871343
0 0.6714506172839506 0.6111111111111112 0.005864197530864198 0.00835421888053467
0 0.6779320987654321 0.6150793650793651 0.004629629629629629 0.006265664160401002
0 0.8137345679012346 0.5973266499582289 0.0021604938271604936 0.003341687552213868
0 0.8217592592592593 0.5983709273182958 0.0021604938271604936 0.0037593984962406013
0 0.8240740740740741 0.600250626566416 0.001851851851851852 0.003341687552213868
0 0.8407407407407408 0.5975355054302423 0.001851851851851852 0.0029239766081871343
0 0.8455246913580247 0.595655806182122 0.0021604938271604936 0.003341687552213868
0 0.8478395061728395 0.5964912280701754 0.001851851851851852 0.003341687552213868
0 0.850462962962963 0.5971177944862155 0.0021604938271604936 0.0029239766081871343
0 0.8558641975308642 0.5971177944862155 0.001851851851851852 0.0029239766081871343
0 0.8783950617283951 0.5950292397660819 0.001851851851851852 0.0029239766081871343
0 0.8850308641975309 0.5975355054302423 0.002777777777777778 0.0029239766081871343
0 0.8891975308641975 0.5971177944862155 0.001851851851851852 0.0029239766081871343
0 0.8921296296296296 0.5971177944862155 0.002777777777777778 0.0037593984962406013
0 0.8950617283950617 0.5973266499582289 0.001851851851851852 0.003341687552213868
0 0.899074074074074 0.6031746031746031 0.0049382716049382715 0.015037593984962405
0 0.9021604938271605 0.6023391812865497 0.004320987654320987 0.017543859649122806
0 0.9817901234567902 0.5948203842940685 0.001851851851851852 0.002506265664160401
0 0.9878086419753086 0.5973266499582289 0.0021604938271604936 0.002506265664160401
0 0.9979938271604938 0.5960735171261488 0.0021604938271604936 0.003341687552213868
0 0.8177469135802469 0.5421888053467001 0.0015432098765432098 0.002506265664160401
0 0.8220679012345679 0.5419799498746867 0.0015432098765432098 0.0020885547201336674
0 0.7515432098765432 0.5998329156223893 0.0024691358024691358 0.003341687552213868
0 0.7762345679012346 0.6138262322472848 0.0049382716049382715 0.007101086048454469
0 0.7666666666666667 0.6232247284878863 0.004320987654320987 0.006683375104427736
0 0.7566358024691358 0.6098579782790309 0.004629629629629629 0.006683375104427736
0 0.7424382716049382 0.6142439431913116 0.0021604938271604936 0.0029239766081871343
0 0.7518518518518519 0.623015873015873 0.005555555555555556 0.025480367585630742
0 0.7470679012345679 0.6121553884711779 0.005864197530864198 0.007936507936507936
0 0.16512345679012347 0.554093567251462 0.001851851851851852 0.0029239766081871343
0 0.17237654320987655 0.5570175438596491 0.0015432098765432098 0.0020885547201336674
0 0.1756172839506173 0.5574352548036758 0.001851851851851852 0.0029239766081871343
0 0.204320987654321 0.560359231411863 0.001851851851851852 0.0029239766081871343
0 0.26141975308641974 0.5547201336675021 0.001851851851851852 0.002506265664160401
0 0.283641975308642 0.5526315789473685 0.001851851851851852 0.002506265664160401
0 0.2975308641975309 0.5497076023391813 0.001851851851851852 0.002506265664160401
0 0.33780864197530863 0.5482456140350878 0.0021604938271604936 0.0020885547201336674
0 0.3570987654320988 0.5490810359231412 0.001851851851851852 0.0029239766081871343
0 0.38503086419753085 0.547827903091061 0.0021604938271604936 0.0029239766081871343
0 0.4027777777777778 0.5530492898913951 0.006172839506172839 0.01921470342522974
0 0.4075617283950617 0.545530492898914 0.0021604938271604936 0.003341687552213868
0 0.4498456790123457 0.5449039264828739 0.0015432098765432098 0.0020885547201336674
0 0.7825617283950618 0.5405179615705932 0.0015432098765432098 0.002506265664160401
0 0.7787037037037037 0.5380116959064327 0.0012345679012345679 0.002506265664160401
0 0.774074074074074 0.5484544695071011 0.003703703703703704 0.010025062656641603
0 0.7711419753086419 0.5444862155388471 0.0015432098765432098 0.0020885547201336674
0 0.7671296296296296 0.5442773600668338 0.0015432098765432098 0.002506265664160401
0 0.754783950617284 0.5451127819548872 0.0015432098765432098 0.002506265664160401
0 0.7496913580246913 0.5451127819548872 0.0012345679012345679 0.001670843776106934
0 0.7466049382716049 0.5463659147869674 0.001851851851851852 0.002506265664160401
0 0.7402777777777778 0.5451127819548872 0.0015432098765432098 0.002506265664160401
0 0.7328703703703704 0.5388471177944862 0.0015432098765432098 0.002506265664160401
0 0.7186728395061729 0.5398913951545531 0.0015432098765432098 0.0020885547201336674
0 0.707716049382716 0.5417710944026733 0.001851851851851852 0.002506265664160401
0 0.7035493827160494 0.5413533834586466 0.0015432098765432098 0.002506265664160401
0 0.6932098765432099 0.54156223893066 0.0012345679012345679 0.0020885547201336674
0 0.6858024691358025 0.5390559732664996 0.001851851851851852 0.0020885547201336674
0 0.6759259259259259 0.539264828738513 0.0024691358024691358 0.003341687552213868
0 0.6620370370370371 0.5426065162907269 0.001851851851851852 0.002506265664160401
0 0.6520061728395061 0.545530492898914 0.000925925925925926 0.001670843776106934
0 0.6459876543209877 0.5434419381787803 0.001851851851851852 0.002506265664160401
0 0.6449074074074074 0.5413533834586466 0.0015432098765432098 0.002506265664160401
0 0.5350308641975309 0.6180033416875522 0.002777777777777778 0.0037593984962406013
0 0.5376543209876543 0.6276106934001671 0.006790123456790123 0.02297410192147034
0 0.5408950617283951 0.6150793650793651 0.0021604938271604936 0.0029239766081871343
0 0.5486111111111112 0.6146616541353384 0.0021604938271604936 0.0029239766081871343
0 0.546604938271605 0.6157059314954052 0.0024691358024691358 0.004177109440267335
0 0.5569444444444445 0.6029657477025898 0.0015432098765432098 0.0020885547201336674
0 0.6570987654320988 0.601921470342523 0.001851851851851852 0.002506265664160401
0 0.5398148148148149 0.545530492898914 0.001851851851851852 0.002506265664160401
0 0.5291666666666667 0.5465747702589808 0.0015432098765432098 0.0020885547201336674
0 0.5310185185185186 0.5459482038429407 0.0015432098765432098 0.002506265664160401
0 0.5334876543209877 0.5497076023391813 0.0033950617283950617 0.011695906432748537
0 0.5438271604938272 0.5449039264828739 0.001851851851851852 0.0029239766081871343
0 0.5686728395061729 0.5430242272347535 0.0015432098765432098 0.002506265664160401
0 0.5631172839506173 0.54156223893066 0.0015432098765432098 0.0029239766081871343
0 0.558641975308642 0.5426065162907269 0.001851851851851852 0.003341687552213868
0 0.5563271604938271 0.5428153717627402 0.0015432098765432098 0.0020885547201336674
0 0.5515432098765433 0.5413533834586466 0.001851851851851852 0.002506265664160401
0 0.5782407407407407 0.5409356725146199 0.0021604938271604936 0.003341687552213868
0 0.5837962962962963 0.5423976608187134 0.0015432098765432098 0.0020885547201336674
0 0.5816358024691358 0.5488721804511278 0.0033950617283950617 0.015873015873015872
0 0.6972222222222222 0.5992063492063492 0.001851851851851852 0.0029239766081871343
0 0.6995370370370371 0.6067251461988304 0.004629629629629629 0.016290726817042606
0 0.006790123456790123 0.6345029239766082 0.004320987654320987 0.014202172096908938
