0 0.03591417910447761 0.8160112359550562 0.041044776119402986 0.07654494382022473
0 0.10960820895522388 0.8267205056179775 0.05970149253731343 0.08672752808988764
0 0.12826492537313433 0.7645716292134831 0.04710820895522388 0.08813202247191011
0 0.28603078358208955 0.7391151685393258 0.03521455223880597 0.046348314606741575
0 0.3478311567164179 0.7428019662921348 0.03894589552238806 0.042485955056179775
0 0.3694029850746269 0.7650983146067416 0.029384328358208957 0.04845505617977528
0 0.40963152985074625 0.7824789325842697 0.03148320895522388 0.04459269662921348
0 0.4259561567164179 0.7501755617977528 0.03101679104477612 0.04389044943820225
0 0.44426305970149255 0.801439606741573 0.03824626865671642 0.06214887640449438
0 0.4927705223880597 0.7942415730337079 0.03451492537313433 0.05407303370786517
0 0.5661147388059702 0.7835323033707865 0.02028917910447761 0.029845505617977528
0 0.5795242537313433 0.7349016853932584 0.005597014925373134 0.009129213483146067
0 0.5981809701492538 0.7898525280898876 0.030783582089552237 0.05793539325842697
0 0.6437733208955224 0.7995084269662921 0.026352611940298507 0.051264044943820225
0 0.6663945895522388 0.8300561797752809 0.028684701492537313 0.046348314606741575
0 0.6342117537313433 0.7751053370786517 0.02028917910447761 0.04178370786516854
0 0.6607975746268657 0.7740519662921348 0.016091417910447763 0.026334269662921347
0 0.6907649253731343 0.7844101123595506 0.016791044776119403 0.033707865168539325
0 0.7090718283582089 0.7917837078651685 0.022621268656716417 0.04985955056179775
0 0.7431203358208955 0.7691362359550562 0.021222014925373133 0.037570224719101125
0 0.7785680970149254 0.7949438202247191 0.03194962686567164 0.061095505617977525
0 0.765741604477612 0.7535112359550562 0.0240205223880597 0.046348314606741575
0 0.8294076492537313 0.7801966292134831 0.05013992537313433 0.09129213483146068
0 0.9042677238805971 0.784936797752809 0.03987873134328358 0.0684691011235955
0 0.8769822761194029 0.8432233146067416 0.06879664179104478 0.12254213483146068
0 0.9664179104477612 0.7958216292134831 0.03311567164179104 0.046699438202247194
