0 0.9853846153846154 0.7803347280334728 0.004615384615384616 0.006276150627615063
0 0.9323076923076923 0.7876569037656904 0.013846153846153847 0.01882845188284519
0 0.9096153846153846 0.7944560669456067 0.013076923076923076 0.01778242677824268
0 0.8942307692307693 0.8038702928870293 0.013076923076923076 0.01778242677824268
0 0.8834615384615384 0.7907949790794979 0.013076923076923076 0.02092050209205021
0 0.8565384615384616 0.7599372384937239 0.01769230769230769 0.028242677824267783
0 0.833076923076923 0.7887029288702929 0.016923076923076923 0.02092050209205021
0 0.8369230769230769 0.7808577405857741 0.016923076923076923 0.028242677824267783
0 0.7446153846153846 0.7212343096234309 0.04 0.049163179916317995
0 0.7553846153846154 0.6919456066945606 0.036923076923076927 0.053347280334728034
0 0.6946153846153846 0.8221757322175732 0.006153846153846154 0.010460251046025104
0 0.6992307692307692 0.8002092050209205 0.004615384615384616 0.008368200836820083
0 0.6865384615384615 0.801255230125523 0.006923076923076923 0.010460251046025104
0 0.6746153846153846 0.7850418410041841 0.006153846153846154 0.009414225941422594
0 0.6623076923076923 0.7761506276150628 0.012307692307692308 0.02092050209205021
0 0.6196153846153846 0.7761506276150628 0.01769230769230769 0.02301255230125523
0 0.635 0.7860878661087866 0.006923076923076923 0.009414225941422594
0 0.635 0.7860878661087866 0.005384615384615384 0.009414225941422594
0 0.6384615384615384 0.7547071129707112 0.006153846153846154 0.009414225941422594
0 0.693076923076923 0.8608786610878661 0.026153846153846153 0.03556485355648536
0 0.6426923076923077 0.8342050209205021 0.006923076923076923 0.011506276150627616
0 0.6461538461538462 0.8122384937238494 0.007692307692307693 0.009414225941422594
0 0.6476923076923077 0.8080543933054394 0.004615384615384616 0.009414225941422594
0 0.5353846153846153 0.6302301255230126 0.04153846153846154 0.0596234309623431
0 0.4980769230769231 0.75418410041841 0.008461538461538461 0.012552301255230125
0 0.4888461538461538 0.7850418410041841 0.005384615384615384 0.009414225941422594
0 0.47384615384615386 0.7656903765690377 0.015384615384615385 0.05230125523012552
0 0.4546153846153846 0.7735355648535565 0.006153846153846154 0.011506276150627616
0 0.43961538461538463 0.7777196652719666 0.006923076923076923 0.009414225941422594
0 0.4280769230769231 0.7740585774058577 0.005384615384615384 0.010460251046025104
0 0.4203846153846154 0.7452928870292888 0.005384615384615384 0.009414225941422594
0 0.4796153846153846 0.8211297071129707 0.016153846153846154 0.0397489539748954
0 0.4596153846153846 0.827928870292887 0.008461538461538461 0.013598326359832637
0 0.44 0.819560669456067 0.007692307692307693 0.009414225941422594
0 0.4173076923076923 0.8070083682008368 0.006923076923076923 0.009414225941422594
0 0.39 0.7667364016736402 0.009230769230769232 0.014644351464435146
0 0.37115384615384617 0.7688284518828452 0.008461538461538461 0.014644351464435146
0 0.34076923076923077 0.7918410041841004 0.007692307692307693 0.014644351464435146
0 0.3403846153846154 0.7787656903765691 0.008461538461538461 0.013598326359832637
0 0.3223076923076923 0.7442468619246861 0.007692307692307693 0.013598326359832637
0 0.2953846153846154 0.7641213389121339 0.006153846153846154 0.011506276150627616
0 0.27192307692307693 0.7646443514644351 0.008461538461538461 0.012552301255230125
0 0.25461538461538463 0.7813807531380753 0.013846153846153847 0.02092050209205021
0 0.22923076923076924 0.766213389121339 0.006153846153846154 0.011506276150627616
0 0.1976923076923077 0.7599372384937239 0.007692307692307693 0.011506276150627616
0 0.19423076923076923 0.8169456066945606 0.01 0.014644351464435146
0 0.1773076923076923 0.7887029288702929 0.01 0.016736401673640166
0 0.205 0.770397489539749 0.014615384615384615 0.021966527196652718
0 0.16576923076923078 0.7635983263598326 0.006923076923076923 0.012552301255230125
0 0.1453846153846154 0.768305439330544 0.007692307692307693 0.013598326359832637
0 0.115 0.7756276150627615 0.022307692307692306 0.038702928870292884
0 0.12615384615384614 0.7547071129707112 0.010769230769230769 0.015690376569037656
0 0.09846153846153846 0.7609832635983264 0.007692307692307693 0.011506276150627616
0 0.06846153846153846 0.7604602510460251 0.009230769230769232 0.014644351464435146
0 0.09 0.8148535564853556 0.010769230769230769 0.014644351464435146
0 0.05153846153846154 0.8101464435146444 0.010769230769230769 0.01778242677824268
0 0.03230769230769231 0.8300209205020921 0.012307692307692308 0.01778242677824268
0 0.006153846153846154 0.7583682008368201 0.007692307692307693 0.014644351464435146
0 0.7073076923076923 0.821652719665272 0.006923076923076923 0.011506276150627616
0 0.6303846153846154 0.7918410041841004 0.008461538461538461 0.01882845188284519
0 0.16884615384615384 0.772489539748954 0.006923076923076923 0.013598326359832637
