0 0.571484375 0.1875 0.01171875 0.019444444444444445
0 0.648046875 0.21180555555555555 0.01171875 0.06527777777777778
0 0.69921875 0.19583333333333333 0.00625 0.011111111111111112
0 0.716015625 0.19236111111111112 0.00859375 0.015277777777777777
0 0.738671875 0.19583333333333333 0.00703125 0.013888888888888888
0 0.783984375 0.19444444444444445 0.00859375 0.013888888888888888
0 0.902734375 0.19652777777777777 0.00703125 0.0125
0 0.991015625 0.1798611111111111 0.01953125 0.03194444444444444
0 0.9625 0.17708333333333334 0.01875 0.04027777777777778
0 0.918359375 0.18888888888888888 0.01484375 0.03611111111111111
0 0.86328125 0.1673611111111111 0.0171875 0.0375
0 0.8109375 0.13819444444444445 0.04375 0.08472222222222223
0 0.636328125 0.23333333333333334 0.01484375 0.03888888888888889
0 0.51875 0.29583333333333334 0.04375 0.1
0 0.498046875 0.19583333333333333 0.02265625 0.05
0 0.46953125 0.15833333333333333 0.0265625 0.058333333333333334
0 0.400390625 0.1840277777777778 0.02109375 0.043055555555555555
0 0.669921875 0.19722222222222222 0.00390625 0.008333333333333333
0 0.681640625 0.1986111111111111 0.00546875 0.011111111111111112
