0 1.028125 0.29140625 0.03958333333333333 0.0359375
0 0.8677083333333333 0.26953125 0.06875 0.0484375
0 0.753125 0.2734375 0.04791666666666667 0.040625
0 0.8166666666666667 0.25625 0.0375 0.0375
0 0.521875 0.25859375 0.04375 0.0296875
0 0.30416666666666664 0.28203125 0.04583333333333333 0.0390625
0 0.184375 0.234375 0.035416666666666666 0.0375
0 -0.034375 0.34765625 0.06458333333333334 0.0578125
0 -0.013541666666666667 0.2640625 0.06041666666666667 0.0625
0 0.65625 0.24609375 0.025 0.0171875
0 0.640625 0.23828125 0.010416666666666666 0.0078125
0 0.5760416666666667 0.240625 0.022916666666666665 0.015625
0 0.5677083333333334 0.25625 0.01875 0.015625
0 0.5489583333333333 0.25 0.01875 0.015625
0 0.42604166666666665 0.25859375 0.022916666666666665 0.0234375
0 0.4395833333333333 0.23828125 0.025 0.0234375
0 0.45416666666666666 0.2453125 0.016666666666666666 0.015625
0 0.4114583333333333 0.2484375 0.01875 0.01875
0 0.3854166666666667 0.24609375 0.020833333333333332 0.0171875
0 0.3885416666666667 0.2328125 0.022916666666666665 0.01875
0 0.33645833333333336 0.25 0.01875 0.015625
0 0.29270833333333335 0.246875 0.022916666666666665 0.021875
