0 0.29705400981996727 0.23782559456398641 0.11292962356792144 0.18799546998867497
0 0.5102291325695582 0.29898074745186864 0.09247135842880523 0.13816534541336353
0 0.6243862520458265 0.152321630804077 0.09492635024549918 0.1551528878822197
0 0.8772504091653028 0.27633069082672707 0.08019639934533551 0.15628539071347677
0 0.779050736497545 0.19026047565118911 0.07855973813420622 0.144960362400906
0 0.9030278232405892 0.42129105322763305 0.038461538461538464 0.05436013590033975
0 0.03273322422258593 0.33352208380520953 0.03600654664484452 0.06002265005662514
0 0.1395253682487725 0.35334088335220837 0.03518821603927987 0.05889014722536806
0 0.1260229132569558 0.12570781426953567 0.031096563011456628 0.05436013590033975
0 0.19435351882160393 0.13306908267270667 0.030278232405891982 0.057757644394110984
0 0.19230769230769232 0.23839184597961494 0.03273322422258593 0.06002265005662514
0 0.25981996726677575 0.1143827859569649 0.03355155482815057 0.05889014722536806
0 0.3641571194762684 0.1245753114382786 0.03273322422258593 0.06342015855039637
0 0.7086743044189853 0.08946772366930918 0.03764320785597381 0.06795016987542468
0 0.7868248772504092 0.08890147225368063 0.040098199672667756 0.0622876557191393
0 0.6706219312602292 0.21347678369195924 0.03518821603927987 0.0622876557191393
0 0.9165302782324058 0.2089467723669309 0.03436988543371522 0.06908267270668177
0 1.0004091653027822 0.19365798414496035 0.036824877250409165 0.06568516421291053
0 0.43330605564648117 0.12287655719139298 0.03518821603927987 0.0622876557191393
