0 -0.140234375 0.2465277777777778 0.04765625 0.09305555555555556
0 0.03828125 0.07361111111111111 0.04375 0.1111111111111111
0 0.153125 0.225 0.065625 0.1638888888888889
0 0.27578125 0.3819444444444444 0.0390625 0.08888888888888889
0 0.33125 0.4638888888888889 0.053125 0.11666666666666667
0 0.453125 0.5638888888888889 0.0375 0.075
0 0.5171875 0.7388888888888889 0.040625 0.07777777777777778
0 0.516796875 0.6986111111111111 0.02890625 0.05277777777777778
0 0.59453125 0.8 0.03125 0.06111111111111111
0 0.63203125 0.8756944444444444 0.021875 0.0375
0 0.66796875 0.8951388888888889 0.0171875 0.03194444444444444
0 0.65625 0.86875 0.0125 0.029166666666666667
0 0.687109375 0.9263888888888889 0.01015625 0.019444444444444445
0 0.70625 0.9506944444444444 0.0078125 0.015277777777777777
0 0.694140625 0.9138888888888889 0.01015625 0.019444444444444445
0 0.657421875 0.8194444444444444 0.00703125 0.013888888888888888
0 0.6828125 0.7805555555555556 0.00625 0.013888888888888888
0 0.71875 0.7340277777777777 0.00625 0.0125
0 0.727734375 0.7444444444444445 0.00703125 0.011111111111111112
0 0.68984375 0.6972222222222222 0.00625 0.011111111111111112
0 0.678125 0.68125 0.00625 0.0125
0 0.66875 0.6631944444444444 0.00625 0.0125
0 0.68984375 0.6680555555555555 0.00625 0.011111111111111112
0 0.627734375 0.6166666666666667 0.00546875 0.011111111111111112
0 0.64765625 0.6048611111111111 0.0046875 0.009722222222222222
0 0.599609375 0.5847222222222223 0.00546875 0.011111111111111112
0 0.592578125 0.575 0.00546875 0.011111111111111112
0 0.58671875 0.56875 0.0046875 0.009722222222222222
0 0.574609375 0.5541666666666667 0.00546875 0.011111111111111112
0 0.566015625 0.5409722222222222 0.00546875 0.0125
0 0.558984375 0.5506944444444445 0.01328125 0.04861111111111111
0 0.550390625 0.5416666666666666 0.00546875 0.013888888888888888
0 0.38203125 0.4798611111111111 0.0046875 0.009722222222222222
0 0.464453125 0.5166666666666667 0.00546875 0.011111111111111112
0 0.458984375 0.4777777777777778 0.00390625 0.008333333333333333
0 0.44453125 0.4736111111111111 0.0046875 0.008333333333333333
0 0.446484375 0.4548611111111111 0.00390625 0.006944444444444444
0 0.458203125 0.45069444444444445 0.00390625 0.006944444444444444
0 0.469140625 0.44513888888888886 0.00390625 0.006944444444444444
0 0.470703125 0.47847222222222224 0.00390625 0.006944444444444444
0 0.5421875 0.4361111111111111 0.003125 0.005555555555555556
0 0.593359375 0.4895833333333333 0.00390625 0.006944444444444444
0 0.614453125 0.5055555555555555 0.00390625 0.008333333333333333
0 0.6359375 0.5333333333333333 0.0046875 0.008333333333333333
0 0.621484375 0.5951388888888889 0.00546875 0.009722222222222222
0 0.65625 0.5527777777777778 0.0046875 0.008333333333333333
0 0.65859375 0.5743055555555555 0.0046875 0.009722222222222222
0 0.674609375 0.5805555555555556 0.00390625 0.011111111111111112
0 0.6765625 0.5930555555555556 0.00625 0.011111111111111112
0 0.69375 0.5951388888888889 0.0046875 0.009722222222222222
0 0.70234375 0.6145833333333334 0.00625 0.009722222222222222
0 0.7078125 0.61875 0.0046875 0.009722222222222222
0 0.7171875 0.6229166666666667 0.0046875 0.009722222222222222
0 0.7125 0.6527777777777778 0.003125 0.005555555555555556
0 0.72421875 0.6340277777777777 0.0046875 0.009722222222222222
0 0.732421875 0.6423611111111112 0.00546875 0.009722222222222222
0 0.746875 0.65625 0.00625 0.009722222222222222
0 0.762109375 0.6708333333333333 0.00546875 0.011111111111111112
0 0.77734375 0.6930555555555555 0.0046875 0.008333333333333333
0 0.791015625 0.7291666666666666 0.00546875 0.008333333333333333
0 0.80078125 0.7236111111111111 0.0046875 0.011111111111111112
0 0.860546875 0.73125 0.00546875 0.009722222222222222
0 0.84453125 0.7777777777777778 0.0046875 0.011111111111111112
0 0.863671875 0.7986111111111112 0.00546875 0.011111111111111112
0 0.872265625 0.8166666666666667 0.00546875 0.011111111111111112
0 0.884765625 0.8284722222222223 0.00546875 0.0125
0 0.89375 0.8395833333333333 0.0046875 0.009722222222222222
0 0.911328125 0.8506944444444444 0.00703125 0.0125
0 0.920703125 0.8708333333333333 0.00546875 0.011111111111111112
0 0.85234375 0.90625 0.00625 0.0125
0 0.905078125 0.9708333333333333 0.00390625 0.011111111111111112
0 0.916015625 0.9826388888888888 0.00703125 0.0125
0 0.944140625 0.9395833333333333 0.02734375 0.059722222222222225
