0 0.089 0.73 0.01 0.014666666666666666
0 0.1735 0.7106666666666667 0.021 0.02666666666666667
0 0.3635 0.7286666666666667 0.021 0.036
0 0.42 0.736 0.02 0.029333333333333333
0 0.9735 0.754 0.015 0.02
0 0.873 0.7373333333333333 0.01 0.016
0 0.897 0.742 0.01 0.014666666666666666
0 0.9105 0.73 0.011 0.014666666666666666
0 0.9465 0.73 0.009 0.012
0 0.9375 0.7313333333333333 0.009 0.014666666666666666
0 0.9265 0.728 0.007 0.010666666666666666
0 0.817 0.7693333333333333 0.008 0.010666666666666666
0 0.786 0.728 0.01 0.016
0 0.7315 0.7373333333333333 0.011 0.018666666666666668
0 0.738 0.736 0.01 0.016
0 0.7635 0.732 0.009 0.016
0 0.836 0.7226666666666667 0.006 0.008
0 0.6835 0.7266666666666667 0.007 0.010666666666666666
0 0.6685 0.7693333333333333 0.013 0.018666666666666668
0 0.638 0.7273333333333334 0.014 0.017333333333333333
0 0.6485 0.72 0.007 0.010666666666666666
0 0.6105 0.7226666666666667 0.011 0.016
0 0.5715 0.73 0.011 0.014666666666666666
0 0.575 0.718 0.012 0.017333333333333333
0 0.463 0.718 0.008 0.012
0 0.485 0.718 0.008 0.012
0 0.515 0.7166666666666667 0.01 0.014666666666666666
0 0.5315 0.72 0.007 0.010666666666666666
0 0.5435 0.7226666666666667 0.007 0.010666666666666666
0 0.5255 0.7206666666666667 0.005 0.009333333333333334
0 0.3095 0.7193333333333334 0.009 0.012
0 0.3155 0.716 0.007 0.010666666666666666
0 0.328 0.716 0.004 0.005333333333333333
0 0.341 0.7193333333333334 0.004 0.006666666666666667
0 0.2215 0.7333333333333333 0.013 0.05333333333333334
0 0.236 0.7373333333333333 0.016 0.050666666666666665
0 0.769 0.7233333333333334 0.008 0.009333333333333334
