0 0.1164559925093633 0.8181179775280899 0.015683520599250936 0.03089887640449438
0 0.34609082397003743 0.8291783707865169 0.009129213483146067 0.01228932584269663
0 0.5236423220973783 0.8075842696629213 0.012172284644194757 0.02247191011235955
0 0.6883192883895131 0.8163623595505618 0.012406367041198503 0.020365168539325844
0 0.8879915730337079 0.8233848314606742 0.013810861423220975 0.019662921348314606
0 0.9039091760299626 0.8163623595505618 0.01147003745318352 0.020365168539325844
0 0.9332865168539326 0.8277738764044944 0.010299625468164793 0.016502808988764044
0 0.611189138576779 0.7282303370786517 0.007958801498127341 0.011938202247191011
0 0.5993679775280899 0.7006671348314607 0.008192883895131085 0.012991573033707866
0 0.5035112359550562 0.6927668539325843 0.006086142322097378 0.009129213483146067
0 0.5153323970037453 0.6490519662921348 0.0053838951310861425 0.008075842696629214
0 0.5456460674157303 0.647998595505618 0.004213483146067416 0.008075842696629214
0 0.5629681647940075 0.6629213483146067 0.009363295880149813 0.03581460674157303
0 0.5715121722846442 0.6502808988764045 0.004447565543071161 0.007022471910112359
0 0.5966760299625468 0.6427317415730337 0.004213483146067416 0.006671348314606741
0 0.49543539325842695 0.5923455056179775 0.0049157303370786515 0.008426966292134831
0 0.4884129213483146 0.6311446629213483 0.0049157303370786515 0.008075842696629214
0 0.7979868913857678 0.6095505617977528 0.006086142322097378 0.009831460674157303
0 0.8639981273408239 0.6185042134831461 0.006554307116104869 0.010884831460674158
0 0.9305945692883895 0.621313202247191 0.004447565543071161 0.008075842696629214
0 0.9459269662921348 0.6199087078651685 0.005149812734082397 0.00877808988764045
0 0.9592696629213483 0.6185042134831461 0.0056179775280898875 0.00877808988764045
0 0.9698033707865169 0.6211376404494382 0.0046816479400749065 0.007724719101123595
0 0.9797518726591761 0.6527387640449438 0.009597378277153557 0.04564606741573034
0 0.1635065543071161 0.6128862359550562 0.004447565543071161 0.007373595505617977
0 0.07443820224719101 0.6501053370786517 0.0046816479400749065 0.008075842696629214
0 0.019897003745318352 0.6643258426966292 0.0056179775280898875 0.009831460674157303
0 0.039091760299625467 0.682935393258427 0.005149812734082397 0.009129213483146067
