0 0.11805555555555555 0.465625 0.025 0.04375
0 0.16458333333333333 0.4552083333333333 0.04861111111111111 0.07291666666666667
0 0.2590277777777778 0.48541666666666666 0.043055555555555555 0.06666666666666667
0 0.36944444444444446 0.5125 0.05277777777777778 0.09166666666666666
0 0.3861111111111111 0.428125 0.03888888888888889 0.05625
0 0.4076388888888889 0.425 0.020833333333333332 0.0375
0 0.4354166666666667 0.41458333333333336 0.009722222222222222 0.016666666666666666
0 0.4513888888888889 0.4114583333333333 0.008333333333333333 0.01875
0 0.46041666666666664 0.4010416666666667 0.009722222222222222 0.01875
0 0.4638888888888889 0.43645833333333334 0.013888888888888888 0.022916666666666665
0 0.5319444444444444 0.45208333333333334 0.03888888888888889 0.06666666666666667
0 0.5743055555555555 0.4375 0.015277777777777777 0.025
0 0.5916666666666667 0.46875 0.025 0.041666666666666664
0 0.625 0.45 0.016666666666666666 0.025
0 0.6909722222222222 0.49166666666666664 0.0375 0.07083333333333333
0 0.7145833333333333 0.4354166666666667 0.018055555555555554 0.03333333333333333
0 0.7506944444444444 0.44479166666666664 0.018055555555555554 0.03125
0 0.7666666666666667 0.4552083333333333 0.013888888888888888 0.027083333333333334
0 0.7784722222222222 0.4395833333333333 0.018055555555555554 0.03333333333333333
0 0.7986111111111112 0.465625 0.03888888888888889 0.06875
0 0.9097222222222222 0.45729166666666665 0.03888888888888889 0.06458333333333334
