0 0.235 0.5943333333333334 0.024 0.018
0 0.34 0.5946666666666667 0.022 0.014666666666666666
0 0.437 0.5896666666666667 0.018 0.014
0 0.476 0.581 0.026 0.019333333333333334
0 0.5675 0.5796666666666667 0.025 0.019333333333333334
0 0.632 0.6006666666666667 0.022 0.013333333333333334
0 0.6905 0.5983333333333334 0.025 0.016666666666666666
0 0.6535 0.591 0.023 0.018
0 0.7145 0.591 0.029 0.015333333333333332
0 0.772 0.588 0.022 0.014666666666666666
0 0.8955 0.5886666666666667 0.027 0.02
0 0.942 0.5783333333333334 0.03 0.020666666666666667
0 0.9325 0.561 0.021 0.018
0 0.8155 0.5436666666666666 0.047 0.03933333333333333
