0 0.7858072916666666 0.5846354166666666 0.06380208333333333 0.0546875
0 0.7760416666666666 0.6066080729166666 0.049479166666666664 0.0439453125
0 0.8207465277777778 0.5530598958333334 0.006944444444444444 0.0078125
0 0.7389322916666666 0.5703125 0.009114583333333334 0.007161458333333333
0 0.7217881944444444 0.5701497395833334 0.008680555555555556 0.0087890625
0 0.990234375 0.5694986979166666 0.010850694444444444 0.0068359375
0 0.19813368055555555 0.6004231770833334 0.045572916666666664 0.036783854166666664
0 0.1134982638888889 0.6285807291666666 0.05164930555555555 0.039713541666666664
0 0.072265625 0.5914713541666666 0.007378472222222222 0.005208333333333333
0 0.09722222222222222 0.5921223958333334 0.006076388888888889 0.004557291666666667
