0 0.8842931937172774 0.6324921135646687 0.05968586387434555 0.0946372239747634
0 0.7837696335078534 0.666403785488959 0.06806282722513089 0.11829652996845426
0 0.7607329842931937 0.748422712933754 0.05759162303664921 0.1056782334384858
0 0.693717277486911 0.6790220820189274 0.05759162303664921 0.10883280757097792
0 0.7460732984293194 0.6648264984227129 0.04712041884816754 0.07728706624605679
0 0.6931937172774869 0.6750788643533123 0.048167539267015703 0.07886435331230283
0 0.5926701570680628 0.6869085173501577 0.05445026178010471 0.09621451104100946
0 0.5335078534031413 0.6719242902208202 0.05340314136125655 0.10725552050473186
0 0.4445026178010471 0.7018927444794952 0.049214659685863874 0.10094637223974763
0 0.48900523560209425 0.6979495268138801 0.05235602094240838 0.08990536277602523
0 0.39267015706806285 0.7381703470031545 0.039790575916230364 0.07255520504731862
0 0.35706806282722514 0.6545741324921136 0.05863874345549738 0.11356466876971609
0 0.29790575916230366 0.669558359621451 0.05549738219895288 0.0804416403785489
0 0.23926701570680628 0.6411671924290221 0.061780104712041886 0.09936908517350158
0 0.08900523560209424 0.6427444794952681 0.0712041884816754 0.11198738170347003
0 0.16858638743455498 0.6537854889589906 0.05654450261780105 0.08675078864353312
