0 0.1035 0.12533333333333332 0.073 0.12266666666666666
0 0.2305 0.526 0.081 0.13733333333333334
0 0.339 0.43466666666666665 0.074 0.10933333333333334
0 0.5515 0.38533333333333336 0.065 0.12266666666666666
0 0.671 0.42133333333333334 0.062 0.12266666666666666
0 0.9095 0.206 0.059 0.09733333333333333
0 0.765 0.24 0.056 0.096
0 0.625 0.19733333333333333 0.046 0.06933333333333333
0 0.485 0.332 0.042 0.07466666666666667
0 0.362 0.30533333333333335 0.052 0.08533333333333333
0 0.2545 0.31466666666666665 0.059 0.09066666666666667
