0 0.4452937322559511 0.9921438547486033 0.024896265560165973 0.03945530726256983
0 0.5662808473465822 0.9912709497206704 0.02358593579384145 0.040502793296089384
0 0.7460144136274296 0.8891410614525139 0.020091723083642717 0.037360335195530725
0 0.9148285651889059 0.9814944134078212 0.02576981873771566 0.0467877094972067
0 0.9217077964621097 0.9465782122905028 0.02118366455557982 0.04189944134078212
0 0.6725267525660624 0.8713337988826816 0.018999781611705614 0.03875698324022346
0 0.659532649050011 0.8818086592178771 0.0157239571958943 0.03247206703910614
0 0.68628521511247 0.8432262569832403 0.015505568901506879 0.0335195530726257
0 0.6273203756278664 0.8545740223463687 0.013758462546407512 0.03037709497206704
0 0.58298755186722 0.8786662011173184 0.01332168595763267 0.026885474860335195
0 0.5872461236077746 0.8329259776536313 0.014850404018344617 0.031773743016759774
0 0.49759772876173836 0.8601606145251397 0.013758462546407512 0.031075418994413406
0 0.4625464075125573 0.9429120111731844 0.02314915920506661 0.04434357541899441
0 0.3994321904345927 0.8385125698324022 0.014413627429569776 0.031075418994413406
0 0.41351823542258137 0.8308310055865922 0.012448132780082987 0.02479050279329609
0 0.436667394627648 0.8397346368715084 0.01332168595763267 0.027932960893854747
0 0.463419960690107 0.8226256983240223 0.01310329766324525 0.024441340782122904
0 0.39047827036470845 0.8168645251396648 0.010045861541821358 0.02479050279329609
0 0.35509936667394626 0.8203561452513967 0.011792967896920725 0.027583798882681563
0 0.3274732474339375 0.7966131284916201 0.013758462546407512 0.028980446927374302
0 0.3102205721773313 0.7985335195530726 0.011137803013758463 0.024441340782122904
0 0.3234330639877703 0.7681564245810056 0.009609084953046517 0.019553072625698324
0 0.36110504476960037 0.7711243016759777 0.009827473247433938 0.020600558659217876
0 0.36350731600786196 0.7583798882681564 0.008517143481109412 0.014664804469273743
0 0.3982310548154619 0.7721717877094972 0.009827473247433938 0.0178072625698324
0 0.37824852587901286 0.7994064245810056 0.0104826381305962 0.020600558659217876
0 0.4292421926184756 0.7784567039106145 0.008953920069884254 0.01920391061452514
0 0.4339375409478052 0.7789804469273743 0.008735531775496833 0.018156424581005588
0 0.4194147193710417 0.7552374301675978 0.009390696658659096 0.019553072625698324
0 0.43546625900851715 0.7609986033519553 0.008735531775496833 0.01920391061452514
0 0.4493339157021184 0.7601256983240223 0.008080366892334571 0.019553072625698324
0 0.4108975758899323 0.7520949720670391 0.007643590303559729 0.017458100558659217
0 0.45894300065516486 0.786836592178771 0.008517143481109412 0.018505586592178772
0 0.47674164664773966 0.7843924581005587 0.009172308364271676 0.0178072625698324
0 0.4986896702336755 0.7758379888268156 0.008517143481109412 0.019553072625698324
0 0.5040401834461673 0.7836941340782123 0.009609084953046517 0.01920391061452514
0 0.5262065953264905 0.7988826815642458 0.01070102642498362 0.024441340782122904
0 0.5453155710853899 0.8098812849162011 0.009609084953046517 0.021997206703910616
0 0.5627866346363835 0.7922486033519553 0.011792967896920725 0.023044692737430168
0 0.6979689888621969 0.7643156424581006 0.007425202009172308 0.014664804469273743
0 0.7350949989080585 0.7887569832402235 0.009172308364271676 0.011871508379888268
0 0.8568464730290456 0.8147695530726257 0.008953920069884254 0.01431564245810056
0 0.8366455557982092 0.7697276536312849 0.009172308364271676 0.015712290502793297
0 0.58298755186722 0.7829958100558659 0.008517143481109412 0.017108938547486033
0 0.5960908495304652 0.7786312849162011 0.008080366892334571 0.017458100558659217
0 0.6151998252893645 0.7849162011173184 0.007425202009172308 0.013268156424581005
0 0.6327800829875518 0.7671089385474861 0.008517143481109412 0.012569832402234637
0 0.623280192181699 0.7655377094972067 0.009172308364271676 0.018505586592178772
0 0.5751255732692727 0.7438896648044693 0.006770037126010046 0.012220670391061452
0 0.5704302249399432 0.7398743016759777 0.006551648831622625 0.01047486033519553
0 0.5503385018563005 0.7775837988826816 0.008298755186721992 0.017458100558659217
0 0.535815680279537 0.784217877094972 0.009827473247433938 0.020251396648044692
0 0.5214020528499672 0.7700768156424581 0.008953920069884254 0.01920391061452514
0 0.464184319720463 0.7447625698324022 0.006770037126010046 0.018156424581005588
0 0.47979908276916355 0.7550628491620112 0.007425202009172308 0.015013966480446927
0 0.5387639222537672 0.7520949720670391 0.006551648831622625 0.013268156424581005
0 0.5170342869622189 0.7501745810055865 0.0063332605372352045 0.012918994413407821
0 0.1666302686176021 0.7074022346368715 0.003494212710198733 0.006284916201117319
0 0.18814151561476306 0.755586592178771 0.004149377593360996 0.006983240223463687
0 0.2023367547499454 0.7311452513966481 0.002839047827036471 0.00558659217877095
0 0.5766542913299847 0.7761871508379888 0.008080366892334571 0.01606145251396648
