0 0.8935483870967742 0.6394009216589862 0.054838709677419356 0.08525345622119816
0 0.9330645161290323 0.6682027649769585 0.037096774193548385 0.055299539170506916
0 0.8169354838709677 0.738479262672811 0.05967741935483871 0.10368663594470046
0 0.8290322580645161 0.6705069124423964 0.02903225806451613 0.055299539170506916
0 0.7741935483870968 0.6175115207373272 0.054838709677419356 0.08294930875576037
0 0.7120967741935483 0.6601382488479263 0.08870967741935484 0.14055299539170507
0 0.6064516129032258 0.717741935483871 0.035483870967741936 0.07603686635944701
0 0.65 0.652073732718894 0.035483870967741936 0.05069124423963134
0 0.525 0.6624423963133641 0.0467741935483871 0.08064516129032258
0 0.4798387096774194 0.6612903225806451 0.024193548387096774 0.04608294930875576
0 0.4104838709677419 0.6589861751152074 0.024193548387096774 0.041474654377880185
0 0.4637096774193548 0.6682027649769585 0.017741935483870968 0.027649769585253458
0 0.4282258064516129 0.6705069124423964 0.014516129032258065 0.02304147465437788
0 0.38306451612903225 0.6555299539170507 0.017741935483870968 0.029953917050691243
0 0.35080645161290325 0.6682027649769585 0.01129032258064516 0.018433179723502304
0 0.32661290322580644 0.6578341013824884 0.01129032258064516 0.020737327188940093
