0 0.93203125 0.5574324324324325 0.0359375 0.06531531531531531
0 0.93046875 0.6137387387387387 0.0234375 0.038288288288288286
0 0.87890625 0.5990990990990991 0.0203125 0.04054054054054054
0 0.90625 0.5788288288288288 0.021875 0.036036036036036036
0 0.90703125 0.527027027027027 0.0140625 0.02702702702702703
0 0.94609375 0.45382882882882886 0.0234375 0.04279279279279279
0 0.98203125 0.46959459459459457 0.0203125 0.033783783783783786
0 0.78828125 0.5540540540540541 0.0140625 0.018018018018018018
0 0.83046875 0.5123873873873874 0.0109375 0.015765765765765764
0 0.84453125 0.5135135135135135 0.0109375 0.018018018018018018
0 0.76015625 0.5540540540540541 0.0109375 0.013513513513513514
0 0.73203125 0.5563063063063063 0.0109375 0.013513513513513514
