0 0.548828125 0.2722222222222222 0.11796875 0.21944444444444444
0 0.782421875 0.3145833333333333 0.07890625 0.15138888888888888
0 0.621484375 0.34375 0.08359375 0.15138888888888888
0 0.27890625 0.4013888888888889 0.0734375 0.14166666666666666
0 0.069140625 0.3111111111111111 0.06953125 0.1388888888888889
0 0.2390625 0.27291666666666664 0.0765625 0.10972222222222222
0 0.15859375 0.32222222222222224 0.0640625 0.12222222222222222
0 0.02421875 0.21597222222222223 0.05625 0.12361111111111112
0 0.076953125 0.2722222222222222 0.06484375 0.13055555555555556
0 0.332421875 0.2701388888888889 0.06328125 0.12638888888888888
0 0.462109375 0.24097222222222223 0.06328125 0.12361111111111112
0 0.28671875 0.2534722222222222 0.046875 0.09027777777777778
0 0.062109375 0.09166666666666666 0.06484375 0.09722222222222222
0 0.17578125 0.15555555555555556 0.0640625 0.125
0 0.227734375 0.16805555555555557 0.05859375 0.11666666666666667
0 0.3984375 0.2625 0.053125 0.10833333333333334
0 0.4328125 0.1111111111111111 0.059375 0.10833333333333334
0 0.973046875 0.17430555555555555 0.06640625 0.12638888888888888
0 0.90625 0.22013888888888888 0.06875 0.11527777777777778
0 0.828515625 0.21319444444444444 0.06328125 0.14583333333333334
