0 0.8802612481857764 0.6435546875 0.05660377358490566 0.046875
0 0.8526850507982583 0.63720703125 0.03918722786647315 0.0341796875
0 0.762699564586357 0.6806640625 0.047895500725689405 0.04296875
0 0.6698113207547169 0.6787109375 0.047895500725689405 0.041015625
0 0.5616835994194485 0.65234375 0.06095791001451379 0.056640625
0 0.4702467343976778 0.6806640625 0.04644412191582003 0.037109375
0 0.37155297532656023 0.66796875 0.04354136429608128 0.037109375
0 0.2844702467343977 0.7021484375 0.05805515239477504 0.041015625
0 0.15820029027576196 0.6611328125 0.05805515239477504 0.041015625
0 0.3265602322206096 0.6611328125 0.026124818577648767 0.015625
0 0.46226415094339623 0.64599609375 0.036284470246734396 0.0263671875
0 0.5312046444121916 0.6611328125 0.040638606676342524 0.03515625
0 0.602322206095791 0.65234375 0.01741654571843251 0.015625
0 0.6574746008708273 0.63134765625 0.03773584905660377 0.0283203125
