0 0.9469572368421053 0.490478515625 0.010142543859649123 0.01806640625
0 0.9738212719298246 0.677734375 0.03262061403508772 0.0673828125
0 0.8444353070175439 0.3984375 0.029331140350877194 0.0703125
0 0.850328947368421 0.487548828125 0.03344298245614035 0.07275390625
0 0.7724780701754386 0.418212890625 0.027960526315789474 0.06005859375
0 0.7780975877192983 0.488037109375 0.02549342105263158 0.05908203125
0 0.7330043859649122 0.492431640625 0.02412280701754386 0.06103515625
0 0.6986019736842105 0.69091796875 0.024396929824561403 0.0556640625
0 0.6461074561403509 0.69482421875 0.024671052631578948 0.0576171875
0 0.5757949561403509 0.77001953125 0.033717105263157895 0.0615234375
0 0.5988212719298246 0.728271484375 0.023848684210526317 0.05224609375
0 0.6751644736842105 0.531982421875 0.025767543859649123 0.05517578125
0 0.6853070175438597 0.481201171875 0.025219298245614034 0.05810546875
0 0.6755756578947368 0.38818359375 0.023300438596491228 0.0498046875
0 0.6384320175438597 0.345703125 0.023574561403508772 0.05078125
0 0.6352796052631579 0.44580078125 0.021107456140350877 0.0576171875
0 0.6354166666666666 0.522705078125 0.0268640350877193 0.05517578125
0 0.5575657894736842 0.70556640625 0.022478070175438597 0.0537109375
0 0.584703947368421 0.5380859375 0.021929824561403508 0.0517578125
0 0.5719572368421053 0.446044921875 0.023300438596491228 0.06103515625
0 0.5682565789473685 0.3740234375 0.022478070175438597 0.0517578125
0 0.5243969298245614 0.735595703125 0.027960526315789474 0.05517578125
0 0.520422149122807 0.690185546875 0.024396929824561403 0.05322265625
0 0.5376918859649122 0.5390625 0.021655701754385966 0.0546875
0 0.5052083333333334 0.53466796875 0.023574561403508772 0.05859375
0 0.5176809210526315 0.4560546875 0.02275219298245614 0.0537109375
0 0.520422149122807 0.3916015625 0.021107456140350877 0.0556640625
0 0.4251644736842105 0.676513671875 0.02905701754385965 0.05322265625
0 0.4564144736842105 0.5419921875 0.022478070175438597 0.0546875
0 0.47368421052631576 0.45703125 0.024671052631578948 0.052734375
0 0.4799890350877193 0.3759765625 0.020285087719298246 0.0439453125
0 0.38199013157894735 0.693359375 0.027138157894736843 0.056640625
0 0.30564692982456143 0.70166015625 0.025219298245614034 0.0634765625
0 0.24643640350877194 0.674560546875 0.03234649122807018 0.05810546875
0 0.16324013157894737 0.7216796875 0.034265350877192985 0.052734375
0 0.07853618421052631 0.473876953125 0.00356359649122807 0.00732421875
0 -0.001918859649122807 0.449951171875 0.003289473684210526 0.00634765625
0 0.40145285087719296 0.511962890625 0.024396929824561403 0.05517578125
0 0.4309210526315789 0.46484375 0.022478070175438597 0.0546875
0 0.4322916666666667 0.385986328125 0.020285087719298246 0.04443359375
0 0.4036458333333333 0.46240234375 0.024396929824561403 0.0458984375
0 0.33031798245614036 0.56298828125 0.02138157894736842 0.0576171875
0 0.2748081140350877 0.47119140625 0.026589912280701754 0.05859375
0 0.19942434210526316 0.570068359375 0.02823464912280702 0.06298828125
0 0.33689692982456143 0.4833984375 0.02412280701754386 0.0634765625
0 0.3418311403508772 0.40478515625 0.02412280701754386 0.0546875
0 0.26452850877192985 0.379150390625 0.025767543859649123 0.05517578125
0 0.21395285087719298 0.544921875 0.024396929824561403 0.060546875
0 0.14089912280701755 0.461181640625 0.0268640350877193 0.06201171875
0 0.19284539473684212 0.453369140625 0.029331140350877194 0.05615234375
0 0.18969298245614036 0.360107421875 0.024671052631578948 0.05810546875
0 0.1356907894736842 0.333984375 0.027960526315789474 0.0546875
