0 -0.018036265432098766 0.09013310185185185 0.013310185185185185 0.019965277777777776
0 0.12943672839506173 0.20109953703703703 0.010802469135802469 0.016203703703703703
0 0.36226851851851855 0.2779224537037037 0.06983024691358025 0.12123842592592593
0 0.4136766975308642 0.1808449074074074 0.06616512345679013 0.11284722222222222
0 0.46711033950617287 0.14134837962962962 0.06577932098765432 0.14033564814814814
0 0.49508101851851855 0.2712673611111111 0.061535493827160496 0.1189236111111111
0 0.5855516975308642 0.2472511574074074 0.06500771604938271 0.1322337962962963
0 0.5268132716049383 0.4937789351851852 0.0775462962962963 0.16637731481481483
0 0.7277199074074074 0.6345486111111112 0.06809413580246913 0.12384259259259259
0 0.6073495370370371 0.11197916666666667 0.011766975308641976 0.02199074074074074
0 0.7338927469135802 0.24450231481481483 0.02141203703703704 0.041666666666666664
0 0.7307098765432098 0.1361400462962963 0.013117283950617283 0.02459490740740741
0 0.824170524691358 0.16811342592592593 0.008680555555555556 0.015046296296296295
0 0.8994984567901234 0.1644965277777778 0.013503086419753086 0.021122685185185185
0 0.9050925925925926 0.17722800925925927 0.01273148148148148 0.02228009259259259
0 0.9370177469135802 0.13903356481481483 0.015239197530864198 0.02228009259259259
0 0.9444444444444444 0.13512731481481483 0.011574074074074073 0.022569444444444444
0 0.9625771604938271 0.1228298611111111 0.015046296296296295 0.025752314814814815
0 0.9692322530864198 0.14453125 0.01253858024691358 0.02806712962962963
0 0.9795524691358025 0.140625 0.013503086419753086 0.023148148148148147
0 0.9907407407407407 0.17664930555555555 0.016203703703703703 0.024016203703703703
0 0.9755979938271605 0.1323784722222222 0.014467592592592593 0.022858796296296297
