0 0.051 0.4534313725490196 0.03 0.049019607843137254
0 0.158 0.4375 0.044 0.051470588235294115
0 0.102 0.45588235294117646 0.044 0.06372549019607843
0 0.291 0.4117647058823529 0.054 0.06862745098039216
0 0.369 0.4264705882352941 0.026 0.0392156862745098
0 0.44 0.4264705882352941 0.048 0.06372549019607843
0 0.564 0.42769607843137253 0.052 0.061274509803921566
0 0.707 0.45465686274509803 0.05 0.07107843137254902
0 0.988 0.40441176470588236 0.02 0.024509803921568627
0 0.98 0.47058823529411764 0.028 0.03431372549019608
0 1.002 0.5147058823529411 0.084 0.14215686274509803
