0 0.045774647887323945 0.6781609195402298 0.023474178403755867 0.0361247947454844
0 0.107981220657277 0.6535303776683087 0.028169014084507043 0.04597701149425287
0 0.15610328638497653 0.6486042692939245 0.02112676056338028 0.029556650246305417
0 0.14730046948356806 0.5853858784893268 0.012910798122065728 0.021346469622331693
0 0.21713615023474178 0.5870279146141215 0.014084507042253521 0.021346469622331693
0 0.22946009389671362 0.5977011494252874 0.017605633802816902 0.026272577996715927
0 0.2517605633802817 0.5911330049261084 0.015258215962441314 0.029556650246305417
0 0.2805164319248826 0.6124794745484401 0.01643192488262911 0.029556650246305417
0 0.375 0.5689655172413793 0.015258215962441314 0.027914614121510674
0 0.517018779342723 0.6551724137931034 0.02464788732394366 0.04926108374384237
0 0.47300469483568075 0.6674876847290641 0.025821596244131457 0.047619047619047616
0 0.443075117370892 0.6486042692939245 0.02699530516431925 0.042692939244663386
0 0.6056338028169014 0.6116584564860427 0.02112676056338028 0.034482758620689655
0 0.6690140845070423 0.6026272577996716 0.023474178403755867 0.04597701149425287
0 0.5088028169014085 0.645320197044335 0.022300469483568074 0.03940886699507389
0 0.482981220657277 0.577175697865353 0.012910798122065728 0.021346469622331693
0 0.5046948356807511 0.5952380952380952 0.014084507042253521 0.027914614121510674
0 0.5352112676056338 0.6018062397372742 0.01643192488262911 0.027914614121510674
0 0.5005868544600939 0.5722495894909688 0.01056338028169014 0.014778325123152709
0 0.5264084507042254 0.5779967159277504 0.012910798122065728 0.019704433497536946
0 0.5446009389671361 0.5911330049261084 0.014084507042253521 0.019704433497536946
0 0.5762910798122066 0.5648604269293924 0.018779342723004695 0.029556650246305417
0 0.5915492957746479 0.5623973727422004 0.011737089201877934 0.021346469622331693
0 0.5921361502347418 0.5615763546798029 0.012910798122065728 0.022988505747126436
0 0.6373239436619719 0.5977011494252874 0.018779342723004695 0.03284072249589491
0 0.6408450704225352 0.5755336617405583 0.01643192488262911 0.024630541871921183
0 0.670774647887324 0.5747126436781609 0.015258215962441314 0.022988505747126436
0 0.6607981220657277 0.5632183908045977 0.009389671361502348 0.019704433497536946
0 0.681924882629108 0.5615763546798029 0.014084507042253521 0.019704433497536946
0 0.6842723004694836 0.5492610837438424 0.009389671361502348 0.0180623973727422
0 0.7153755868544601 0.5779967159277504 0.017605633802816902 0.026272577996715927
0 0.7153755868544601 0.5812807881773399 0.012910798122065728 0.019704433497536946
0 0.7130281690140845 0.5377668308702791 0.008215962441314555 0.014778325123152709
0 0.7053990610328639 0.5336617405582923 0.007042253521126761 0.009852216748768473
0 0.7241784037558685 0.5394088669950738 0.007042253521126761 0.011494252873563218
0 0.732981220657277 0.535303776683087 0.005868544600938967 0.009852216748768473
0 0.7382629107981221 0.5599343185550082 0.01643192488262911 0.059113300492610835
0 0.755868544600939 0.555008210180624 0.011737089201877934 0.022988505747126436
0 0.7875586854460094 0.5582922824302134 0.014084507042253521 0.026272577996715927
0 0.7940140845070423 0.6026272577996716 0.02464788732394366 0.11494252873563218
0 0.7746478873239436 0.5591133004926109 0.009389671361502348 0.014778325123152709
0 0.7546948356807511 0.5459770114942529 0.009389671361502348 0.014778325123152709
0 0.761150234741784 0.5410509031198686 0.008215962441314555 0.014778325123152709
0 0.772887323943662 0.541871921182266 0.005868544600938967 0.009852216748768473
0 0.7863849765258216 0.5426929392446633 0.009389671361502348 0.014778325123152709
0 0.812793427230047 0.5451559934318555 0.008215962441314555 0.013136288998357963
0 0.8051643192488263 0.5394088669950738 0.007042253521126761 0.011494252873563218
0 0.8796948356807511 0.6600985221674877 0.03403755868544601 0.052545155993431854
0 0.9788732394366197 0.6756978653530378 0.023474178403755867 0.034482758620689655
0 0.8233568075117371 0.5722495894909688 0.015258215962441314 0.024630541871921183
0 0.8456572769953051 0.5730706075533661 0.015258215962441314 0.022988505747126436
0 0.897887323943662 0.5591133004926109 0.014084507042253521 0.021346469622331693
0 0.9313380281690141 0.5706075533661741 0.012910798122065728 0.0180623973727422
0 0.9524647887323944 0.5640394088669951 0.015258215962441314 0.021346469622331693
0 0.9289906103286385 0.5533661740558292 0.012910798122065728 0.019704433497536946
0 0.8609154929577465 0.5517241379310345 0.012910798122065728 0.019704433497536946
0 0.9266431924882629 0.5303776683087028 0.01056338028169014 0.016420361247947456
0 0.9084507042253521 0.5402298850574713 0.007042253521126761 0.013136288998357963
0 0.8908450704225352 0.5361247947454844 0.009389671361502348 0.011494252873563218
0 0.8755868544600939 0.5205254515599343 0.004694835680751174 0.009852216748768473
0 0.8591549295774648 0.5221674876847291 0.004694835680751174 0.006568144499178982
0 0.8515258215962441 0.5328407224958949 0.005868544600938967 0.008210180623973728
0 0.8380281690140845 0.5500821018062397 0.007042253521126761 0.009852216748768473
0 0.829225352112676 0.5295566502463054 0.005868544600938967 0.008210180623973728
0 0.8362676056338029 0.5229885057471264 0.008215962441314555 0.011494252873563218
0 0.8884976525821596 0.541871921182266 0.01643192488262911 0.06239737274220033
0 0.880868544600939 0.5467980295566502 0.015258215962441314 0.06239737274220033
0 0.9061032863849765 0.5262725779967159 0.007042253521126761 0.011494252873563218
0 0.9677230046948356 0.5147783251231527 0.005868544600938967 0.008210180623973728
0 0.9917840375586855 0.5024630541871922 0.004694835680751174 0.006568144499178982
