0 0.45556640625 0.5043988269794721 0.0048828125 0.005865102639296188
0 0.5185546875 0.5161290322580645 0.005859375 0.026392961876832845
0 0.5234375 0.5153958944281525 0.0078125 0.02785923753665689
0 0.9072265625 0.5131964809384164 0.00390625 0.008797653958944282
0 0.92138671875 0.5175953079178885 0.0048828125 0.008797653958944282
0 0.95068359375 0.5227272727272727 0.0048828125 0.007331378299120235
0 0.95068359375 0.5146627565982405 0.0048828125 0.008797653958944282
0 0.986328125 0.5190615835777126 0.00390625 0.005865102639296188
0 -0.0068359375 0.8042521994134897 0.037109375 0.06598240469208211
0 0.05126953125 0.7023460410557185 0.0537109375 0.07038123167155426
0 0.0693359375 0.8167155425219942 0.052734375 0.07038123167155426
0 0.14404296875 0.7199413489736071 0.0283203125 0.05278592375366569
0 0.18408203125 0.6854838709677419 0.0283203125 0.051319648093841645
0 0.2197265625 0.6715542521994134 0.025390625 0.03812316715542522
0 0.25048828125 0.7302052785923754 0.0361328125 0.05571847507331378
0 0.3115234375 0.6378299120234604 0.03125 0.04985337243401759
0 0.31884765625 0.6781524926686217 0.0302734375 0.051319648093841645
0 0.3310546875 0.7030791788856305 0.04296875 0.06598240469208211
0 0.37158203125 0.7639296187683284 0.0439453125 0.05571847507331378
0 0.3994140625 0.6869501466275659 0.03125 0.04838709677419355
0 0.43603515625 0.6891495601173021 0.0380859375 0.06158357771260997
0 0.45703125 0.6825513196480938 0.029296875 0.05718475073313783
0 0.5068359375 0.7067448680351907 0.041015625 0.06451612903225806
0 0.53369140625 0.7045454545454546 0.0341796875 0.054252199413489736
0 0.5732421875 0.8401759530791789 0.0546875 0.07331378299120235
0 0.55126953125 0.6348973607038123 0.0283203125 0.0469208211143695
0 0.60498046875 0.7104105571847508 0.0419921875 0.0689149560117302
0 0.66552734375 0.6627565982404692 0.0361328125 0.06158357771260997
0 0.66650390625 0.6686217008797654 0.0302734375 0.05865102639296188
0 0.74169921875 0.6370967741935484 0.0283203125 0.045454545454545456
0 0.74267578125 0.7089442815249267 0.0419921875 0.04838709677419355
0 0.791015625 0.6370967741935484 0.03515625 0.054252199413489736
0 0.85009765625 0.6730205278592375 0.0302734375 0.06158357771260997
0 0.861328125 0.7133431085043989 0.03515625 0.060117302052785926
0 0.970703125 0.6935483870967742 0.03515625 0.05865102639296188
