0 -0.0275 0.372 0.059 0.09066666666666667
0 0.117 0.372 0.06 0.09866666666666667
0 0.2825 0.25866666666666666 0.059 0.09333333333333334
0 0.248 0.282 0.044 0.08666666666666667
0 0.3335 0.2853333333333333 0.047 0.08533333333333333
0 0.4055 0.36533333333333334 0.055 0.09866666666666667
0 0.484 0.372 0.044 0.07466666666666667
0 0.487 0.2713333333333333 0.042 0.068
0 0.515 0.29733333333333334 0.034 0.056
0 0.6085 0.41333333333333333 0.041 0.064
0 0.646 0.364 0.042 0.06933333333333333
0 0.7005 0.362 0.049 0.07333333333333333
0 0.812 0.334 0.058 0.084
0 0.8345 0.2906666666666667 0.049 0.08
0 0.915 0.3473333333333333 0.06 0.08666666666666667
0 1.008 0.3406666666666667 0.036 0.06533333333333333
