0 0.098 0.8721804511278195 0.038 0.05714285714285714
0 0.016 0.7729323308270677 0.034 0.06015037593984962
0 0.014 0.9511278195488722 0.038 0.07669172932330827
0 0.533 0.5744360902255639 0.024 0.045112781954887216
0 0.6245 0.5842105263157895 0.017 0.03458646616541353
0 0.6895 0.6022556390977444 0.017 0.02556390977443609
0 0.713 0.5894736842105263 0.016 0.03007518796992481
0 0.7705 0.562406015037594 0.017 0.02706766917293233
0 0.7785 0.5466165413533834 0.019 0.03458646616541353
0 0.7685 0.5353383458646617 0.013 0.021052631578947368
0 0.799 0.5330827067669173 0.012 0.019548872180451128
0 0.5825 0.5496240601503759 0.009 0.016541353383458645
0 0.558 0.5428571428571428 0.008 0.015037593984962405
0 0.566 0.51203007518797 0.01 0.016541353383458645
0 0.5675 0.5375939849624061 0.007 0.013533834586466165
0 0.6245 0.5857142857142857 0.015 0.031578947368421054
0 0.6135 0.575187969924812 0.013 0.019548872180451128
0 0.637 0.5428571428571428 0.012 0.02406015037593985
0 0.6155 0.5330827067669173 0.011 0.016541353383458645
0 0.632 0.5135338345864662 0.008 0.016541353383458645
0 0.651 0.5781954887218045 0.01 0.016541353383458645
0 0.6635 0.5781954887218045 0.015 0.02857142857142857
0 0.672 0.5360902255639097 0.014 0.019548872180451128
0 0.658 0.5210526315789473 0.008 0.016541353383458645
0 0.6325 0.4345864661654135 0.007 0.012030075187969926
0 0.6715 0.42781954887218043 0.007 0.010526315789473684
0 0.6605 0.39398496240601505 0.007 0.012030075187969926
0 0.643 0.3962406015037594 0.006 0.010526315789473684
0 0.627 0.3699248120300752 0.006 0.009022556390977444
0 0.623 0.3676691729323308 0.006 0.010526315789473684
0 0.591 0.37218045112781956 0.006 0.007518796992481203
0 0.5815 0.3744360902255639 0.007 0.009022556390977444
0 0.6635 0.37894736842105264 0.005 0.009022556390977444
0 0.657 0.33533834586466166 0.006 0.009022556390977444
0 0.6395 0.3398496240601504 0.005 0.009022556390977444
0 0.686 0.3631578947368421 0.006 0.007518796992481203
0 0.6195 0.30451127819548873 0.005 0.007518796992481203
0 0.6025 0.2954887218045113 0.003 0.004511278195488722
0 0.6345 0.293984962406015 0.003 0.004511278195488722
0 0.637 0.2932330827067669 0.004 0.006015037593984963
0 0.6445 0.27593984962406015 0.003 0.004511278195488722
0 0.635 0.2789473684210526 0.006 0.007518796992481203
0 0.623 0.29473684210526313 0.004 0.006015037593984963
0 0.6155 0.2954887218045113 0.003 0.004511278195488722
0 0.6175 0.3112781954887218 0.011 0.03308270676691729
0 0.607 0.2857142857142857 0.002 0.0030075187969924814
0 0.5725 0.281203007518797 0.003 0.006015037593984963
0 0.566 0.2864661654135338 0.008 0.02857142857142857
0 0.258 0.2864661654135338 0.008 0.019548872180451128
0 0.2115 0.27669172932330827 0.011 0.02706766917293233
0 0.2 0.2736842105263158 0.008 0.01804511278195489
0 0.7755 0.46015037593984964 0.007 0.015037593984962405
0 0.78 0.4105263157894737 0.006 0.009022556390977444
0 0.791 0.40150375939849625 0.006 0.009022556390977444
0 0.8005 0.4075187969924812 0.005 0.009022556390977444
0 0.8125 0.4105263157894737 0.005 0.009022556390977444
0 0.859 0.4368421052631579 0.006 0.010526315789473684
0 0.8755 0.43834586466165415 0.007 0.010526315789473684
0 0.894 0.4413533834586466 0.008 0.013533834586466165
0 0.881 0.3736842105263158 0.006 0.010526315789473684
0 0.8615 0.3744360902255639 0.007 0.009022556390977444
0 0.959 0.38646616541353385 0.006 0.009022556390977444
0 0.914 0.343609022556391 0.004 0.007518796992481203
0 0.9255 0.32706766917293234 0.005 0.007518796992481203
0 0.9255 0.3180451127819549 0.005 0.007518796992481203
0 0.9185 0.3240601503759398 0.005 0.007518796992481203
0 0.919 0.324812030075188 0.006 0.009022556390977444
0 0.9605 0.34962406015037595 0.011 0.0406015037593985
0 0.9695 0.31353383458646616 0.005 0.007518796992481203
0 0.9755 0.3090225563909774 0.005 0.007518796992481203
0 0.962 0.2699248120300752 0.004 0.007518796992481203
0 0.963 0.28270676691729324 0.01 0.03609022556390978
0 0.866 0.3233082706766917 0.004 0.006015037593984963
0 0.8415 0.3157894736842105 0.005 0.006015037593984963
0 0.8305 0.3157894736842105 0.005 0.009022556390977444
0 0.8235 0.3142857142857143 0.005 0.009022556390977444
0 0.8015 0.3172932330827068 0.005 0.009022556390977444
0 0.7915 0.3157894736842105 0.005 0.009022556390977444
0 0.7675 0.3 0.007 0.02556390977443609
0 0.763 0.2774436090225564 0.004 0.007518796992481203
0 0.774 0.29022556390977444 0.01 0.03308270676691729
0 0.8075 0.256390977443609 0.003 0.004511278195488722
0 0.7315 0.2571428571428571 0.005 0.006015037593984963
0 0.721 0.40225563909774437 0.014 0.04962406015037594
