0 0.26781798245614036 0.7623355263157895 0.0356359649122807 0.0625
0 0.27905701754385964 0.6925712719298246 0.029605263157894735 0.04358552631578947
0 0.3188048245614035 0.7003837719298246 0.017726608187134504 0.03399122807017544
0 0.28591008771929827 0.6770833333333334 0.01114766081871345 0.019736842105263157
0 0.31377923976608185 0.6890076754385965 0.011695906432748537 0.0200109649122807
0 0.36211622807017546 0.688733552631579 0.010416666666666666 0.018914473684210526
0 0.4034173976608187 0.6825657894736842 0.00712719298245614 0.013157894736842105
0 0.40387426900584794 0.6720120614035088 0.0043859649122807015 0.00849780701754386
0 0.4216922514619883 0.6695449561403509 0.004568713450292397 0.00849780701754386
0 0.4288194444444444 0.6709155701754386 0.003472222222222222 0.006853070175438596
0 0.43969298245614036 0.671875 0.0025584795321637425 0.006030701754385965
0 0.447733918128655 0.6700932017543859 0.0029239766081871343 0.005208333333333333
0 0.4496527777777778 0.6695449561403509 0.002010233918128655 0.004111842105263158
0 0.4546783625730994 0.6677631578947368 0.001827485380116959 0.0027412280701754384
0 0.4575109649122807 0.6716008771929824 0.005665204678362573 0.008771929824561403
0 0.46536915204678364 0.6680372807017544 0.009685672514619883 0.017543859649122806
0 0.483187134502924 0.6685855263157895 0.007309941520467836 0.015350877192982455
0 0.49415204678362573 0.6761239035087719 0.007675438596491228 0.013980263157894737
0 0.4752375730994152 0.6739309210526315 0.004934210526315789 0.007949561403508772
0 0.5063961988304093 0.6674890350877193 0.003654970760233918 0.005482456140350877
0 0.5071271929824561 0.6709155701754386 0.0021929824561403508 0.00356359649122807
0 0.517452485380117 0.6691337719298246 0.0023757309941520467 0.003837719298245614
0 0.5210160818713451 0.6662554824561403 0.0014619883040935672 0.0024671052631578946
0 0.5252192982456141 0.6632401315789473 0.0025584795321637425 0.004111842105263158
0 0.5286001461988304 0.665296052631579 0.0027412280701754384 0.003837719298245614
0 0.5254934210526315 0.6676260964912281 0.0031067251461988302 0.006304824561403508
0 0.5415752923976608 0.671875 0.004568713450292397 0.007675438596491228
0 0.5565606725146199 0.6842105263157895 0.013706140350877192 0.02631578947368421
0 0.5972222222222222 0.6684484649122807 0.01608187134502924 0.024396929824561403
0 0.5677083333333334 0.6635142543859649 0.004568713450292397 0.006304824561403508
0 0.5144371345029239 0.6672149122807017 0.001827485380116959 0.003289473684210526
0 0.5137061403508771 0.6668037280701754 0.0014619883040935672 0.0030153508771929823
0 0.5077668128654971 0.6676260964912281 0.0027412280701754384 0.005208333333333333
0 0.5039290935672515 0.6672149122807017 0.002010233918128655 0.003289473684210526
0 0.49780701754385964 0.6640625 0.0021929824561403508 0.004111842105263158
0 0.4712171052631579 0.6695449561403509 0.0027412280701754384 0.005756578947368421
0 0.4772478070175439 0.667077850877193 0.0027412280701754384 0.004660087719298245
0 0.4739583333333333 0.6674890350877193 0.0023757309941520467 0.0043859649122807015
0 0.4788011695906433 0.6635142543859649 0.0025584795321637425 0.004111842105263158
0 0.6355080409356725 0.6648848684210527 0.0023757309941520467 0.004111842105263158
0 0.6090095029239766 0.6620065789473685 0.001644736842105263 0.003289473684210526
0 0.22642543859649122 0.6747532894736842 0.0014619883040935672 0.001918859649122807
0 0.22807017543859648 0.6759868421052632 0.0014619883040935672 0.0021929824561403508
0 0.21792763157894737 0.6725603070175439 0.002010233918128655 0.00356359649122807
0 0.20705409356725146 0.6740679824561403 0.0021929824561403508 0.003289473684210526
0 0.19937865497076024 0.6726973684210527 0.0021929824561403508 0.003837719298245614
0 0.19179459064327486 0.6743421052631579 0.002010233918128655 0.003289473684210526
0 0.19371345029239767 0.674890350877193 0.0014619883040935672 0.0027412280701754384
0 0.15570175438596492 0.6787280701754386 0.001827485380116959 0.003289473684210526
0 0.15332602339181287 0.6759868421052632 0.0021929824561403508 0.003289473684210526
0 0.14692982456140352 0.6792763157894737 0.001827485380116959 0.003837719298245614
0 0.1440972222222222 0.6768092105263158 0.002010233918128655 0.003289473684210526
0 0.14117324561403508 0.6765350877192983 0.001644736842105263 0.003289473684210526
0 0.11522295321637427 0.6755756578947368 0.002010233918128655 0.00356359649122807
0 0.7283442982456141 0.6691337719298246 0.0133406432748538 0.027412280701754384
0 0.7840826023391813 0.6798245614035088 0.01663011695906433 0.029605263157894735
0 0.7901133040935673 0.6615953947368421 0.0023757309941520467 0.004111842105263158
