0 0.10825 0.29704797047970477 0.0575 0.08634686346863468
0 0.3175 0.29704797047970477 0.057 0.08929889298892989
0 0.41075 0.22915129151291513 0.0475 0.08634686346863468
0 0.507 0.2878228782287823 0.05 0.09446494464944649
0 0.5695 0.2833948339483395 0.045 0.08708487084870849
0 0.61625 0.27527675276752767 0.0545 0.09003690036900369
0 0.71425 0.18708487084870848 0.0465 0.08634686346863468
0 0.90125 0.24612546125461254 0.0545 0.1011070110701107
0 0.31975 0.296309963099631 0.0505 0.09225092250922509
0 0.76875 0.2140221402214022 0.0655 0.12103321033210332
