0 0.4646650326797386 0.17677696078431374 0.13276143790849673 0.14583333333333334
0 0.6343954248366013 0.27558210784313725 0.12418300653594772 0.1326593137254902
0 0.04881535947712418 0.25612745098039214 0.004493464052287581 0.003676470588235294
0 0.02389705882352941 0.2778799019607843 0.010212418300653595 0.00857843137254902
0 0.009395424836601307 0.2757352941176471 0.012254901960784314 0.00980392156862745
0 0.010008169934640522 0.2760416666666667 0.01184640522875817 0.00857843137254902
0 0.10559640522875817 0.27129289215686275 0.015931372549019607 0.011948529411764705
0 0.13337418300653595 0.27619485294117646 0.011029411764705883 0.01011029411764706
0 0.16196895424836602 0.2711397058823529 0.011029411764705883 0.00980392156862745
0 0.13848039215686275 0.26700367647058826 0.008986928104575163 0.007659313725490196
0 0.11315359477124183 0.27818627450980393 0.008169934640522876 0.006740196078431373
0 0.12091503267973856 0.2725183823529412 0.008169934640522876 0.007659313725490196
0 0.09395424836601307 0.2650122549019608 0.006535947712418301 0.0055147058823529415
0 0.08782679738562091 0.2694546568627451 0.007352941176470588 0.006433823529411764
0 0.21486928104575165 0.2616421568627451 0.008169934640522876 0.006127450980392157
0 0.19464869281045752 0.2568933823529412 0.006944444444444444 0.005208333333333333
0 0.1815767973856209 0.26026348039215685 0.006127450980392157 0.005208333333333333
0 0.17054738562091504 0.2541360294117647 0.006944444444444444 0.005821078431372549
0 0.1556372549019608 0.2622549019607843 0.008169934640522876 0.006740196078431373
0 0.2512254901960784 0.27941176470588236 0.015522875816993464 0.011642156862745098
0 0.2465277777777778 0.26409313725490197 0.010212418300653595 0.00980392156862745
0 0.26919934640522875 0.26256127450980393 0.008169934640522876 0.007352941176470588
0 0.2820669934640523 0.26378676470588236 0.006944444444444444 0.0055147058823529415
0 0.2804330065359477 0.27389705882352944 0.01838235294117647 0.014093137254901961
0 0.3180147058823529 0.27175245098039214 0.010212418300653595 0.009191176470588236
0 0.8051470588235294 0.31816789215686275 0.024509803921568627 0.022365196078431373
0 0.7404003267973857 0.30652573529411764 0.030637254901960783 0.021752450980392156
0 0.701797385620915 0.2693014705882353 0.01715686274509804 0.014093137254901961
0 0.7377450980392157 0.27175245098039214 0.01715686274509804 0.013480392156862746
0 0.7214052287581699 0.2584252450980392 0.012254901960784314 0.009497549019607842
0 0.7436683006535948 0.25765931372549017 0.00857843137254902 0.00857843137254902
0 0.7963643790849673 0.25934436274509803 0.011029411764705883 0.008272058823529412
0 0.8000408496732027 0.27159926470588236 0.00857843137254902 0.007659313725490196
0 0.8088235294117647 0.25934436274509803 0.008986928104575163 0.006433823529411764
0 0.8220996732026143 0.2536764705882353 0.006944444444444444 0.007965686274509803
0 0.8386437908496732 0.25735294117647056 0.011437908496732025 0.007352941176470588
0 0.7769607843137255 0.2565870098039216 0.007352941176470588 0.006433823529411764
0 0.8696895424836601 0.26056985294117646 0.010620915032679739 0.008272058823529412
0 0.8843954248366013 0.2705269607843137 0.007352941176470588 0.006127450980392157
0 0.9070669934640523 0.2630208333333333 0.009395424836601307 0.007659313725490196
0 0.8999183006535948 0.25965073529411764 0.00980392156862745 0.009497549019607842
0 0.9279003267973857 0.2619485294117647 0.010212418300653595 0.007965686274509803
0 0.923202614379085 0.25107230392156865 0.006535947712418301 0.003982843137254902
0 0.9234068627450981 0.25153186274509803 0.006127450980392157 0.00428921568627451
0 0.9048202614379085 0.2529105392156863 0.007352941176470588 0.005821078431372549
0 0.9634395424836601 0.24678308823529413 0.012663398692810458 0.010723039215686275
0 1.0020424836601307 0.25995710784313725 0.008169934640522876 0.0070465686274509805
