0 0.225 0.294 0.00625 0.01
0 0.2215625 0.2995 0.005625 0.009
0 0.2159375 0.3325 0.006875 0.013
0 0.20625 0.352 0.00625 0.014
0 0.213125 0.3655 0.00625 0.011
0 0.2125 0.415 0.00875 0.014
0 0.2328125 0.4225 0.009375 0.015
0 0.2521875 0.4195 0.008125 0.015
0 0.2465625 0.449 0.006875 0.016
0 0.24125 0.4655 0.01 0.017
0 0.220625 0.4895 0.00875 0.015
0 0.2040625 0.497 0.009375 0.018
0 0.1715625 0.483 0.009375 0.016
0 0.168125 0.5 0.01 0.018
0 0.1740625 0.5245 0.009375 0.015
0 0.15625 0.535 0.00875 0.018
0 0.1578125 0.536 0.009375 0.016
0 0.1971875 0.552 0.010625 0.022
0 0.2228125 0.5625 0.011875 0.019
0 0.234375 0.5675 0.01 0.023
0 0.24 0.5265 0.01 0.021
0 0.265625 0.515 0.01 0.018
0 0.2784375 0.474 0.009375 0.02
0 0.3021875 0.535 0.010625 0.02
0 0.318125 0.5375 0.01125 0.023
0 0.3446875 0.553 0.008125 0.016
0 0.3175 0.4 0.0075 0.014
0 0.32 0.391 0.0075 0.014
0 0.3328125 0.384 0.006875 0.014
0 0.3290625 0.365 0.006875 0.014
0 0.3528125 0.4125 0.006875 0.015
0 0.3534375 0.393 0.005625 0.012
0 0.3665625 0.393 0.006875 0.014
0 0.3825 0.425 0.00625 0.012
0 0.3625 0.37 0.0075 0.01
0 0.36875 0.356 0.00625 0.012
0 0.426875 0.4085 0.00875 0.015
0 0.4 0.409 0.0075 0.014
0 0.394375 0.455 0.00875 0.014
0 0.40625 0.43 0.00625 0.012
0 0.49125 0.468 0.0075 0.014
0 0.4871875 0.4325 0.006875 0.013
0 0.5109375 0.4415 0.006875 0.011
0 0.5615625 0.434 0.009375 0.016
0 0.5790625 0.4375 0.006875 0.013
0 0.589375 0.477 0.02625 0.084
0 0.6178125 0.4575 0.008125 0.015
0 0.6478125 0.3595 0.006875 0.013
0 0.6475 0.4345 0.0075 0.015
0 0.646875 0.4455 0.0075 0.015
0 0.66 0.44 0.0075 0.014
0 0.6984375 0.461 0.008125 0.016
0 0.728125 0.4755 0.01 0.017
0 0.715625 0.4855 0.00625 0.011
0 0.720625 0.4725 0.00875 0.013
0 0.738125 0.489 0.0075 0.014
0 0.75 0.502 0.01 0.014
0 0.753125 0.485 0.00875 0.016
0 0.776875 0.504 0.01 0.016
0 0.7984375 0.5385 0.009375 0.017
0 0.8190625 0.501 0.010625 0.016
0 0.8278125 0.5435 0.009375 0.015
0 0.8578125 0.5555 0.010625 0.021
0 0.8571875 0.5535 0.008125 0.015
0 0.858125 0.527 0.00875 0.016
0 0.8959375 0.5535 0.011875 0.021
0 0.8840625 0.458 0.008125 0.014
0 0.7634375 0.6325 0.011875 0.021
0 0.78375 0.663 0.01125 0.02
0 0.815625 0.6295 0.0125 0.025
0 0.801875 0.705 0.0175 0.024
0 0.8653125 0.7175 0.016875 0.021
0 0.914375 0.695 0.01375 0.024
0 0.9653125 0.5795 0.011875 0.019
0 0.9959375 0.5895 0.011875 0.019
0 0.9940625 0.5795 0.010625 0.015
0 0.955625 0.54 0.01125 0.016
0 0.9815625 0.5495 0.011875 0.017
0 0.9840625 0.5355 0.009375 0.017
0 0.9725 0.5185 0.01 0.017
0 0.969375 0.4885 0.01 0.015
0 0.9628125 0.484 0.009375 0.016
0 0.931875 0.9565 0.01875 0.041
0 0.8925 0.8985 0.0175 0.033
0 0.8603125 0.871 0.016875 0.032
0 0.8184375 0.8735 0.020625 0.033
0 0.844375 0.829 0.01625 0.028
0 0.7896875 0.852 0.018125 0.03
0 0.761875 0.8565 0.015 0.025
0 0.75 0.917 0.015 0.026
0 0.7190625 0.9155 0.014375 0.027
0 0.7121875 0.9015 0.015625 0.029
0 0.735 0.811 0.015 0.024
0 0.7234375 0.7715 0.013125 0.023
0 0.676875 0.7585 0.015 0.025
0 0.6621875 0.759 0.014375 0.022
0 0.6465625 0.827 0.013125 0.024
0 0.5815625 0.872 0.019375 0.032
0 0.6025 0.764 0.01 0.022
0 0.6228125 0.7805 0.016875 0.027
0 0.6109375 0.7345 0.013125 0.023
0 0.601875 0.7215 0.0125 0.021
0 0.589375 0.6355 0.01125 0.021
0 0.635625 0.6195 0.0125 0.021
0 0.66375 0.6045 0.01 0.021
0 0.69125 0.597 0.01 0.018
0 0.39875 0.9795 0.0175 0.031
0 0.3759375 0.974 0.015625 0.032
0 0.3096875 0.9295 0.018125 0.035
0 0.313125 0.7745 0.01375 0.025
0 0.2184375 0.8225 0.014375 0.031
0 0.1871875 0.9005 0.016875 0.039
0 0.1375 0.912 0.02125 0.034
0 0.1178125 0.908 0.016875 0.036
0 0.15375 0.789 0.015 0.032
0 0.1546875 0.7145 0.013125 0.019
0 0.166875 0.664 0.01375 0.024
0 0.0259375 0.951 0.018125 0.036
0 0.0028125 0.807 0.013125 0.03
0 0.030625 0.8175 0.01875 0.031
0 0.0625 0.804 0.015 0.028
0 0.055 0.746 0.01625 0.03
0 0.040625 0.7095 0.02 0.023
0 0.0003125 0.587 0.009375 0.018
0 -0.0015625 0.5235 0.009375 0.015
0 0.0240625 0.595 0.008125 0.016
0 0.0528125 0.587 0.013125 0.018
0 0.035625 0.561 0.00875 0.014
0 0.0528125 0.557 0.010625 0.016
0 0.055 0.5425 0.01 0.017
0 0.0665625 0.5555 0.011875 0.019
0 0.0915625 0.57 0.013125 0.022
0 0.096875 0.555 0.01 0.018
0 0.0753125 0.521 0.010625 0.016
0 0.1140625 0.567 0.011875 0.016
0 0.1134375 0.5375 0.009375 0.019
0 0.658125 0.0635 0.00875 0.015
0 0.671875 0.083 0.00625 0.01
0 0.683125 0.0595 0.00625 0.013
0 0.410625 0.098 0.01125 0.05
0 0.4321875 0.0565 0.006875 0.013
0 0.435625 0.062 0.005 0.01
0 0.4365625 0.0505 0.009375 0.015
0 0.255 0.0625 0.00625 0.011
0 0.24375 0.047 0.00875 0.014
0 0.226875 0.042 0.0075 0.016
0 0.18125 0.05 0.00875 0.014
0 0.134375 0.0585 0.00875 0.013
0 0.889375 0.0505 0.00875 0.017
0 0.9015625 0.054 0.011875 0.016
0 0.91125 0.054 0.0075 0.014
0 0.93 0.05 0.00875 0.018
0 0.954375 0.066 0.0125 0.02
0 0.9990625 0.117 0.035625 0.12
0 0.28 0.055 0.00625 0.01
0 0.2840625 0.0485 0.008125 0.015
0 0.308125 0.045 0.005 0.01
0 0.315 0.046 0.00625 0.01
0 0.33125 0.051 0.00875 0.012
0 0.339375 0.0775 0.0175 0.071
0 0.8934375 0.058 0.005625 0.01
0 0.265625 0.629 0.0125 0.018
0 0.2678125 0.601 0.011875 0.014
0 0.26 0.5775 0.00875 0.013
0 0.2546875 0.575 0.009375 0.018
