0 0.10692307692307693 0.5372117400419287 0.016923076923076923 0.02620545073375262
0 0.33153846153846156 0.5518867924528302 0.024615384615384615 0.03039832285115304
0 0.3819230769230769 0.540356394129979 0.014615384615384615 0.02830188679245283
0 0.7142307692307692 0.5545073375262054 0.022307692307692306 0.03563941299790356
0 0.6784615384615384 0.5712788259958071 0.033846153846153845 0.04821802935010482
0 0.6592307692307692 0.5424528301886793 0.026153846153846153 0.03459119496855346
0 0.6384615384615384 0.559748427672956 0.02 0.029350104821802937
0 0.5373076923076923 0.5283018867924528 0.01 0.014675052410901468
0 0.575 0.6090146750524109 0.02846153846153846 0.039832285115303984
0 0.5253846153846153 0.5964360587002097 0.027692307692307693 0.03773584905660377
0 0.5165384615384615 0.5849056603773585 0.023846153846153847 0.03563941299790356
0 0.5738461538461539 0.529874213836478 0.02 0.02830188679245283
0 0.4815384615384615 0.5938155136268344 0.02 0.03039832285115304
0 0.5169230769230769 0.5843815513626834 0.024615384615384615 0.03459119496855346
0 0.5657692307692308 0.5319706498951782 0.011538461538461539 0.019916142557651992
0 0.5915384615384616 0.610587002096436 0.021538461538461538 0.03668763102725367
