0 0.5712890625 0.7437774524158126 0.01171875 0.020497803806734993
0 0.5224609375 0.7408491947291361 0.009765625 0.017569546120058566
0 0.5146484375 0.7342606149341142 0.01171875 0.01903367496339678
0 0.55126953125 0.7401171303074671 0.0107421875 0.016105417276720352
0 0.5546875 0.739385065885798 0.009765625 0.014641288433382138
0 0.5966796875 0.7408491947291361 0.005859375 0.008784773060029283
0 0.591796875 0.7496339677891655 0.0078125 0.01171303074670571
0 0.6123046875 0.7437774524158126 0.009765625 0.014641288433382138
0 0.625 0.7408491947291361 0.009765625 0.014641288433382138
0 0.64892578125 0.7408491947291361 0.0107421875 0.014641288433382138
0 0.68701171875 0.7415812591508053 0.0087890625 0.016105417276720352
0 0.669921875 0.7862371888726208 0.017578125 0.08784773060029283
0 0.7158203125 0.7496339677891655 0.0078125 0.01171303074670571
0 0.744140625 0.7518301610541728 0.0078125 0.010248901903367497
0 0.7705078125 0.7357247437774525 0.015625 0.024890190336749635
0 0.802734375 0.7459736456808199 0.017578125 0.027818448023426062
0 0.84765625 0.7554904831625183 0.01171875 0.020497803806734993
0 0.81591796875 0.7489019033674963 0.0087890625 0.01903367496339678
0 0.470703125 0.7335285505124451 0.009765625 0.014641288433382138
0 0.4404296875 0.7408491947291361 0.01171875 0.017569546120058566
0 0.4208984375 0.7276720351390923 0.015625 0.02635431918008785
0 0.36474609375 0.7401171303074671 0.0126953125 0.021961932650073207
0 0.27392578125 0.7254758418740849 0.0166015625 0.03074670571010249
0 0.240234375 0.7371888726207906 0.017578125 0.027818448023426062
0 0.39697265625 0.7401171303074671 0.0048828125 0.010248901903367497
0 0.45068359375 0.7386530014641288 0.0029296875 0.004392386530014641
0 0.48388671875 0.7415812591508053 0.0048828125 0.007320644216691069
0 0.49365234375 0.7452415812591509 0.0048828125 0.008784773060029283
0 0.38037109375 0.7379209370424598 0.0048828125 0.005856515373352855
0 0.38623046875 0.753294289897511 0.0107421875 0.048316251830161056
0 0.41259765625 0.7379209370424598 0.0087890625 0.014641288433382138
