0 0.9088235294117647 0.7283185840707964 0.05058823529411765 0.0584070796460177
0 0.9288235294117647 0.7663716814159292 0.05764705882352941 0.06371681415929203
0 0.8641176470588235 0.6707964601769911 0.04352941176470588 0.06371681415929203
0 0.8276470588235294 0.8628318584070797 0.041176470588235294 0.061946902654867256
0 0.7311764705882353 0.7964601769911505 0.036470588235294116 0.06017699115044248
0 0.7735294117647059 0.8504424778761062 0.04823529411764706 0.06548672566371681
0 0.6423529411764706 0.7814159292035399 0.04470588235294118 0.06548672566371681
0 0.5958823529411764 0.9327433628318584 0.052941176470588235 0.08495575221238938
0 0.9658823529411765 0.9876106194690265 0.12705882352941175 0.42123893805309737
0 0.908235294117647 0.8486725663716814 0.04 0.06902654867256637
0 0.9564705882352941 0.7884955752212389 0.08705882352941176 0.4230088495575221
0 0.808235294117647 0.6761061946902654 0.04470588235294118 0.06725663716814159
0 0.8629411764705882 0.6743362831858407 0.04352941176470588 0.06371681415929203
0 0.9111764705882353 0.6053097345132743 0.029411764705882353 0.049557522123893805
0 0.96 0.5601769911504425 0.03058823529411765 0.05486725663716814
0 0.7423529411764705 0.7132743362831858 0.042352941176470586 0.0743362831858407
0 0.7623529411764706 0.631858407079646 0.047058823529411764 0.06371681415929203
0 0.73 0.6070796460176991 0.03411764705882353 0.06371681415929203
0 0.7976470588235294 0.5106194690265486 0.03058823529411765 0.04424778761061947
0 0.7170588235294117 0.7460176991150442 0.041176470588235294 0.07256637168141593
0 0.6947058823529412 0.6707964601769911 0.03176470588235294 0.06017699115044248
0 0.64 0.8265486725663717 0.04941176470588235 0.06017699115044248
0 0.6123529411764705 0.643362831858407 0.036470588235294116 0.047787610619469026
0 0.65 0.5920353982300885 0.03882352941176471 0.06548672566371681
0 0.6829411764705883 0.5672566371681416 0.029411764705882353 0.05486725663716814
0 0.7529411764705882 0.5575221238938053 0.03294117647058824 0.05309734513274336
0 0.8476470588235294 0.5592920353982301 0.03176470588235294 0.06017699115044248
0 0.8535294117647059 0.515929203539823 0.03176470588235294 0.05486725663716814
0 0.8664705882352941 0.4415929203539823 0.03411764705882353 0.05486725663716814
0 0.89 0.4415929203539823 0.027058823529411764 0.05132743362831858
0 0.758235294117647 0.47876106194690266 0.041176470588235294 0.061946902654867256
0 0.7588235294117647 0.42743362831858406 0.03058823529411765 0.05486725663716814
0 0.6864705882352942 0.5194690265486726 0.036470588235294116 0.061946902654867256
0 0.5888235294117647 0.8840707964601769 0.041176470588235294 0.07610619469026549
0 0.5352941176470588 0.7938053097345132 0.05647058823529412 0.07256637168141593
0 0.4964705882352941 0.952212389380531 0.05647058823529412 0.0920353982300885
0 0.42705882352941177 0.968141592920354 0.04470588235294118 0.08495575221238938
0 0.4623529411764706 0.8964601769911504 0.058823529411764705 0.07256637168141593
0 0.4388235294117647 0.8433628318584071 0.042352941176470586 0.06902654867256637
0 0.42411764705882354 0.7761061946902655 0.05529411764705883 0.07964601769911504
0 0.48058823529411765 0.715929203539823 0.041176470588235294 0.05132743362831858
0 0.5735294117647058 0.7097345132743362 0.05529411764705883 0.06371681415929203
0 0.5070588235294118 0.6920353982300885 0.05647058823529412 0.06725663716814159
0 0.4823529411764706 0.6769911504424779 0.03764705882352941 0.047787610619469026
0 0.5052941176470588 0.5309734513274337 0.036470588235294116 0.06017699115044248
0 0.5235294117647059 0.6805309734513274 0.021176470588235293 0.04070796460176991
0 0.5782352941176471 0.4646017699115044 0.03176470588235294 0.06548672566371681
0 0.5841176470588235 0.552212389380531 0.04352941176470588 0.05663716814159292
0 0.47058823529411764 0.5168141592920354 0.03294117647058824 0.049557522123893805
0 0.5070588235294118 0.531858407079646 0.03294117647058824 0.05486725663716814
0 0.5435294117647059 0.4672566371681416 0.02823529411764706 0.05309734513274336
0 0.5223529411764706 0.4176991150442478 0.03058823529411765 0.049557522123893805
0 0.4370588235294118 0.5725663716814159 0.03882352941176471 0.05132743362831858
0 0.4323529411764706 0.547787610619469 0.03411764705882353 0.06548672566371681
0 0.44823529411764707 0.5 0.03058823529411765 0.06902654867256637
0 0.3076470588235294 0.8353982300884956 0.05058823529411765 0.06725663716814159
0 0.32529411764705884 0.9584070796460177 0.06 0.09380530973451327
0 0.22705882352941176 0.9566371681415929 0.05176470588235294 0.09026548672566372
0 0.2711764705882353 0.8920353982300885 0.04823529411764706 0.0920353982300885
0 0.3311764705882353 0.8283185840707965 0.03882352941176471 0.05663716814159292
0 0.3347058823529412 0.7663716814159292 0.05529411764705883 0.06725663716814159
0 0.35 0.7070796460176991 0.04588235294117647 0.06548672566371681
0 0.36764705882352944 0.6601769911504425 0.04352941176470588 0.049557522123893805
0 0.3911764705882353 0.643362831858407 0.03882352941176471 0.06548672566371681
0 0.37 0.5230088495575221 0.03411764705882353 0.05486725663716814
0 0.3952941176470588 0.49557522123893805 0.03294117647058824 0.05309734513274336
0 0.3623529411764706 0.5017699115044247 0.03529411764705882 0.061946902654867256
0 0.23176470588235293 0.8920353982300885 0.03764705882352941 0.06725663716814159
0 0.11 0.8929203539823009 0.05058823529411765 0.08672566371681416
0 0.19058823529411764 0.7743362831858407 0.03764705882352941 0.0584070796460177
0 0.2811764705882353 0.7176991150442478 0.04 0.06902654867256637
0 0.25176470588235295 0.6221238938053097 0.03529411764705882 0.05486725663716814
0 0.25470588235294117 0.6353982300884956 0.036470588235294116 0.049557522123893805
0 0.2747058823529412 0.5743362831858407 0.03411764705882353 0.05486725663716814
0 0.3076470588235294 0.5442477876106194 0.036470588235294116 0.0584070796460177
0 0.2635294117647059 0.5123893805309735 0.03058823529411765 0.0584070796460177
0 0.30411764705882355 0.4911504424778761 0.03176470588235294 0.05132743362831858
0 0.2388235294117647 0.511504424778761 0.021176470588235293 0.04601769911504425
0 0.24 0.48761061946902656 0.02823529411764706 0.05132743362831858
0 0.2388235294117647 0.43716814159292033 0.03058823529411765 0.05309734513274336
0 0.11352941176470588 0.8610619469026549 0.04352941176470588 0.061946902654867256
0 0.08176470588235295 0.7911504424778761 0.04823529411764706 0.07787610619469026
0 0.09941176470588235 0.7743362831858407 0.041176470588235294 0.06902654867256637
0 0.17588235294117646 0.6407079646017699 0.036470588235294116 0.05663716814159292
0 0.08 0.6601769911504425 0.05411764705882353 0.06371681415929203
0 0.10764705882352942 0.6654867256637168 0.036470588235294116 0.05663716814159292
0 0.20588235294117646 0.5690265486725664 0.03529411764705882 0.07610619469026549
0 0.11941176470588236 0.5 0.036470588235294116 0.07256637168141593
0 0.11176470588235295 0.4345132743362832 0.03058823529411765 0.05486725663716814
0 0.09058823529411765 0.4646017699115044 0.02588235294117647 0.04070796460176991
0 0.15294117647058825 0.4469026548672566 0.03058823529411765 0.05132743362831858
0 0.02176470588235294 0.42035398230088494 0.03176470588235294 0.0584070796460177
0 -0.012941176470588235 0.6849557522123894 0.03529411764705882 0.06017699115044248
