0 0.09825 0.6281666666666667 0.01 0.015
0 0.147625 0.6448333333333334 0.01575 0.023666666666666666
0 0.174125 0.6231666666666666 0.01375 0.019666666666666666
0 0.31 0.6466666666666666 0.012 0.019333333333333334
0 0.618875 0.6786666666666666 0.01625 0.02666666666666667
0 0.5575 0.6218333333333333 0.011 0.021666666666666667
0 0.54225 0.5058333333333334 0.009 0.014333333333333333
0 0.52425 0.497 0.0075 0.010666666666666666
0 0.549 0.45766666666666667 0.007 0.014
0 0.514375 0.47 0.00725 0.012666666666666666
0 0.49875 0.48033333333333333 0.0085 0.014666666666666666
0 0.48125 0.521 0.009 0.014666666666666666
0 0.479625 0.5536666666666666 0.00925 0.013333333333333334
0 0.501 0.4565 0.007 0.012333333333333333
0 0.495625 0.42183333333333334 0.00725 0.013
0 0.50325 0.4071666666666667 0.0055 0.009666666666666667
0 0.51525 0.4043333333333333 0.005 0.009333333333333334
0 0.54 0.4066666666666667 0.005 0.009333333333333334
0 0.529375 0.3913333333333333 0.00475 0.007333333333333333
0 0.516125 0.38483333333333336 0.00575 0.009666666666666667
0 0.503875 0.38183333333333336 0.00525 0.010333333333333333
0 0.424125 0.578 0.11625 0.224
0 0.505125 0.397 0.00525 0.008666666666666666
