0 0.898125 0.5955357142857143 0.02125 0.030357142857142857
0 0.828125 0.5946428571428571 0.02125 0.03214285714285714
0 0.8075 0.6080357142857142 0.0175 0.030357142857142857
0 0.7575 0.5910714285714286 0.025 0.03571428571428571
0 0.733125 0.5946428571428571 0.02125 0.03214285714285714
0 0.708125 0.5910714285714286 0.01625 0.02857142857142857
0 0.65125 0.5964285714285714 0.02 0.03214285714285714
0 0.61125 0.5892857142857143 0.015 0.02857142857142857
0 0.64 0.5928571428571429 0.02 0.03214285714285714
0 0.531875 0.5973214285714286 0.02125 0.033928571428571426
0 0.524375 0.5901785714285714 0.01875 0.033928571428571426
0 0.493125 0.5901785714285714 0.01875 0.026785714285714284
0 0.489375 0.5633928571428571 0.01625 0.030357142857142857
0 0.39375 0.5669642857142857 0.0175 0.030357142857142857
0 0.385 0.5892857142857143 0.02 0.03214285714285714
0 0.373125 0.6 0.02125 0.03214285714285714
0 0.6275 0.5928571428571429 0.0175 0.02857142857142857
