0 0.9849906191369606 0.98625 0.06378986866791744 0.055
0 0.9080675422138836 0.86125 0.0375234521575985 0.0275
0 0.8958724202626641 0.866875 0.039399624765478425 0.02875
0 0.7879924953095685 0.849375 0.0375234521575985 0.02625
0 0.5797373358348968 0.835 0.0225140712945591 0.0175
0 0.6350844277673546 0.850625 0.024390243902439025 0.01875
0 0.7073170731707317 0.8475 0.0300187617260788 0.02
0 0.7814258911819888 0.82875 0.028142589118198873 0.02
0 0.9455909943714822 0.765 0.0150093808630394 0.0125
0 0.9437148217636022 0.763125 0.0150093808630394 0.01125
0 0.8855534709193246 0.76625 0.0150093808630394 0.0125
0 0.8761726078799249 0.768125 0.0150093808630394 0.01125
0 0.8864915572232646 0.75 0.013133208255159476 0.01
0 0.8658536585365854 0.75 0.009380863039399626 0.0075
0 0.9174484052532833 0.7275 0.0075046904315197 0.005
0 0.8189493433395872 0.77125 0.016885553470919325 0.015
0 0.8076923076923077 0.763125 0.016885553470919325 0.01125
0 0.8273921200750469 0.75125 0.01125703564727955 0.0075
0 0.7814258911819888 0.771875 0.016885553470919325 0.01125
0 0.7682926829268293 0.77125 0.016885553470919325 0.01
0 0.7579737335834896 0.764375 0.0150093808630394 0.01125
0 0.7926829268292683 0.748125 0.013133208255159476 0.00875
0 0.7195121951219512 0.765 0.013133208255159476 0.01
0 0.7091932457786116 0.766875 0.0150093808630394 0.00875
0 0.7270168855534709 0.77375 0.020637898686679174 0.0125
0 0.6810506566604128 0.79125 0.03377110694183865 0.07
0 0.6791744840525328 0.770625 0.0150093808630394 0.01375
0 0.6322701688555347 0.76 0.01125703564727955 0.01
0 0.6435272045028143 0.755 0.01876172607879925 0.0125
0 0.6106941838649156 0.76375 0.016885553470919325 0.0125
0 0.14165103189493433 0.728125 0.009380863039399626 0.00625
0 0.12382739212007504 0.71 0.0150093808630394 0.0325
0 0.1378986866791745 0.699375 0.005628517823639775 0.00375
0 0.14634146341463414 0.71 0.0225140712945591 0.035
0 0.22138836772983114 0.700625 0.0075046904315197 0.00625
0 0.650093808630394 0.705 0.005628517823639775 0.005
0 0.776735459662289 0.703125 0.0150093808630394 0.02125
0 0.8921200750469043 0.725 0.009380863039399626 0.0075
0 0.8855534709193246 0.72875 0.01125703564727955 0.0075
0 0.5881801125703565 0.73 0.009380863039399626 0.0075
0 0.6050656660412758 0.731875 0.009380863039399626 0.00625
0 0.6341463414634146 0.731875 0.01125703564727955 0.00625
0 0.6547842401500938 0.729375 0.0075046904315197 0.00625
0 0.6679174484052532 0.73375 0.0075046904315197 0.005
0 0.6735459662288931 0.73125 0.0075046904315197 0.005
0 0.6960600375234521 0.731875 0.01125703564727955 0.00875
0 0.7138836772983115 0.7425 0.009380863039399626 0.0075
0 0.7354596622889306 0.715625 0.0150093808630394 0.02125
0 0.7532833020637899 0.71875 0.013133208255159476 0.0225
0 0.6135084427767354 0.701875 0.0150093808630394 0.01625
0 0.7045028142589118 0.813125 0.024390243902439025 0.01875
