0 1.11125 0.71875 0.0725 0.0725
0 0.5925 0.580625 0.0625 0.09125
0 0.938125 0.401875 0.08375 0.10375
0 0.41 0.548125 0.07 0.08625
0 0.268125 0.5775 0.06375 0.085
0 -0.335 0.81625 0.1225 0.0975
0 0.05125 0.1975 0.0725 0.09
0 0.196875 0.19875 0.06625 0.09
0 0.348125 0.23875 0.06375 0.0825
0 0.396875 0.225625 0.05875 0.07625
0 0.48375 0.230625 0.06 0.08375
0 0.583125 0.2325 0.05625 0.075
0 0.67625 0.081875 0.0575 0.06125
0 0.68625 0.255625 0.0575 0.06875
0 0.7925 0.215 0.065 0.085
0 0.90125 0.1975 0.0675 0.085
