0 0.23337363966142685 0.6983870967741935 0.09673518742442563 0.07580645161290323
0 0.42986698911729143 0.5987903225806451 0.08827085852478839 0.07016129032258064
0 0.5991535671100363 0.5395161290322581 0.08101571946795647 0.07258064516129033
0 0.7702539298669892 0.4875 0.07255139056831923 0.06048387096774194
0 0.8742442563482467 0.4399193548387097 0.06529625151148731 0.05725806451612903
0 0.9854897218863361 0.3870967741935484 0.04836759371221282 0.04838709677419355
0 0.14026602176541716 0.47661290322580646 0.0773881499395405 0.06774193548387097
0 0.3041112454655381 0.40403225806451615 0.06408706166868199 0.054838709677419356
0 0.4407496977025393 0.34153225806451615 0.056831922611850064 0.049193548387096775
0 0.5828295042321644 0.30443548387096775 0.05804111245465538 0.04758064516129032
0 0.7315598548972189 0.2685483870967742 0.05804111245465538 0.05161290322580645
0 0.8240628778718259 0.23266129032258065 0.05441354292623942 0.04596774193548387
0 0.9359129383313181 0.21169354838709678 0.04836759371221282 0.042741935483870966
0 0.9854897218863361 0.17943548387096775 0.04353083434099154 0.03790322580645161
0 -0.010882708585247884 0.27419354838709675 0.04353083434099154 0.04516129032258064
0 0.12515114873035066 0.2862903225806452 0.0592503022974607 0.0467741935483871
0 0.2478839177750907 0.24314516129032257 0.05078597339782346 0.04758064516129032
0 0.3282950423216445 0.23266129032258065 0.05199516324062878 0.04596774193548387
0 0.3827085852478839 0.23629032258064517 0.04232164449818621 0.037096774193548385
0 0.5362756952841596 0.17943548387096775 0.05199516324062878 0.03951612903225806
0 0.5973397823458283 0.14798387096774193 0.03869407496977025 0.031451612903225803
0 0.5834340991535671 0.17298387096774193 0.044740024183796856 0.03790322580645161
0 0.5973397823458283 0.14879032258064517 0.03869407496977025 0.03306451612903226
0 0.6698911729141476 0.12580645161290321 0.036275695284159616 0.03225806451612903
0 0.7762998790810157 0.09919354838709678 0.03869407496977025 0.03387096774193549
0 0.8821039903264812 0.07661290322580645 0.03506650544135429 0.02903225806451613
0 0.9631197097944377 0.05120967741935484 0.032648125755743655 0.02661290322580645
0 0.9383313180169287 0.01975806451612903 0.026602176541717048 0.02338709677419355
0 0.841596130592503 0.03508064516129032 0.03143893591293833 0.025
0 0.7478839177750907 0.05161290322580645 0.032648125755743655 0.024193548387096774
0 0.6916565900846433 0.06733870967741935 0.03385731559854897 0.02661290322580645
0 0.5864570737605804 0.07096774193548387 0.036275695284159616 0.02903225806451613
0 0.5042321644498187 0.0814516129032258 0.036275695284159616 0.02903225806451613
0 0.43833131801692865 0.11169354838709677 0.03990326481257558 0.03306451612903226
0 0.3482466747279323 0.11854838709677419 0.041112454655380895 0.03387096774193549
0 0.2702539298669891 0.14879032258064517 0.03990326481257558 0.031451612903225803
0 0.19226118500604594 0.1431451612903226 0.04353083434099154 0.03306451612903226
0 0.09310761789600967 0.16572580645161292 0.053204353083434096 0.03951612903225806
0 0.018742442563482467 0.16411290322580646 0.0471584038694075 0.031451612903225803
0 0.6118500604594922 0.022983870967741935 0.026602176541717048 0.02338709677419355
0 0.5241837968561064 0.0407258064516129 0.030229746070133012 0.028225806451612902
0 0.42986698911729143 0.04758064516129032 0.03506650544135429 0.025806451612903226
0 0.37908101571946795 0.062096774193548386 0.030229746070133012 0.02903225806451613
0 0.2883917775090689 0.06693548387096775 0.037484885126964934 0.03387096774193549
0 0.20012091898428053 0.07580645161290323 0.032648125755743655 0.027419354838709678
0 0.1033857315598549 0.10120967741935484 0.032648125755743655 0.02661290322580645
0 0.02418379685610641 0.10846774193548388 0.041112454655380895 0.03306451612903226
0 0.5423216444981862 -0.0020161290322580645 0.018137847642079808 0.016935483870967744
0 0.4655380894800484 0.0032258064516129032 0.019347037484885126 0.014516129032258065
0 0.3948004836759371 0.00282258064516129 0.02781136638452237 0.018548387096774192
0 0.34099153567110035 0.03225806451612903 0.03143893591293833 0.024193548387096774
0 0.20495767835550183 0.05443548387096774 0.02781136638452237 0.02338709677419355
0 0.10217654171704958 0.027419354838709678 0.030229746070133012 0.025806451612903226
0 0.8016928657799275 0.11008064516129032 0.03869407496977025 0.028225806451612902
0 0.31197097944377267 0.1778225806451613 0.045949214026602174 0.042741935483870966
0 0.2629987908101572 0.034274193548387094 0.02781136638452237 0.02338709677419355
0 0.10096735187424426 0.027419354838709678 0.02781136638452237 0.024193548387096774
