0 0.3872239747634069 0.3609467455621302 0.014195583596214511 0.011834319526627219
0 0.9865930599369085 0.2556213017751479 0.02365930599369085 0.01893491124260355
0 0.945583596214511 0.26745562130177514 0.02365930599369085 0.016568047337278107
0 0.887223974763407 0.27218934911242604 0.017350157728706624 0.014201183431952662
0 0.8753943217665615 0.2816568047337278 0.01892744479495268 0.016568047337278107
0 0.8911671924290221 0.30236686390532547 0.022082018927444796 0.01775147928994083
0 0.8414826498422713 0.2869822485207101 0.02365930599369085 0.01775147928994083
0 0.8186119873817035 0.29053254437869824 0.01892744479495268 0.01775147928994083
0 0.7791798107255521 0.30828402366863905 0.01892744479495268 0.015384615384615385
0 0.7839116719242902 0.32662721893491126 0.025236593059936908 0.021301775147928994
0 0.7925867507886435 0.3473372781065089 0.02996845425867508 0.02485207100591716
0 0.7074132492113565 0.3366863905325444 0.017350157728706624 0.015384615384615385
0 0.666403785488959 0.372189349112426 0.02050473186119874 0.022485207100591716
0 0.7089905362776026 0.3834319526627219 0.026813880126182965 0.02603550295857988
0 0.8225552050473186 0.3727810650887574 0.03627760252365931 0.021301775147928994
0 0.8517350157728707 0.3905325443786982 0.03785488958990536 0.03076923076923077
0 0.5607255520504731 0.4106508875739645 0.026813880126182965 0.023668639053254437
0 0.6656151419558359 0.40946745562130177 0.025236593059936908 0.028402366863905324
0 0.6585173501577287 0.46153846153846156 0.03627760252365931 0.03076923076923077
0 0.4952681388012618 0.4372781065088757 0.028391167192429023 0.020118343195266272
0 0.4865930599369085 0.43372781065088756 0.02365930599369085 0.020118343195266272
0 0.42586750788643535 0.4556213017751479 0.022082018927444796 0.021301775147928994
0 0.35962145110410093 0.4952662721893491 0.025236593059936908 0.022485207100591716
0 0.2082018927444795 0.5650887573964497 0.03470031545741325 0.029585798816568046
0 0.167192429022082 0.5621301775147929 0.031545741324921134 0.023668639053254437
0 0.022082018927444796 0.5893491124260355 0.025236593059936908 0.01893491124260355
0 0.062302839116719244 0.5840236686390533 0.017350157728706624 0.01301775147928994
0 0.005520504731861199 0.572189349112426 0.011041009463722398 0.010650887573964497
0 0.04100946372239748 0.5733727810650887 0.012618296529968454 0.010650887573964497
0 0.16482649842271294 0.5615384615384615 0.033123028391167195 0.022485207100591716
0 0.3107255520504732 0.563905325443787 0.04100946372239748 0.03431952662721893
0 0.20347003154574134 0.5946745562130178 0.04416403785488959 0.029585798816568046
0 0.38801261829652994 0.6029585798816568 0.04100946372239748 0.036686390532544376
0 0.4384858044164038 0.5591715976331361 0.04100946372239748 0.036686390532544376
0 -0.04022082018927445 0.6502958579881657 0.10883280757097792 0.09112426035502959
0 0.6143533123028391 0.6390532544378699 0.1056782334384858 0.11124260355029586
0 0.15378548895899052 0.6733727810650888 0.17823343848580442 0.16568047337278108
