0 0.9558359621451105 0.3553875236294896 0.07570977917981073 0.11720226843100189
0 0.8414826498422713 0.2003780718336484 0.10252365930599369 0.17013232514177692
0 0.583596214511041 0.43194706994328924 0.0914826498422713 0.13799621928166353
0 0.5339116719242902 0.3620037807183365 0.08990536277602523 0.13043478260869565
0 0.47791798107255523 0.388468809073724 0.07255520504731862 0.11531190926275993
0 0.36041009463722395 0.3761814744801512 0.07728706624605679 0.11720226843100189
0 0.6719242902208202 0.32514177693761814 0.08517350157728706 0.12098298676748583
0 0.5843848580441641 0.3166351606805293 0.08675078864353312 0.12287334593572778
0 0.4842271293375394 0.27977315689981097 0.07255520504731862 0.10586011342155009
0 0.43769716088328076 0.2674858223062382 0.07728706624605679 0.11909262759924386
0 0.3580441640378549 0.3752362948960302 0.07886435331230283 0.11153119092627599
0 0.30362776025236593 0.30907372400756145 0.0804416403785489 0.10775047258979206
0 0.21451104100946372 0.3780718336483932 0.0946372239747634 0.14744801512287334
0 0.16640378548895898 0.3638941398865784 0.07728706624605679 0.1266540642722117
0 0.1056782334384858 0.332703213610586 0.09779179810725552 0.13610586011342155
0 0.01025236593059937 0.29773156899810965 0.083596214511041 0.13043478260869565
