0 0.305 0.6561111111111111 0.01375 0.023333333333333334
0 0.3246875 0.6577777777777778 0.018125 0.035555555555555556
0 0.3584375 0.6233333333333333 0.011875 0.024444444444444446
0 0.395 0.6227777777777778 0.00625 0.01
0 0.4075 0.6488888888888888 0.01625 0.05555555555555555
0 0.4196875 0.6205555555555555 0.004375 0.01
0 0.434375 0.6455555555555555 0.0225 0.042222222222222223
0 0.471875 0.6538888888888889 0.01625 0.03666666666666667
0 0.5140625 0.6622222222222223 0.023125 0.04666666666666667
0 0.4490625 0.6361111111111111 0.006875 0.016666666666666666
0 0.4546875 0.6355555555555555 0.005625 0.013333333333333334
0 0.4890625 0.6283333333333333 0.005625 0.01
0 0.4934375 0.6416666666666667 0.006875 0.012222222222222223
0 0.499375 0.6227777777777778 0.00875 0.014444444444444444
0 0.509375 0.6344444444444445 0.00875 0.015555555555555555
0 0.5309375 0.6311111111111111 0.008125 0.017777777777777778
0 0.5359375 0.635 0.006875 0.016666666666666666
0 0.550625 0.6566666666666666 0.00625 0.015555555555555555
0 0.6071875 0.6305555555555555 0.013125 0.023333333333333334
