0 0.10205078125 0.49414348462664714 0.0693359375 0.11566617862371889
0 0.00439453125 0.43704245973645683 0.0400390625 0.07174231332357248
0 0.07080078125 0.48755490483162517 0.0478515625 0.0849194729136164
0 0.2041015625 0.4699853587115666 0.0234375 0.040995607613469986
0 0.248046875 0.438506588579795 0.033203125 0.048316251830161056
0 0.27294921875 0.4699853587115666 0.0224609375 0.040995607613469986
0 0.3564453125 0.45168374816983897 0.021484375 0.048316251830161056
0 0.3779296875 0.438506588579795 0.025390625 0.04538799414348463
0 0.4248046875 0.43923865300146414 0.029296875 0.04978038067349927
0 0.61181640625 0.4407027818448023 0.0361328125 0.0527086383601757
0 0.63623046875 0.44216691068814057 0.0185546875 0.03806734992679356
0 0.7421875 0.4480234260614934 0.0234375 0.032210834553440704
0 0.69970703125 0.5980966325036603 0.0498046875 0.28550512445095166
0 0.79296875 0.4546120058565154 0.0234375 0.03953147877013177
0 0.84423828125 0.4465592972181552 0.0322265625 0.06734992679355783
0 0.92626953125 0.41654465592972184 0.0849609375 0.11859443631039532
0 0.96728515625 0.4443631039531479 0.0595703125 0.10102489019033675
