0 -0.011846001974333662 0.32592592592592595 0.013820335636722606 0.023703703703703703
0 0.07058242843040474 0.3296296296296296 0.018756169792694965 0.03111111111111111
0 0.0700888450148075 0.32814814814814813 0.017769002961500493 0.03111111111111111
0 0.13129318854886476 0.3851851851851852 0.011846001974333662 0.02074074074074074
0 0.15004935834155972 0.33185185185185184 0.01579466929911155 0.02666666666666667
0 0.228035538005923 0.33555555555555555 0.007897334649555774 0.016296296296296295
0 0.25567620927936824 0.39185185185185184 0.011846001974333662 0.016296296296296295
0 0.3548864758144126 0.31851851851851853 0.050345508390918066 0.08592592592592592
0 0.4600197433366239 0.3488888888888889 0.017769002961500493 0.034074074074074076
0 0.5992102665350444 0.36592592592592593 0.007897334649555774 0.017777777777777778
0 0.6184600197433366 0.3548148148148148 0.008884501480750246 0.016296296296296295
0 0.6515301085883515 0.362962962962963 0.01579466929911155 0.02962962962962963
0 0.6633761105626851 0.3674074074074074 0.01579466929911155 0.02962962962962963
0 0.6974333662388944 0.35555555555555557 0.012833168805528134 0.02074074074074074
0 0.8104639684106614 0.3637037037037037 0.011846001974333662 0.01925925925925926
0 0.8247778874629812 0.3711111111111111 0.014807502467917079 0.025185185185185185
0 0.8425468904244817 0.37407407407407406 0.012833168805528134 0.022222222222222223
0 0.922507403751234 0.41555555555555557 0.02665350444225074 0.12
0 0.9358341559723593 0.3688888888888889 0.009871668311944718 0.017777777777777778
0 0.9772951628825272 0.37703703703703706 0.011846001974333662 0.01925925925925926
0 0.9921026653504442 0.3748148148148148 0.011846001974333662 0.017777777777777778
0 0.9748272458045409 0.40814814814814815 0.024679170779861797 0.09925925925925926
