0 0.028125 0.49211711711711714 0.01875 0.033783783783783786
0 0.05859375 0.49436936936936937 0.0171875 0.033783783783783786
0 0.0953125 0.48986486486486486 0.01875 0.033783783783783786
0 0.1328125 0.48986486486486486 0.01875 0.033783783783783786
0 0.159375 0.49099099099099097 0.01875 0.03153153153153153
0 0.19765625 0.4966216216216216 0.0171875 0.02927927927927928
0 0.2140625 0.5101351351351351 0.01875 0.024774774774774775
0 0.184375 0.4358108108108108 0.01875 0.02927927927927928
0 0.26328125 0.5506756756756757 0.0203125 0.02927927927927928
0 0.26328125 0.5472972972972973 0.0234375 0.036036036036036036
0 0.29765625 0.543918918918919 0.0234375 0.033783783783783786
0 0.29765625 0.5720720720720721 0.0171875 0.036036036036036036
0 0.3625 0.5833333333333334 0.025 0.04054054054054054
0 0.33515625 0.6261261261261262 0.0296875 0.04504504504504504
0 0.38203125 0.5608108108108109 0.0296875 0.04954954954954955
0 0.2265625 0.44256756756756754 0.015625 0.024774774774774775
0 0.24375 0.4189189189189189 0.021875 0.03153153153153153
0 0.25703125 0.4155405405405405 0.0171875 0.02927927927927928
0 0.00078125 0.35585585585585583 0.0171875 0.03153153153153153
0 0.028125 0.32319819819819817 0.0125 0.02027027027027027
0 0.0046875 0.2916666666666667 0.009375 0.015765765765765764
0 0.0265625 0.28716216216216217 0.0125 0.015765765765765764
0 0.05703125 0.2905405405405405 0.0109375 0.018018018018018018
0 0.0515625 0.3355855855855856 0.0125 0.018018018018018018
0 0.0578125 0.34572072072072074 0.01875 0.02927927927927928
0 0.07421875 0.34572072072072074 0.0203125 0.02927927927927928
0 0.08828125 0.33783783783783783 0.0140625 0.02702702702702703
0 0.11640625 0.3400900900900901 0.0171875 0.02702702702702703
0 0.10703125 0.32882882882882886 0.0171875 0.02702702702702703
0 0.08046875 0.27702702702702703 0.0109375 0.018018018018018018
0 0.1265625 0.32319819819819817 0.025 0.09234234234234234
0 0.15546875 0.3367117117117117 0.0140625 0.02927927927927928
0 0.19296875 0.34346846846846846 0.0171875 0.02927927927927928
0 0.165625 0.26914414414414417 0.0125 0.02027027027027027
0 0.15234375 0.32094594594594594 0.0171875 0.024774774774774775
0 0.215625 0.32094594594594594 0.01875 0.02927927927927928
0 0.221875 0.34459459459459457 0.015625 0.02702702702702703
0 0.240625 0.33783783783783783 0.01875 0.036036036036036036
0 0.2734375 0.36486486486486486 0.01875 0.036036036036036036
0 0.28828125 0.38513513513513514 0.0171875 0.036036036036036036
0 0.29140625 0.42454954954954954 0.0203125 0.033783783783783786
0 0.315625 0.40427927927927926 0.021875 0.02927927927927928
0 0.32578125 0.42117117117117114 0.0234375 0.036036036036036036
0 0.35 0.4346846846846847 0.025 0.036036036036036036
0 0.3609375 0.4155405405405405 0.021875 0.038288288288288286
0 0.37578125 0.4313063063063063 0.0234375 0.038288288288288286
0 0.3828125 0.44932432432432434 0.021875 0.038288288288288286
0 0.41796875 0.45045045045045046 0.0296875 0.04504504504504504
0 0.41796875 0.45157657657657657 0.0296875 0.0472972972972973
0 0.41171875 0.40765765765765766 0.0234375 0.036036036036036036
0 0.43359375 0.4222972972972973 0.0265625 0.0472972972972973
0 0.4640625 0.4380630630630631 0.03125 0.05630630630630631
0 0.49609375 0.4313063063063063 0.0328125 0.05630630630630631
0 0.5609375 0.6036036036036037 0.03125 0.05405405405405406
0 0.7296875 0.7263513513513513 0.078125 0.12837837837837837
0 0.6828125 0.49099099099099097 0.034375 0.05405405405405406
0 0.73671875 0.4831081081081081 0.0296875 0.05630630630630631
0 0.75859375 0.481981981981982 0.0390625 0.05855855855855856
0 0.8359375 0.48085585585585583 0.034375 0.05630630630630631
0 0.84921875 0.5 0.0390625 0.06306306306306306
0 0.9734375 0.668918918918919 0.034375 0.05855855855855856
0 0.959375 0.7905405405405406 0.096875 0.16216216216216217
0 0.93203125 0.4313063063063063 0.0328125 0.060810810810810814
0 0.99140625 0.4527027027027027 0.0359375 0.06306306306306306
0 0.26796875 0.32319819819819817 0.0171875 0.033783783783783786
0 0.30234375 0.3344594594594595 0.0140625 0.02927927927927928
0 0.31640625 0.3367117117117117 0.0203125 0.033783783783783786
0 0.346875 0.32207207207207206 0.01875 0.03153153153153153
0 0.37890625 0.29617117117117114 0.0140625 0.024774774774774775
0 0.38671875 0.32545045045045046 0.0171875 0.02927927927927928
0 0.390625 0.36261261261261263 0.015625 0.03153153153153153
0 0.4578125 0.32094594594594594 0.01875 0.033783783783783786
0 0.4921875 0.3614864864864865 0.021875 0.038288288288288286
0 0.54765625 0.3738738738738739 0.0203125 0.03153153153153153
0 0.54765625 0.4594594594594595 0.0328125 0.04954954954954955
0 0.6234375 0.4132882882882883 0.025 0.0472972972972973
0 0.6359375 0.3997747747747748 0.028125 0.0518018018018018
0 0.6546875 0.4391891891891892 0.025 0.04954954954954955
0 0.68671875 0.3795045045045045 0.0328125 0.0518018018018018
0 0.6859375 0.38063063063063063 0.03125 0.05405405405405406
0 0.71875 0.43355855855855857 0.034375 0.05630630630630631
0 0.775 0.3952702702702703 0.025 0.0472972972972973
0 0.83984375 0.356981981981982 0.0265625 0.04279279279279279
0 0.87734375 0.38288288288288286 0.0234375 0.04504504504504504
0 0.95859375 0.40765765765765766 0.0296875 0.04504504504504504
0 0.9765625 0.44144144144144143 0.025 0.05405405405405406
0 1.00390625 0.36486486486486486 0.0265625 0.04954954954954955
0 0.97734375 0.27927927927927926 0.0171875 0.02702702702702703
0 0.57109375 0.3761261261261261 0.0171875 0.02702702702702703
0 0.2984375 0.25788288288288286 0.0125 0.02027027027027027
0 0.3296875 0.2882882882882883 0.0125 0.02252252252252252
0 0.3390625 0.2905405405405405 0.015625 0.02252252252252252
0 0.32109375 0.24549549549549549 0.0109375 0.013513513513513514
0 0.36328125 0.2725225225225225 0.0140625 0.018018018018018018
0 0.38671875 0.26013513513513514 0.0140625 0.02027027027027027
0 0.40703125 0.26463963963963966 0.0109375 0.015765765765765764
0 0.42265625 0.24662162162162163 0.0109375 0.015765765765765764
0 0.4296875 0.2511261261261261 0.009375 0.02027027027027027
0 0.43984375 0.29842342342342343 0.0328125 0.11936936936936937
0 0.4515625 0.28040540540540543 0.015625 0.024774774774774775
0 0.4609375 0.30405405405405406 0.015625 0.02252252252252252
0 0.48046875 0.24549549549549549 0.0140625 0.018018018018018018
0 0.48828125 0.2882882882882883 0.0140625 0.02252252252252252
0 0.496875 0.2759009009009009 0.01875 0.02927927927927928
0 0.5140625 0.23423423423423423 0.0125 0.02252252252252252
0 0.55234375 0.2376126126126126 0.0140625 0.02027027027027027
0 0.55078125 0.2905405405405405 0.0171875 0.02702702702702703
0 0.53671875 0.31981981981981983 0.0203125 0.03153153153153153
0 0.5765625 0.2916666666666667 0.015625 0.024774774774774775
0 0.5765625 0.24211711711711711 0.0125 0.02027027027027027
0 0.5890625 0.23873873873873874 0.0125 0.018018018018018018
0 0.59453125 0.2702702702702703 0.0109375 0.018018018018018018
0 0.6140625 0.26576576576576577 0.0125 0.018018018018018018
0 0.6265625 0.24774774774774774 0.009375 0.018018018018018018
0 0.65078125 0.22972972972972974 0.0140625 0.02252252252252252
0 0.67890625 0.27927927927927926 0.0203125 0.02702702702702703
0 0.625 0.30518018018018017 0.01875 0.033783783783783786
0 0.63671875 0.2939189189189189 0.0265625 0.038288288288288286
0 0.6890625 0.25 0.0125 0.018018018018018018
0 0.703125 0.22297297297297297 0.0125 0.018018018018018018
0 0.74609375 0.2195945945945946 0.0140625 0.02027027027027027
0 0.73203125 0.26126126126126126 0.0140625 0.02252252252252252
0 0.7046875 0.29954954954954954 0.01875 0.02702702702702703
0 0.734375 0.2894144144144144 0.01875 0.02927927927927928
0 0.76328125 0.24774774774774774 0.0109375 0.018018018018018018
0 0.78125 0.23310810810810811 0.0125 0.02027027027027027
0 0.8015625 0.23648648648648649 0.0125 0.018018018018018018
0 0.778125 0.2759009009009009 0.015625 0.024774774774774775
0 0.78671875 0.30518018018018017 0.0203125 0.033783783783783786
0 0.83984375 0.3581081081081081 0.0265625 0.04054054054054054
0 0.84296875 0.2702702702702703 0.0171875 0.02702702702702703
0 0.85 0.24774774774774774 0.015625 0.02252252252252252
0 0.85859375 0.24887387387387389 0.0109375 0.015765765765765764
0 0.88125 0.26463963963963966 0.015625 0.02927927927927928
0 0.89765625 0.2668918918918919 0.0140625 0.024774774774774775
0 0.92421875 0.268018018018018 0.0171875 0.02702702702702703
0 0.95703125 0.2747747747747748 0.0140625 0.02702702702702703
0 0.88828125 0.22522522522522523 0.0109375 0.018018018018018018
0 0.915625 0.23986486486486486 0.015625 0.024774774774774775
0 0.96015625 0.20833333333333334 0.0171875 0.02927927927927928
0 0.97734375 0.2376126126126126 0.0203125 0.02927927927927928
0 0.99453125 0.23536036036036037 0.0140625 0.02027027027027027
0 0.85 0.634009009009009 0.084375 0.14189189189189189
0 0.3328125 0.5822072072072072 0.01875 0.02927927927927928
