0 0.2033179012345679 0.27025462962962965 0.0573559670781893 0.1076388888888889
0 0.3152006172839506 0.3472222222222222 0.05324074074074074 0.10185185185185185
0 0.4063786008230453 0.35185185185185186 0.04938271604938271 0.09799382716049383
0 0.4963991769547325 0.37712191358024694 0.04989711934156379 0.09606481481481481
0 0.5792181069958847 0.38136574074074076 0.05401234567901234 0.10146604938271606
0 0.6487911522633745 0.4288194444444444 0.05478395061728395 0.09915123456790123
0 0.7638888888888888 0.4201388888888889 0.048868312757201646 0.10108024691358025
0 0.841820987654321 0.4002700617283951 0.047839506172839504 0.10300925925925926
0 0.9266975308641975 0.43074845679012347 0.00360082304526749 0.006558641975308642
0 0.9493312757201646 0.41608796296296297 0.006172839506172839 0.010416666666666666
