0 0.388125 0.49916666666666665 0.01625 0.025
0 0.4965625 0.5220833333333333 0.008125 0.0125
0 0.503125 0.5254166666666666 0.00875 0.0125
0 0.5065625 0.5304166666666666 0.006875 0.010833333333333334
0 0.52125 0.51625 0.0075 0.010833333333333334
0 0.52625 0.5220833333333333 0.0075 0.010833333333333334
0 0.5496875 0.5008333333333334 0.014375 0.02666666666666667
0 0.5784375 0.5275 0.005625 0.008333333333333333
0 0.57125 0.5254166666666666 0.005 0.0075
0 0.5875 0.54625 0.01375 0.05416666666666667
0 0.604375 0.5175 0.00875 0.013333333333333334
0 0.9815625 0.5254166666666666 0.033125 0.0525
0 0.9509375 0.5770833333333333 0.060625 0.0925
0 0.80875 0.5220833333333333 0.04625 0.0675
