0 0.778755868544601 0.84375 0.09976525821596244 0.18333333333333332
0 0.34800469483568075 0.6541666666666667 0.08098591549295775 0.15
0 0.45598591549295775 0.759375 0.06690140845070422 0.13541666666666666
0 0.26173708920187794 0.765625 0.07981220657276995 0.15625
0 0.142018779342723 0.5739583333333333 0.07042253521126761 0.12291666666666666
0 0.002347417840375587 0.6520833333333333 0.06572769953051644 0.14583333333333334
0 0.2717136150234742 0.6020833333333333 0.057511737089201875 0.10416666666666667
0 0.1766431924882629 0.47708333333333336 0.04342723004694836 0.09583333333333334
0 0.4994131455399061 0.590625 0.06455399061032864 0.12291666666666666
0 0.551056338028169 0.6052083333333333 0.06924882629107981 0.12708333333333333
0 0.6156103286384976 0.5979166666666667 0.04812206572769953 0.09166666666666666
0 0.6690140845070423 0.5541666666666667 0.04929577464788732 0.1125
0 0.7095070422535211 0.528125 0.04812206572769953 0.12708333333333333
0 0.7552816901408451 0.5333333333333333 0.05985915492957746 0.12916666666666668
0 0.8098591549295775 0.603125 0.06103286384976526 0.12291666666666666
0 0.8937793427230047 0.5427083333333333 0.05516431924882629 0.10625
0 0.9653755868544601 0.49270833333333336 0.0528169014084507 0.09791666666666667
0 0.8573943661971831 0.521875 0.04812206572769953 0.09791666666666667
0 0.9618544600938967 0.39895833333333336 0.045774647887323945 0.07291666666666667
0 0.06748826291079812 0.50625 0.04812206572769953 0.0875
0 0.11971830985915492 0.4510416666666667 0.03755868544600939 0.06875
0 0.25528169014084506 0.38229166666666664 0.04342723004694836 0.10208333333333333
0 0.38497652582159625 0.521875 0.06338028169014084 0.11458333333333333
0 0.448943661971831 0.47708333333333336 0.04812206572769953 0.09166666666666666
0 0.9865023474178404 0.29270833333333335 0.012910798122065728 0.022916666666666665
0 0.8022300469483568 0.38125 0.036384976525821594 0.0625
0 0.7482394366197183 0.4041666666666667 0.02699530516431925 0.058333333333333334
0 0.7095070422535211 0.41354166666666664 0.02699530516431925 0.052083333333333336
0 0.6543427230046949 0.3885416666666667 0.022300469483568074 0.04791666666666667
0 0.6038732394366197 0.44166666666666665 0.029342723004694836 0.05
0 0.5757042253521126 0.4427083333333333 0.029342723004694836 0.06875
0 0.5299295774647887 0.41770833333333335 0.03403755868544601 0.07708333333333334
0 0.4923708920187793 0.396875 0.03873239436619718 0.06875
0 0.5669014084507042 0.3802083333333333 0.028169014084507043 0.05625
0 0.6431924882629108 0.23854166666666668 0.018779342723004695 0.04375
0 0.5757042253521126 0.27291666666666664 0.015258215962441314 0.041666666666666664
0 0.5152582159624414 0.2677083333333333 0.007042253521126761 0.014583333333333334
0 0.5164319248826291 0.334375 0.02112676056338028 0.04791666666666667
0 0.4935446009389671 0.35104166666666664 0.01995305164319249 0.035416666666666666
0 0.4424882629107981 0.3697916666666667 0.025821596244131457 0.052083333333333336
0 0.3544600938967136 0.3885416666666667 0.03051643192488263 0.04375
0 0.2981220657276995 0.36354166666666665 0.025821596244131457 0.04791666666666667
0 0.21889671361502347 0.40625 0.03169014084507042 0.05416666666666667
0 0.21185446009389672 0.35520833333333335 0.029342723004694836 0.04791666666666667
0 0.15845070422535212 0.359375 0.014084507042253521 0.027083333333333334
0 0.1255868544600939 0.36354166666666665 0.023474178403755867 0.03958333333333333
0 0.0721830985915493 0.3614583333333333 0.022300469483568074 0.035416666666666666
0 0.08685446009389672 0.3572916666666667 0.01643192488262911 0.035416666666666666
0 0.035211267605633804 0.3375 0.011737089201877934 0.020833333333333332
0 0.12617370892018778 0.3302083333333333 0.012910798122065728 0.027083333333333334
0 0.028169014084507043 0.40208333333333335 0.028169014084507043 0.041666666666666664
0 0.3914319248826291 0.2791666666666667 0.005868544600938967 0.0125
0 0.4166666666666667 0.28541666666666665 0.007042253521126761 0.016666666666666666
0 0.3908450704225352 0.29270833333333335 0.007042253521126761 0.014583333333333334
0 0.3720657276995305 0.384375 0.023474178403755867 0.04791666666666667
0 0.13791079812206572 0.271875 0.005868544600938967 0.010416666666666666
0 0.05927230046948357 0.29583333333333334 0.015258215962441314 0.05416666666666667
0 0.08568075117370892 0.278125 0.004694835680751174 0.010416666666666666
0 0.7946009389671361 0.31354166666666666 0.02112676056338028 0.04375
0 0.7394366197183099 0.3385416666666667 0.02112676056338028 0.03958333333333333
0 0.7505868544600939 0.26458333333333334 0.008215962441314555 0.016666666666666666
0 0.6936619718309859 0.2604166666666667 0.007042253521126761 0.0125
0 0.6778169014084507 0.29375 0.01056338028169014 0.020833333333333332
0 0.5463615023474179 0.3625 0.02464788732394366 0.041666666666666664
0 0.664906103286385 0.378125 0.029342723004694836 0.05625
0 0.17488262910798122 0.31145833333333334 0.02112676056338028 0.04375
