0 0.03468780971258672 0.6362038664323374 0.011892963330029732 0.0210896309314587
0 0.02923686818632309 0.6063268892794376 0.010901883052527254 0.0210896309314587
0 0.049554013875123884 0.6300527240773286 0.009910802775024777 0.015817223198594025
0 0.07978196233894945 0.5606326889279437 0.008919722497522299 0.01757469244288225
0 0.10604558969276512 0.5413005272407733 0.009910802775024777 0.01757469244288225
0 0.0931615460852329 0.47012302284710017 0.005946481665014866 0.012302284710017574
0 0.10109018830525272 0.4956063268892794 0.015857284440039643 0.09490333919156414
0 0.11000991080277503 0.45869947275922673 0.007928642220019821 0.01757469244288225
0 0.12388503468780972 0.5008787346221442 0.013875123885034688 0.06678383128295255
0 0.13429137760158572 0.44727592267135324 0.008919722497522299 0.015817223198594025
0 0.11050545094152626 0.4191564147627416 0.006937561942517344 0.012302284710017574
0 0.12289395441030723 0.4147627416520211 0.005946481665014866 0.01054481546572935
0 0.16897918731417244 0.4182776801405975 0.006937561942517344 0.014059753954305799
0 0.188800792864222 0.437609841827768 0.004955401387512388 0.01054481546572935
0 0.16897918731417244 0.46221441124780316 0.008919722497522299 0.01757469244288225
0 0.18533201189296333 0.5035149384885764 0.007928642220019821 0.015817223198594025
0 0.199207135777998 0.4982425307557118 0.007928642220019821 0.015817223198594025
0 0.21655104063429137 0.47451669595782076 0.008919722497522299 0.01757469244288225
0 0.22497522299306244 0.46924428822495606 0.007928642220019821 0.014059753954305799
0 0.23637264618434092 0.46748681898066785 0.006937561942517344 0.014059753954305799
0 0.257185332011893 0.4718804920913884 0.006937561942517344 0.012302284710017574
0 0.2601585728444004 0.45430579964850615 0.006937561942517344 0.015817223198594025
0 0.24380574826560952 0.4428822495606327 0.005946481665014866 0.01054481546572935
0 0.23141724479682854 0.47363796133567665 0.014866204162537165 0.06854130052724078
0 0.21754212091179387 0.4797891036906854 0.014866204162537165 0.0632688927943761
0 0.21704658077304262 0.4112478031634446 0.005946481665014866 0.01054481546572935
0 0.22051536174430128 0.4244288224956063 0.01684836471754212 0.07205623901581722
0 0.23389494549058473 0.40509666080843587 0.005946481665014866 0.012302284710017574
0 0.23290386521308226 0.38312829525483305 0.005946481665014866 0.01054481546572935
0 0.25173439048562934 0.3954305799648506 0.007928642220019821 0.01757469244288225
0 0.2651139742319128 0.4112478031634446 0.004955401387512388 0.01054481546572935
0 0.09415262636273539 0.8330404217926186 0.023785926660059464 0.0492091388400703
0 0.2918731417244797 0.7311072056239016 0.026759167492566897 0.04569420035149385
0 0.2874132804757185 0.18980667838312829 0.005946481665014866 0.01054481546572935
0 0.2958374628344896 0.21616871704745166 0.01684836471754212 0.070298769771529
0 0.33944499504459863 0.19332161687170474 0.008919722497522299 0.01757469244288225
0 0.40386521308225964 0.19068541300527242 0.008919722497522299 0.015817223198594025
0 0.4147670961347869 0.19068541300527242 0.008919722497522299 0.019332161687170474
0 0.40138751238850345 0.19068541300527242 0.005946481665014866 0.012302284710017574
0 0.4821605550049554 0.19332161687170474 0.006937561942517344 0.014059753954305799
0 0.5009910802775025 0.19947275922671354 0.006937561942517344 0.012302284710017574
0 0.5178394449950446 0.2117750439367311 0.006937561942517344 0.012302284710017574
0 0.632804757185332 0.19595782073813708 0.006937561942517344 0.012302284710017574
0 0.632804757185332 0.19420035149384884 0.006937561942517344 0.012302284710017574
0 0.6501486620416254 0.20035149384885764 0.003964321110009911 0.01054481546572935
0 0.6446977205153618 0.19947275922671354 0.006937561942517344 0.012302284710017574
0 0.6600594648166501 0.1977152899824253 0.005946481665014866 0.012302284710017574
0 0.666005946481665 0.1968365553602812 0.005946481665014866 0.01054481546572935
0 0.6793855302279485 0.19244288224956063 0.006937561942517344 0.012302284710017574
0 0.6952428146679881 0.19595782073813708 0.006937561942517344 0.012302284710017574
0 0.7631318136769079 0.19947275922671354 0.007928642220019821 0.015817223198594025
0 0.7953419226957383 0.2047451669595782 0.008919722497522299 0.015817223198594025
0 0.811199207135778 0.20738137082601055 0.006937561942517344 0.014059753954305799
0 0.8136769078295342 0.1977152899824253 0.005946481665014866 0.012302284710017574
0 0.8240832507433102 0.20738137082601055 0.006937561942517344 0.014059753954305799
0 0.8310208126858275 0.1968365553602812 0.006937561942517344 0.01757469244288225
0 0.8637264618434093 0.20210896309314588 0.010901883052527254 0.02460456942003515
0 0.8587710604558969 0.20826010544815465 0.014866204162537165 0.054481546572934976
0 0.8716551040634292 0.22144112478031636 0.008919722497522299 0.01757469244288225
0 0.88800792864222 0.1968365553602812 0.011892963330029732 0.01757469244288225
0 0.9127849355797819 0.21353251318101935 0.009910802775024777 0.015817223198594025
0 0.933597621407334 0.210896309314587 0.009910802775024777 0.0210896309314587
0 0.94400396432111 0.1977152899824253 0.010901883052527254 0.019332161687170474
0 0.9658077304261645 0.210896309314587 0.008919722497522299 0.01757469244288225
0 0.8315163528245788 0.5782073813708261 0.03766105054509415 0.0492091388400703
0 0.7106045589692765 0.1977152899824253 0.003964321110009911 0.008787346221441126
0 0.24380574826560952 0.4165202108963093 0.005946481665014866 0.01054481546572935
0 0.5302279484638256 0.18804920913884007 0.003964321110009911 0.007029876977152899
0 0.5376610505450942 0.19859402460456943 0.006937561942517344 0.014059753954305799
0 0.6734390485629336 0.22847100175746923 0.010901883052527254 0.070298769771529
