0 0.0525 0.471875 0.011666666666666667 0.00875
0 0.20833333333333334 0.440625 0.013333333333333334 0.01125
0 0.37916666666666665 0.45875 0.015 0.01
0 0.425 0.44375 0.01 0.0075
0 0.43583333333333335 0.440625 0.008333333333333333 0.00625
0 0.5375 0.50125 0.025 0.025
0 0.6058333333333333 0.454375 0.008333333333333333 0.00625
0 0.6425 0.44625 0.035 0.03
0 0.6766666666666666 0.433125 0.04 0.03375
0 0.865 0.4625 0.013333333333333334 0.01
0 0.94 0.445625 0.03 0.04625
0 0.925 0.433125 0.02666666666666667 0.02375
0 0.8866666666666667 0.4325 0.03 0.0225
