0 0.4457627118644068 0.6409638554216868 0.020338983050847456 0.02891566265060241
0 0.4059322033898305 0.6602409638554216 0.01864406779661017 0.033734939759036145
0 0.3550847457627119 0.6710843373493975 0.022033898305084745 0.03614457831325301
0 0.3923728813559322 0.6638554216867469 0.015254237288135594 0.02650602409638554
0 0.29322033898305083 0.6626506024096386 0.01694915254237288 0.02891566265060241
0 0.2440677966101695 0.6710843373493975 0.020338983050847456 0.03132530120481928
0 0.4703389830508475 0.6686746987951807 0.015254237288135594 0.02650602409638554
0 0.49830508474576274 0.653012048192771 0.01694915254237288 0.02891566265060241
0 0.5279661016949152 0.6626506024096386 0.022033898305084745 0.033734939759036145
0 0.5559322033898305 0.6662650602409639 0.010169491525423728 0.016867469879518072
0 0.5991525423728814 0.6578313253012048 0.015254237288135594 0.024096385542168676
0 0.5838983050847457 0.6638554216867469 0.011864406779661017 0.016867469879518072
0 0.5669491525423729 0.6542168674698795 0.011864406779661017 0.016867469879518072
0 0.6203389830508474 0.6674698795180722 0.013559322033898305 0.01927710843373494
0 0.6457627118644068 0.6710843373493975 0.010169491525423728 0.016867469879518072
0 0.661864406779661 0.6602409638554216 0.011864406779661017 0.01927710843373494
0 0.7 0.6674698795180722 0.010169491525423728 0.014457831325301205
0 0.6889830508474576 0.6626506024096386 0.00847457627118644 0.014457831325301205
0 0.6457627118644068 0.6578313253012048 0.010169491525423728 0.014457831325301205
0 0.7237288135593221 0.6445783132530121 0.013559322033898305 0.016867469879518072
0 0.8254237288135593 0.6614457831325301 0.013559322033898305 0.02650602409638554
