0 0.155517578125 0.4917534722222222 0.02685546875 0.044270833333333336
0 0.155029296875 0.4908854166666667 0.02685546875 0.042534722222222224
0 0.219970703125 0.5060763888888888 0.02294921875 0.050347222222222224
0 0.192138671875 0.5125868055555556 0.02099609375 0.04600694444444445
0 0.171630859375 0.5060763888888888 0.02197265625 0.043402777777777776
0 0.285888671875 0.5203993055555556 0.02490234375 0.044270833333333336
0 0.2861328125 0.5190972222222222 0.0234375 0.046875
0 0.356689453125 0.5143229166666666 0.02197265625 0.03732638888888889
0 0.320068359375 0.5251736111111112 0.02197265625 0.036458333333333336
0 0.305419921875 0.5082465277777778 0.01513671875 0.030381944444444444
0 0.35595703125 0.5147569444444444 0.021484375 0.03819444444444445
0 0.396728515625 0.5234375 0.02001953125 0.041666666666666664
0 0.427978515625 0.5321180555555556 0.01611328125 0.03298611111111111
0 0.400390625 0.5043402777777778 0.013671875 0.029513888888888888
0 0.4833984375 0.4952256944444444 0.0126953125 0.026909722222222224
0 0.321533203125 0.5264756944444444 0.02197265625 0.033854166666666664
