0 -0.009230769230769232 0.7201882845188284 0.03230769230769231 0.04497907949790795
0 0.10076923076923076 0.7552301255230126 0.03076923076923077 0.04602510460251046
0 0.20576923076923076 0.747907949790795 0.031538461538461536 0.043933054393305436
0 0.25115384615384617 0.6793933054393305 0.04230769230769231 0.0596234309623431
0 0.5684615384615385 0.8368200836820083 0.036923076923076927 0.060669456066945605
0 0.7223076923076923 0.7777196652719666 0.04461538461538461 0.06589958158995816
0 0.8238461538461539 0.7949790794979079 0.036923076923076927 0.05439330543933055
0 0.019615384615384614 0.6621338912133892 0.03307692307692308 0.0502092050209205
0 0.046538461538461535 0.6814853556485355 0.026923076923076925 0.04079497907949791
0 0.1226923076923077 0.6464435146443515 0.03 0.04602510460251046
0 0.17807692307692308 0.6009414225941423 0.026923076923076925 0.04707112970711297
0 0.2373076923076923 0.6150627615062761 0.031538461538461536 0.043933054393305436
0 0.28692307692307695 0.549163179916318 0.021538461538461538 0.03347280334728033
0 0.35384615384615387 0.5789748953974896 0.021538461538461538 0.038702928870292884
0 0.3803846153846154 0.5920502092050209 0.02846153846153846 0.043933054393305436
0 0.3873076923076923 0.6537656903765691 0.023846153846153847 0.04811715481171548
0 0.41307692307692306 0.6354602510460251 0.03230769230769231 0.051255230125523014
0 0.4403846153846154 0.555439330543933 0.023846153846153847 0.0397489539748954
0 0.515 0.5397489539748954 0.022307692307692306 0.03347280334728033
0 0.573076923076923 0.5308577405857741 0.02 0.032426778242677826
0 0.5876923076923077 0.50418410041841 0.02923076923076923 0.03556485355648536
0 0.6023076923076923 0.4445606694560669 0.016923076923076923 0.01882845188284519
0 0.6353846153846154 0.5481171548117155 0.026153846153846153 0.03556485355648536
0 0.6423076923076924 0.6213389121338913 0.027692307692307693 0.04602510460251046
0 0.67 0.5784518828451883 0.02923076923076923 0.043933054393305436
0 0.6788461538461539 0.5329497907949791 0.02076923076923077 0.034518828451882845
0 0.7107692307692308 0.5638075313807531 0.024615384615384615 0.0397489539748954
0 0.7519230769230769 0.5303347280334728 0.023846153846153847 0.03765690376569038
0 0.745 0.5026150627615062 0.02076923076923077 0.030334728033472803
0 0.7665384615384615 0.5031380753138075 0.023846153846153847 0.03765690376569038
0 0.7992307692307692 0.5538702928870293 0.026153846153846153 0.04288702928870293
0 0.8138461538461539 0.5073221757322176 0.024615384615384615 0.03765690376569038
0 0.8473076923076923 0.553347280334728 0.031538461538461536 0.0502092050209205
0 0.8942307692307693 0.5904811715481172 0.03 0.04079497907949791
0 0.9103846153846153 0.5674686192468619 0.03 0.04497907949790795
0 0.9688461538461538 0.48430962343096234 0.02076923076923077 0.03138075313807531
0 0.2834615384615385 0.41265690376569036 0.014615384615384615 0.0198744769874477
0 0.295 0.41161087866108786 0.013076923076923076 0.0198744769874477
0 0.3007692307692308 0.39330543933054396 0.012307692307692308 0.02301255230125523
0 0.32884615384615384 0.41370292887029286 0.016153846153846154 0.02405857740585774
0 0.3342307692307692 0.4205020920502092 0.014615384615384615 0.02092050209205021
0 0.365 0.4325313807531381 0.014615384615384615 0.02615062761506276
0 0.3688461538461538 0.40376569037656906 0.014615384615384615 0.02092050209205021
0 0.39884615384615385 0.4147489539748954 0.013076923076923076 0.021966527196652718
0 0.4103846153846154 0.4006276150627615 0.013076923076923076 0.02092050209205021
0 0.4330769230769231 0.4189330543933054 0.015384615384615385 0.021966527196652718
0 0.4684615384615385 0.4503138075313807 0.015384615384615385 0.02405857740585774
0 0.45346153846153847 0.40219665271966526 0.013076923076923076 0.0198744769874477
0 0.4776923076923077 0.4293933054393305 0.013846153846153847 0.02405857740585774
0 0.4419230769230769 0.3948744769874477 0.013076923076923076 0.021966527196652718
0 0.4796153846153846 0.40951882845188287 0.014615384615384615 0.0198744769874477
0 0.4926923076923077 0.4074267782426778 0.013076923076923076 0.0198744769874477
0 0.5115384615384615 0.3948744769874477 0.012307692307692308 0.01778242677824268
0 0.4807692307692308 0.3865062761506276 0.010769230769230769 0.015690376569037656
0 0.46 0.3530334728033473 0.009230769230769232 0.013598326359832637
0 0.49153846153846154 0.36140167364016734 0.009230769230769232 0.01778242677824268
0 0.4765384615384615 0.3399581589958159 0.01 0.014644351464435146
0 0.4876923076923077 0.34675732217573224 0.010769230769230769 0.013598326359832637
0 0.4542307692307692 0.33943514644351463 0.008461538461538461 0.013598326359832637
0 0.46 0.348326359832636 0.007692307692307693 0.012552301255230125
0 0.475 0.3132845188284519 0.008461538461538461 0.013598326359832637
0 0.47192307692307695 0.29027196652719667 0.005384615384615384 0.007322175732217573
0 0.4896153846153846 0.274581589958159 0.008461538461538461 0.011506276150627616
0 0.49846153846153846 0.35669456066945604 0.009230769230769232 0.014644351464435146
0 0.5107692307692308 0.3519874476987448 0.009230769230769232 0.013598326359832637
0 0.5411538461538462 0.34623430962343094 0.008461538461538461 0.014644351464435146
0 0.551923076923077 0.4006276150627615 0.013076923076923076 0.016736401673640166
0 0.5503846153846154 0.4121338912133891 0.013076923076923076 0.016736401673640166
0 0.5488461538461539 0.3561715481171548 0.011538461538461539 0.013598326359832637
0 0.5626923076923077 0.3561715481171548 0.01 0.015690376569037656
0 0.5907692307692308 0.3530334728033473 0.009230769230769232 0.015690376569037656
0 0.5711538461538461 0.34309623430962344 0.008461538461538461 0.012552301255230125
0 0.5461538461538461 0.32688284518828453 0.009230769230769232 0.013598326359832637
0 0.5411538461538462 0.3132845188284519 0.01 0.013598326359832637
0 0.5353846153846153 0.3059623430962343 0.007692307692307693 0.013598326359832637
0 0.5373076923076923 0.2996861924686193 0.006923076923076923 0.011506276150627616
0 0.5561538461538461 0.321652719665272 0.007692307692307693 0.011506276150627616
0 0.515 0.3143305439330544 0.006923076923076923 0.011506276150627616
0 0.5796153846153846 0.323744769874477 0.01 0.013598326359832637
0 0.5992307692307692 0.3169456066945607 0.007692307692307693 0.010460251046025104
0 0.5869230769230769 0.3111924686192469 0.009230769230769232 0.013598326359832637
0 0.56 0.2975941422594142 0.007692307692307693 0.011506276150627616
0 0.6046153846153847 0.3410041841004184 0.009230769230769232 0.012552301255230125
0 0.6092307692307692 0.3551255230125523 0.009230769230769232 0.013598326359832637
0 0.6057692307692307 0.37447698744769875 0.01 0.014644351464435146
0 0.5911538461538461 0.40794979079497906 0.016153846153846154 0.02301255230125523
0 0.605 0.3948744769874477 0.014615384615384615 0.021966527196652718
0 0.6330769230769231 0.39435146443514646 0.012307692307692308 0.016736401673640166
0 0.6330769230769231 0.36715481171548114 0.010769230769230769 0.014644351464435146
0 0.6265384615384615 0.31642259414225943 0.008461538461538461 0.013598326359832637
0 0.6415384615384615 0.3817991631799163 0.013846153846153847 0.01882845188284519
0 0.66 0.377092050209205 0.012307692307692308 0.01778242677824268
0 0.6342307692307693 0.35564853556485354 0.01 0.016736401673640166
0 0.6507692307692308 0.34675732217573224 0.009230769230769232 0.013598326359832637
0 0.6630769230769231 0.3457112970711297 0.010769230769230769 0.015690376569037656
0 0.6842307692307692 0.3457112970711297 0.01 0.013598326359832637
0 0.6815384615384615 0.3702928870292887 0.007692307692307693 0.014644351464435146
0 0.6984615384615385 0.36297071129707115 0.009230769230769232 0.01882845188284519
0 0.6973076923076923 0.3807531380753138 0.013076923076923076 0.016736401673640166
0 0.6988461538461539 0.4084728033472803 0.01 0.013598326359832637
0 0.708076923076923 0.33734309623430964 0.006923076923076923 0.011506276150627616
0 0.7261538461538461 0.3342050209205021 0.010769230769230769 0.013598326359832637
0 0.5384615384615384 0.28765690376569036 0.007692307692307693 0.010460251046025104
0 0.5873076923076923 0.28870292887029286 0.006923076923076923 0.010460251046025104
0 0.6030769230769231 0.5109832635983264 0.024615384615384615 0.034518828451882845
0 0.39653846153846156 0.4293933054393305 0.01769230769230769 0.028242677824267783
0 0.6676923076923077 0.4869246861924686 0.023076923076923078 0.030334728033472803
