0 0.030666666666666665 0.702 0.006666666666666667 0.012
0 0.05366666666666667 0.681 0.006 0.008
0 0.06 0.685 0.004 0.006
0 0.07266666666666667 0.686 0.004 0.008
0 0.193 0.6945 0.0033333333333333335 0.007
0 0.19233333333333333 0.744 0.006 0.01
0 0.16933333333333334 0.7425 0.021333333333333333 0.037
0 0.14366666666666666 0.9265 0.028666666666666667 0.059
0 0.27466666666666667 0.8895 0.03333333333333333 0.057
0 0.2623333333333333 0.7445 0.014 0.021
0 0.29233333333333333 0.773 0.014 0.024
0 0.3556666666666667 0.7705 0.015333333333333332 0.025
0 0.31966666666666665 0.775 0.018 0.032
0 0.31766666666666665 0.763 0.014 0.022
0 0.272 0.7185 0.010666666666666666 0.015
0 0.29533333333333334 0.7205 0.012 0.019
0 0.3353333333333333 0.714 0.012 0.016
0 0.37933333333333336 0.7145 0.010666666666666666 0.019
0 0.39766666666666667 0.7205 0.012666666666666666 0.023
0 0.41233333333333333 0.777 0.015333333333333332 0.028
0 0.43433333333333335 0.7255 0.011333333333333334 0.021
0 0.462 0.72 0.013333333333333334 0.022
0 0.49233333333333335 0.7095 0.008666666666666666 0.017
0 0.4653333333333333 0.694 0.010666666666666666 0.02
0 0.4816666666666667 0.714 0.008666666666666666 0.016
0 0.419 0.7005 0.008666666666666666 0.017
0 0.446 0.7035 0.009333333333333334 0.019
0 0.5286666666666666 0.723 0.009333333333333334 0.016
0 0.49433333333333335 0.698 0.008666666666666666 0.016
0 0.5266666666666666 0.708 0.009333333333333334 0.018
0 0.5483333333333333 0.694 0.007333333333333333 0.012
0 0.562 0.6825 0.006666666666666667 0.011
0 0.573 0.712 0.011333333333333334 0.016
0 0.5656666666666667 0.7625 0.011333333333333334 0.019
0 0.5766666666666667 0.7425 0.013333333333333334 0.023
0 0.592 0.7325 0.010666666666666666 0.019
0 0.6026666666666667 0.708 0.012 0.02
0 0.5793333333333334 0.6945 0.006666666666666667 0.011
0 0.617 0.694 0.008666666666666666 0.014
0 0.6323333333333333 0.723 0.011333333333333334 0.02
0 0.65 0.708 0.010666666666666666 0.018
0 0.6506666666666666 0.762 0.010666666666666666 0.02
0 0.679 0.719 0.01 0.016
0 0.6903333333333334 0.8025 0.022 0.035
0 0.732 0.7825 0.024 0.039
0 0.7463333333333333 0.8015 0.012666666666666666 0.019
0 0.8053333333333333 0.844 0.021333333333333333 0.034
0 0.885 0.91 0.03266666666666666 0.068
0 0.934 0.8105 0.024 0.037
0 0.924 0.7775 0.017333333333333333 0.035
0 0.9423333333333334 0.7945 0.018 0.031
0 0.8193333333333334 0.715 0.005333333333333333 0.008
0 0.8313333333333334 0.714 0.005333333333333333 0.008
0 0.378 0.69 0.006666666666666667 0.012
0 0.39966666666666667 0.6935 0.007333333333333333 0.013
0 0.4096666666666667 0.6885 0.007333333333333333 0.011
0 0.5183333333333333 0.6905 0.007333333333333333 0.011
0 0.537 0.6735 0.004666666666666667 0.007
0 0.36133333333333334 0.9245 0.025333333333333333 0.047
0 0.4146666666666667 0.9115 0.034666666666666665 0.057
0 0.5193333333333333 0.8875 0.02666666666666667 0.057
0 0.18766666666666668 0.706 0.01 0.032
0 0.562 0.716 0.010666666666666666 0.018
0 0.9043333333333333 0.7195 0.01 0.035
0 0.8746666666666667 0.6685 0.009333333333333334 0.029
0 0.852 0.669 0.008 0.026
0 0.846 0.659 0.004 0.006
0 0.879 0.7685 0.006 0.009
