0 0.111875 0.47343453510436434 0.01125 0.051233396584440226
0 0.12875 0.4715370018975332 0.01 0.04743833017077799
0 0.160625 0.4573055028462998 0.00375 0.007590132827324478
0 0.32625 0.4648956356736243 0.005 0.007590132827324478
0 0.33375 0.4715370018975332 0.0075 0.009487666034155597
0 0.255 0.4876660341555977 0.005 0.007590132827324478
0 0.223125 0.5132827324478179 0.00625 0.009487666034155597
0 0.230625 0.5332068311195446 0.00625 0.011385199240986717
0 0.245625 0.5275142314990512 0.00625 0.011385199240986717
0 0.278125 0.5208728652751423 0.00625 0.009487666034155597
0 0.291875 0.5398481973434535 0.01875 0.06641366223908918
0 0.316875 0.5123339658444023 0.01375 0.04933586337760911
0 0.28125 0.48861480075901326 0.005 0.0056925996204933585
0 0.211875 0.5370018975332068 0.00625 0.011385199240986717
0 0.1975 0.5502846299810247 0.0075 0.011385199240986717
0 0.191875 0.530360531309298 0.00625 0.009487666034155597
0 0.175625 0.5455407969639469 0.00875 0.013282732447817837
0 0.164375 0.540796963946869 0.00875 0.015180265654648957
0 0.1425 0.5313092979127134 0.0075 0.011385199240986717
0 0.065 0.5578747628083491 0.0075 0.015180265654648957
0 0.0825 0.5673624288425048 0.0075 0.011385199240986717
0 0.0875 0.5464895635673624 0.0075 0.011385199240986717
0 0.100625 0.538899430740038 0.00625 0.011385199240986717
0 0.114375 0.5313092979127134 0.00625 0.011385199240986717
0 0.1125 0.5445920303605313 0.005 0.011385199240986717
0 0.120625 0.5398481973434535 0.00875 0.013282732447817837
0 0.15625 0.5645161290322581 0.0075 0.013282732447817837
0 0.14 0.5569259962049335 0.0075 0.013282732447817837
0 0.228125 0.49620493358633777 0.00625 0.009487666034155597
0 0.08375 0.610056925996205 0.0075 0.013282732447817837
0 0.136875 0.6546489563567363 0.01625 0.06451612903225806
0 0.16 0.6157495256166983 0.015 0.028462998102466792
0 0.185625 0.6091081593927894 0.01375 0.026565464895635674
0 0.0375 0.6176470588235294 0.01 0.017077798861480076
0 0.270625 0.6176470588235294 0.01125 0.024667931688804556
0 0.235 0.6328273244781784 0.0175 0.028462998102466792
0 0.22125 0.6195445920303605 0.015 0.024667931688804556
0 0.203125 0.6280834914611005 0.01625 0.030360531309297913
0 0.159375 0.7077798861480076 0.01875 0.03415559772296015
0 0.3 0.6574952561669829 0.0225 0.03225806451612903
0 0.31625 0.6242884250474383 0.0175 0.026565464895635674
0 0.32875 0.6337760910815939 0.0175 0.030360531309297913
0 0.34375 0.6176470588235294 0.0175 0.024667931688804556
0 0.124375 0.6394686907020873 0.01625 0.026565464895635674
0 0.12375 0.6736242884250474 0.0175 0.03415559772296015
0 0.099375 0.6774193548387096 0.01875 0.030360531309297913
0 0.10625 0.7049335863377609 0.0375 0.06261859582542695
0 0.034375 0.7685009487666035 0.05625 0.10246679316888045
0 0.181875 0.8434535104364327 0.03625 0.05502846299810247
0 0.223125 0.8538899430740038 0.04625 0.07210626185958255
0 0.27875 0.8111954459203036 0.025 0.04364326375711575
0 0.29625 0.905123339658444 0.0225 0.04933586337760911
0 0.261875 0.9165085388994307 0.04875 0.0872865275142315
0 0.324375 0.9079696394686907 0.04125 0.08159392789373814
0 0.39125 0.8709677419354839 0.0325 0.05313092979127135
0 0.316875 0.8434535104364327 0.03625 0.05502846299810247
0 0.424375 0.8415559772296015 0.03875 0.07020872865275142
0 0.4825 0.8178368121442126 0.0425 0.0872865275142315
0 0.644375 0.8425047438330171 0.04125 0.0683111954459203
0 0.70125 0.7979127134724858 0.04 0.0777988614800759
0 0.775625 0.8282732447817837 0.04125 0.08918406072106262
0 0.4875 0.7172675521821632 0.0375 0.0683111954459203
0 0.581875 0.7988614800759013 0.03625 0.056925996204933584
0 0.428125 0.6214421252371917 0.01625 0.024667931688804556
0 0.418125 0.7343453510436433 0.01625 0.030360531309297913
0 0.396875 0.7476280834914611 0.01875 0.03415559772296015
0 0.374375 0.7438330170777988 0.01875 0.030360531309297913
0 0.3575 0.6565464895635673 0.02 0.030360531309297913
0 0.38875 0.6385199240986718 0.02 0.03225806451612903
0 0.4425 0.6669829222011385 0.015 0.028462998102466792
0 0.418125 0.7314990512333965 0.02375 0.15370018975332067
0 0.395625 0.7523719165085389 0.02125 0.03984819734345351
0 0.460625 0.6669829222011385 0.01625 0.024667931688804556
0 0.493125 0.6451612903225806 0.01625 0.030360531309297913
0 0.5225 0.6299810246679317 0.015 0.030360531309297913
0 0.544375 0.7229601518026565 0.01625 0.030360531309297913
0 0.579375 0.7144212523719166 0.01875 0.03225806451612903
0 0.533125 0.6707779886148008 0.01875 0.028462998102466792
0 0.56375 0.6148007590132827 0.015 0.030360531309297913
0 0.568125 0.6299810246679317 0.01375 0.022770398481973434
0 0.56875 0.6726755218216319 0.0175 0.028462998102466792
0 0.6075 0.6242884250474383 0.0175 0.026565464895635674
0 0.601875 0.650853889943074 0.01875 0.026565464895635674
0 0.636875 0.6631878557874763 0.01625 0.028462998102466792
0 0.659375 0.6337760910815939 0.01625 0.026565464895635674
0 0.651875 0.6204933586337761 0.01625 0.030360531309297913
0 0.67875 0.6072106261859582 0.015 0.022770398481973434
0 0.6925 0.6394686907020873 0.0175 0.022770398481973434
0 0.833125 0.8425047438330171 0.04375 0.07210626185958255
0 0.871875 0.793168880455408 0.03875 0.07590132827324478
0 0.98 0.881404174573055 0.05 0.08538899430740038
0 0.945625 0.8083491461100569 0.04125 0.06072106261859583
0 0.92 0.7305502846299811 0.0375 0.056925996204933584
0 0.840625 0.7381404174573055 0.03875 0.07210626185958255
0 0.744375 0.7381404174573055 0.03625 0.06451612903225806
0 0.796875 0.7248576850094877 0.03375 0.04554079696394687
0 0.99125 0.74573055028463 0.045 0.07210626185958255
0 0.76 0.603415559772296 0.0175 0.026565464895635674
0 0.77375 0.6015180265654649 0.0125 0.022770398481973434
0 0.8025 0.6062618595825426 0.015 0.028462998102466792
0 0.82625 0.6053130929791272 0.015 0.026565464895635674
0 0.835 0.5996204933586338 0.01 0.015180265654648957
0 0.86625 0.6546489563567363 0.015 0.022770398481973434
0 0.910625 0.6574952561669829 0.02125 0.036053130929791274
0 0.9275 0.618595825426945 0.02 0.03415559772296015
0 0.94875 0.6138519924098672 0.015 0.028462998102466792
0 0.87 0.6081593927893738 0.015 0.028462998102466792
0 0.885625 0.6290322580645161 0.01625 0.024667931688804556
0 0.905625 0.6138519924098672 0.01875 0.028462998102466792
0 0.89875 0.6859582542694497 0.0325 0.19924098671726756
0 0.869375 0.5417457305502846 0.00625 0.009487666034155597
0 0.855 0.538899430740038 0.0075 0.011385199240986717
0 0.849375 0.5464895635673624 0.00625 0.011385199240986717
0 0.810625 0.532258064516129 0.00625 0.009487666034155597
0 0.821875 0.5094876660341556 0.00625 0.009487666034155597
0 0.8275 0.5151802656546489 0.005 0.009487666034155597
0 0.03125 0.642314990512334 0.01 0.017077798861480076
0 0.033125 0.674573055028463 0.01125 0.017077798861480076
0 0.04625 0.6707779886148008 0.01 0.017077798861480076
0 0.00375 0.642314990512334 0.0125 0.020872865275142316
0 0.011875 0.6499051233396584 0.01125 0.017077798861480076
0 0.918125 0.5645161290322581 0.00625 0.009487666034155597
0 0.906875 0.5635673624288425 0.00625 0.011385199240986717
0 0.906875 0.5616698292220114 0.00375 0.007590132827324478
0 0.895625 0.5664136622390892 0.00625 0.009487666034155597
0 0.965 0.5531309297912713 0.01 0.013282732447817837
0 0.939375 0.5597722960151803 0.00875 0.011385199240986717
0 0.774375 0.48861480075901326 0.00625 0.009487666034155597
0 0.986875 0.538899430740038 0.00625 0.011385199240986717
0 0.95875 0.530360531309298 0.0075 0.013282732447817837
0 0.7075 0.49240986717267554 0.0125 0.051233396584440226
0 0.7 0.47438330170777987 0.005 0.007590132827324478
0 0.686875 0.46774193548387094 0.00375 0.0056925996204933585
0 0.68125 0.476280834914611 0.01 0.030360531309297913
0 0.729375 0.4478178368121442 0.00375 0.007590132827324478
0 0.720625 0.4506641366223909 0.00625 0.009487666034155597
0 0.7325 0.4819734345351044 0.005 0.007590132827324478
0 0.819375 0.48671726755218214 0.00875 0.013282732447817837
0 0.794375 0.4819734345351044 0.00625 0.011385199240986717
0 0.804375 0.49430740037950666 0.00625 0.009487666034155597
0 0.69625 0.46110056925996207 0.01 0.04174573055028463
0 0.689375 0.4648956356736243 0.01125 0.04933586337760911
0 0.681875 0.45825426944971537 0.00875 0.04364326375711575
0 0.186875 0.5284629981024668 0.01375 0.058823529411764705
0 0.1975 0.5341555977229602 0.0175 0.0777988614800759
0 0.064375 0.42030360531309297 0.00875 0.028462998102466792
0 0.658125 0.46774193548387094 0.01375 0.04364326375711575
0 0.61625 0.7229601518026565 0.0175 0.03415559772296015
0 0.64875 0.7362428842504743 0.02 0.03415559772296015
0 0.689375 0.7675521821631879 0.02125 0.03984819734345351
0 0.181875 0.5578747628083491 0.01375 0.06072106261859583
0 0.001875 0.6129032258064516 0.00875 0.015180265654648957
0 0.010625 0.6489563567362429 0.01125 0.018975332068311195
0 0.01375 0.6299810246679317 0.01 0.015180265654648957
0 0.23125 0.7229601518026565 0.025 0.04174573055028463
