0 -0.0028089887640449437 0.5997191011235955 0.0175561797752809 0.013576779026217229
0 0.010533707865168539 0.6141151685393258 0.011938202247191011 0.01100187265917603
0 0.04143258426966292 0.611189138576779 0.018258426966292134 0.01544943820224719
0 0.05898876404494382 0.6127106741573034 0.021067415730337078 0.013810861423220975
0 0.07689606741573034 0.6042837078651685 0.021067415730337078 0.01708801498127341
0 0.08848314606741572 0.6051029962546817 0.023174157303370788 0.023876404494382022
0 0.1350070224719101 0.6170411985018727 0.017907303370786515 0.0149812734082397
0 0.19996488764044945 0.6128277153558053 0.01720505617977528 0.013108614232209739
0 0.17415730337078653 0.6155196629213483 0.027387640449438203 0.022237827715355804
0 0.24771769662921347 0.615753745318352 0.010884831460674158 0.007724719101123595
0 0.27791432584269665 0.6158707865168539 0.015098314606741573 0.011235955056179775
0 0.29827949438202245 0.6175093632958801 0.011587078651685394 0.010299625468164793
0 0.33918539325842695 0.6546114232209738 0.037219101123595506 0.05594569288389513
0 0.3316362359550562 0.6136470037453183 0.016502808988764044 0.01147003745318352
0 0.3886938202247191 0.620435393258427 0.020365168539325844 0.016619850187265917
0 0.3909761235955056 0.6182116104868914 0.018609550561797753 0.01451310861423221
0 0.4313553370786517 0.6190308988764045 0.015098314606741573 0.012406367041198503
0 0.4691011235955056 0.6178604868913857 0.016151685393258428 0.012406367041198503
0 0.4977176966292135 0.6273408239700374 0.024929775280898875 0.02200374531835206
0 0.5324789325842697 0.6197331460674157 0.027036516853932584 0.01849250936329588
0 0.5811095505617978 0.6189138576779026 0.014747191011235955 0.009831460674157303
0 0.617626404494382 0.6089653558052435 0.016853932584269662 0.011938202247191011
0 0.6444873595505618 0.6202013108614233 0.019311797752808987 0.013810861423220975
0 0.695751404494382 0.6193820224719101 0.018609550561797753 0.013576779026217229
0 0.7442064606741573 0.6238295880149812 0.016502808988764044 0.012172284644194757
0 0.7568469101123596 0.62312734082397 0.02282303370786517 0.016853932584269662
0 0.7865168539325843 0.620435393258427 0.025280898876404494 0.015215355805243446
0 0.8053019662921348 0.6191479400749064 0.01720505617977528 0.011235955056179775
0 0.8204002808988764 0.6173923220973783 0.012991573033707866 0.010065543071161049
0 0.8555126404494382 0.6184456928838952 0.014396067415730338 0.011235955056179775
0 0.8781601123595506 0.6197331460674157 0.020365168539325844 0.015683520599250936
0 0.9396067415730337 0.6041666666666666 0.028089887640449437 0.017790262172284643
0 0.9389044943820225 0.6045177902621723 0.030196629213483147 0.025046816479400748
0 0.9392556179775281 0.6093164794007491 0.04002808988764045 0.032303370786516857
