0 0.04775 0.33319967923015237 0.0405 0.07137129109863673
0 0.10175 0.4170008019246191 0.0455 0.07538091419406576
0 0.138 0.3744987971130714 0.031 0.057738572574178026
0 0.21725 0.34202085004009625 0.0465 0.09222133119486768
0 0.279 0.34683239775461105 0.043 0.07778668805132317
0 0.3115 0.3227746591820369 0.04 0.07618283881315156
0 0.36875 0.3945469125902165 0.0345 0.056134723336006415
0 0.38825 0.37530072173215717 0.0305 0.06094627105052125
0 0.39825 0.42181234963913394 0.0205 0.040096230954290296
0 0.4235 0.41218925421010427 0.013 0.02566158781074579
0 0.4555 0.3520449077786688 0.017 0.0272654370489174
0 0.4945 0.4623095429029671 0.01 0.015236567762630313
0 0.5145 0.454691259021652 0.013 0.022453889334402566
0 0.51775 0.458700882117081 0.0125 0.024057738572574178
0 0.5505 0.45308740978348033 0.012 0.022453889334402566
0 0.62725 0.3688853247794707 0.0485 0.07698476343223737
0 0.61525 0.3620689655172414 0.0455 0.06976744186046512
0 0.6135 0.35966319165998395 0.044 0.07778668805132317
0 0.60075 0.34723336006415395 0.0465 0.08660785886126704
0 0.67675 0.3813151563753007 0.0425 0.06976744186046512
0 0.7515 0.46952686447473935 0.015 0.026463512429831595
0 0.76725 0.47714514835605454 0.0115 0.02566158781074579
0 0.7835 0.4735364875701684 0.012 0.028067361668003207
0 0.792 0.479149959903769 0.013 0.024859663191659984
0 0.80225 0.48917401764234164 0.0125 0.022453889334402566
0 0.82 0.4755412991178829 0.012 0.020850040096230954
0 0.8335 0.4731355252606255 0.011 0.01603849238171612
0 0.85375 0.4863672814755413 0.0125 0.024859663191659984
0 0.865 0.491579791499599 0.014 0.024057738572574178
0 0.876 0.5020048115477145 0.012 0.022453889334402566
0 0.74125 0.4482758620689655 0.0105 0.020850040096230954
0 0.75575 0.45028067361668 0.0125 0.023255813953488372
0 0.78575 0.41098636728147553 0.0125 0.026463512429831595
0 0.78125 0.4607056936647955 0.0115 0.020048115477145148
0 0.79175 0.45549318364073776 0.0125 0.022453889334402566
0 0.812 0.4615076182838813 0.013 0.024859663191659984
0 0.83225 0.4623095429029671 0.0135 0.02165196471531676
0 0.847 0.52485966319166 0.027 0.15477145148356056
0 0.88525 0.4454691259021652 0.0135 0.023255813953488372
0 0.8715 0.4318364073777065 0.011 0.020048115477145148
0 0.93475 0.421411387329591 0.0465 0.09061748195669607
0 0.948 0.3825180433039294 0.039 0.08821170809943865
0 0.926 0.40096230954290296 0.045 0.08340016038492382
0 0.9515 0.38011226944667204 0.039 0.07056936647955092
