0 0.11266666666666666 0.658284023668639 0.030666666666666665 0.07692307692307693
0 0.213 0.6494082840236687 0.024666666666666667 0.07692307692307693
0 0.2776666666666667 0.6745562130177515 0.027333333333333334 0.07692307692307693
0 0.356 0.6405325443786982 0.024 0.07100591715976332
0 0.43366666666666664 0.6420118343195266 0.026 0.07100591715976332
0 0.5173333333333333 0.6427514792899408 0.02666666666666667 0.07840236686390532
0 0.617 0.643491124260355 0.028666666666666667 0.07988165680473373
0 0.703 0.658284023668639 0.03133333333333333 0.09467455621301775
0 0.7926666666666666 0.6390532544378699 0.029333333333333333 0.08284023668639054
0 0.8876666666666667 0.6316568047337278 0.034 0.08579881656804733
0 0.17533333333333334 0.5059171597633136 0.030666666666666665 0.07692307692307693
0 0.24633333333333332 0.48002958579881655 0.027333333333333334 0.07544378698224852
0 0.30833333333333335 0.49556213017751477 0.028666666666666667 0.07692307692307693
0 0.368 0.492603550295858 0.024 0.0621301775147929
0 0.427 0.496301775147929 0.026 0.07248520710059171
0 0.48533333333333334 0.4985207100591716 0.024 0.06804733727810651
0 0.5446666666666666 0.5022189349112426 0.02666666666666667 0.07248520710059171
0 0.6006666666666667 0.4977810650887574 0.025333333333333333 0.0695266272189349
0 0.661 0.4844674556213018 0.023333333333333334 0.06656804733727811
0 0.716 0.5066568047337278 0.02666666666666667 0.07840236686390532
0 0.774 0.511094674556213 0.024 0.0695266272189349
0 0.8266666666666667 0.496301775147929 0.02666666666666667 0.06656804733727811
0 0.8926666666666667 0.3099112426035503 0.029333333333333333 0.07248520710059171
0 0.822 0.3609467455621302 0.029333333333333333 0.06804733727810651
0 0.7636666666666667 0.3698224852071006 0.024666666666666667 0.06804733727810651
0 0.717 0.37056213017751477 0.024666666666666667 0.0695266272189349
0 0.665 0.3683431952662722 0.020666666666666667 0.0621301775147929
0 0.6126666666666667 0.3690828402366864 0.02266666666666667 0.057692307692307696
0 0.559 0.3254437869822485 0.022 0.0650887573964497
0 0.49533333333333335 0.32840236686390534 0.02266666666666667 0.0650887573964497
0 0.436 0.34097633136094674 0.024 0.0695266272189349
0 0.38033333333333336 0.34023668639053256 0.024666666666666667 0.07100591715976332
0 0.31266666666666665 0.3239644970414201 0.02666666666666667 0.07100591715976332
0 0.25166666666666665 0.34837278106508873 0.024666666666666667 0.06656804733727811
0 0.194 0.3668639053254438 0.02666666666666667 0.0650887573964497
0 0.11633333333333333 0.3306213017751479 0.03 0.07840236686390532
0 0.14566666666666667 0.15014792899408283 0.023333333333333334 0.06360946745562131
0 0.188 0.14792899408284024 0.025333333333333333 0.0621301775147929
0 0.23466666666666666 0.11612426035502958 0.02666666666666667 0.07248520710059171
0 0.302 0.10798816568047337 0.024 0.0621301775147929
0 0.36833333333333335 0.1227810650887574 0.023333333333333334 0.0621301775147929
0 0.429 0.1760355029585799 0.019333333333333334 0.05917159763313609
0 0.6003333333333334 0.14201183431952663 0.022 0.05917159763313609
0 0.647 0.15902366863905326 0.019333333333333334 0.057692307692307696
0 0.7 0.16420118343195267 0.021333333333333333 0.05917159763313609
0 0.7543333333333333 0.11612426035502958 0.023333333333333334 0.0695266272189349
0 0.8163333333333334 0.16715976331360946 0.022 0.0621301775147929
0 0.852 0.1760355029585799 0.02266666666666667 0.05917159763313609
