0 0.0209375 0.5642589118198874 0.005625 0.012195121951219513
0 0.018125 0.5656660412757973 0.005 0.0075046904315197
0 0.0209375 0.5628517823639775 0.004375 0.009380863039399626
0 0.0284375 0.5666041275797373 0.004375 0.0075046904315197
0 0.0478125 0.5698874296435272 0.003125 0.004690431519699813
0 0.0628125 0.5717636022514071 0.004375 0.006566604127579738
0 0.0096875 0.6149155722326454 0.008125 0.012195121951219513
0 0.0275 0.6163227016885553 0.0075 0.01125703564727955
0 0.05 0.5924015009380863 0.00875 0.01594746716697936
0 0.0709375 0.6177298311444653 0.006875 0.010318949343339587
0 0.075 0.5984990619136961 0.01 0.0150093808630394
0 0.0753125 0.598968105065666 0.008125 0.014071294559099437
0 0.2640625 0.5600375234521576 0.011875 0.01876172607879925
0 0.33125 0.6060037523452158 0.00625 0.01125703564727955
0 0.400625 0.6172607879924953 0.00625 0.01125703564727955
0 0.4521875 0.5614446529080676 0.030625 0.055347091932457786
0 0.491875 0.5 0.03125 0.054409005628517824
0 0.5096875 0.6224202626641651 0.020625 0.027204502814258912
0 0.544375 0.6125703564727955 0.01875 0.03564727954971857
0 0.6403125 0.5928705440900562 0.004375 0.005628517823639775
0 0.6275 0.5933395872420263 0.005 0.006566604127579738
0 0.6115625 0.5975609756097561 0.003125 0.005628517823639775
0 0.6559375 0.5947467166979362 0.004375 0.005628517823639775
0 0.6578125 0.5924015009380863 0.003125 0.006566604127579738
0 0.6690625 0.5947467166979362 0.005625 0.0075046904315197
0 0.6696875 0.5928705440900562 0.004375 0.005628517823639775
0 0.7115625 0.6078799249530957 0.006875 0.01125703564727955
0 0.7959375 0.5755159474671669 0.010625 0.01594746716697936
