0 0.16013344453711426 0.07122708039492243 0.03502919099249374 0.06346967559943582
0 0.18640533778148458 0.2390691114245416 0.03419516263552961 0.0691114245416079
0 0.1359466221851543 0.47531734837799716 0.03336113427856547 0.07334273624823695
0 0.2981651376146789 0.35754583921015515 0.029190992493744787 0.05782792665726375
0 0.5091743119266054 0.4203102961918195 0.03419516263552961 0.06770098730606489
0 0.6784820683903253 0.1466854724964739 0.03252710592160134 0.06770098730606489
0 0.7343619683069225 0.39703808180535965 0.03252710592160134 0.0465444287729196
0 0.8569641367806505 0.306064880112835 0.03753127606338615 0.076163610719323
0 0.8452877397831526 0.07898448519040903 0.03419516263552961 0.07898448519040903
0 0.2493744787322769 -0.047954866008462625 0.0316930775646372 0.05077574047954866
0 0.3302752293577982 -0.06629055007052186 0.025020850708924104 0.04231311706629055
0 0.9653878231859884 -0.0684062059238364 0.02585487906588824 0.04090267983074753
0 0.8686405337781484 -0.028208744710860368 0.027522935779816515 0.047954866008462625
