0 0.23524305555555555 0.59423828125 0.008680555555555556 0.0048828125
0 0.3394097222222222 0.57275390625 0.015625 0.0126953125
0 0.17447916666666666 0.53369140625 0.008680555555555556 0.0107421875
0 0.18055555555555555 0.53564453125 0.010416666666666666 0.0087890625
0 0.1909722222222222 0.5361328125 0.010416666666666666 0.009765625
0 0.1996527777777778 0.53564453125 0.010416666666666666 0.0107421875
0 0.22135416666666666 0.53564453125 0.008680555555555556 0.0126953125
0 0.3793402777777778 0.53662109375 0.008680555555555556 0.0107421875
0 0.4401041666666667 0.53662109375 0.008680555555555556 0.0107421875
0 0.4756944444444444 0.53662109375 0.010416666666666666 0.0107421875
0 0.5260416666666666 0.53857421875 0.010416666666666666 0.0107421875
0 0.5685763888888888 0.537109375 0.008680555555555556 0.01171875
0 0.5321180555555556 0.57861328125 0.005208333333333333 0.0029296875
0 0.6137152777777778 0.580078125 0.005208333333333333 0.00390625
0 0.7465277777777778 0.59423828125 0.020833333333333332 0.0263671875
0 0.7612847222222222 0.5830078125 0.008680555555555556 0.005859375
0 0.9105902777777778 0.58642578125 0.008680555555555556 0.0048828125
0 0.9340277777777778 0.587890625 0.010416666666666666 0.005859375
0 0.9496527777777778 0.58447265625 0.010416666666666666 0.0068359375
0 0.9661458333333334 0.5947265625 0.015625 0.02734375
0 0.9739583333333334 0.5849609375 0.006944444444444444 0.00390625
