0 0.09166666666666666 0.4151414309484193 0.05 0.08153078202995008
0 0.12166666666666667 0.39018302828618967 0.043333333333333335 0.06821963394342762
0 0.23722222222222222 0.3527454242928453 0.034444444444444444 0.056572379367720464
0 0.33055555555555555 0.3452579034941764 0.027777777777777776 0.04492512479201331
0 0.3611111111111111 0.36356073211314477 0.03111111111111111 0.05823627287853577
0 0.4666666666666667 0.36772046589018303 0.028888888888888888 0.04991680532445923
0 0.6005555555555555 0.36772046589018303 0.027777777777777776 0.05324459234608985
0 0.7205555555555555 0.34608985024958405 0.03 0.05324459234608985
0 0.8161111111111111 0.3826955074875208 0.03666666666666667 0.07653910149750416
0 0.8883333333333333 0.3935108153078203 0.04555555555555556 0.07154742096505824
0 0.9305555555555556 0.4259567387687188 0.058888888888888886 0.10316139767054909
