0 0.10519480519480519 0.35374149659863946 0.05714285714285714 0.12698412698412698
0 0.22012987012987012 0.3843537414965986 0.04285714285714286 0.08843537414965986
0 0.21103896103896103 0.6099773242630385 0.04025974025974026 0.08616780045351474
0 0.33636363636363636 0.3231292517006803 0.046753246753246755 0.09750566893424037
0 0.4331168831168831 0.2981859410430839 0.045454545454545456 0.09297052154195011
0 0.4935064935064935 0.3492063492063492 0.025974025974025976 0.049886621315192746
0 0.5285714285714286 0.30385487528344673 0.04415584415584416 0.09523809523809523
0 0.611038961038961 0.2868480725623583 0.045454545454545456 0.09750566893424037
0 0.6422077922077922 0.32086167800453513 0.032467532467532464 0.05668934240362812
0 0.7058441558441558 0.3299319727891156 0.05064935064935065 0.11564625850340136
0 0.8266233766233766 0.30272108843537415 0.05844155844155844 0.11564625850340136
0 0.9175324675324675 0.3820861678004535 0.053246753246753244 0.1111111111111111
0 0.9798701298701299 0.31859410430839 0.011688311688311689 0.02040816326530612
0 0.8883116883116883 0.32086167800453513 0.015584415584415584 0.02947845804988662
