0 0.09571428571428571 0.8804554079696395 0.04857142857142857 0.06072106261859583
0 0.17285714285714285 0.8757115749525617 0.04285714285714286 0.05502846299810247
0 0.23 0.9184060721062619 0.06 0.09108159392789374
0 0.38142857142857145 0.8121442125237192 0.04285714285714286 0.0683111954459203
0 0.685 0.8311195445920304 0.11857142857142858 0.1859582542694497
0 0.97 0.849146110056926 0.10285714285714286 0.1650853889943074
0 0.024285714285714285 0.857685009487666 0.02 0.03415559772296015
0 0.13285714285714287 0.8690702087286527 0.02 0.030360531309297913
0 0.2671428571428571 0.8216318785578748 0.014285714285714285 0.026565464895635674
0 0.27285714285714285 0.8444022770398482 0.014285714285714285 0.018975332068311195
0 0.23142857142857143 0.8624288425047438 0.017142857142857144 0.024667931688804556
0 0.05357142857142857 0.8510436432637571 0.012857142857142857 0.017077798861480076
0 0.07214285714285715 0.8472485768500949 0.018571428571428572 0.028462998102466792
0 0.3142857142857143 0.8415559772296015 0.014285714285714285 0.020872865275142316
0 0.315 0.8472485768500949 0.012857142857142857 0.020872865275142316
0 0.3342857142857143 0.8681214421252372 0.022857142857142857 0.036053130929791274
0 0.4207142857142857 0.8330170777988615 0.024285714285714285 0.03795066413662239
0 0.46 0.8320683111954459 0.014285714285714285 0.020872865275142316
0 0.4828571428571429 0.8368121442125237 0.014285714285714285 0.018975332068311195
0 0.5085714285714286 0.8273244781783681 0.017142857142857144 0.030360531309297913
0 0.52 0.8225806451612904 0.014285714285714285 0.020872865275142316
0 0.5457142857142857 0.8178368121442126 0.017142857142857144 0.022770398481973434
0 0.57 0.8159392789373814 0.017142857142857144 0.018975332068311195
0 0.6178571428571429 0.8045540796963947 0.015714285714285715 0.022770398481973434
0 0.7414285714285714 0.816888045540797 0.02 0.028462998102466792
0 0.7635714285714286 0.8244781783681214 0.012857142857142857 0.017077798861480076
0 0.775 0.8111954459203036 0.018571428571428572 0.028462998102466792
0 0.7935714285714286 0.8425047438330171 0.04428571428571428 0.06451612903225806
0 0.8407142857142857 0.8330170777988615 0.03 0.04174573055028463
