0 0.4442857142857143 0.3825 0.06285714285714286 0.11928571428571429
0 0.345 0.5907142857142857 0.06428571428571428 0.10142857142857142
0 0.7188095238095238 0.2571428571428571 0.056666666666666664 0.11285714285714285
0 0.2761904761904762 -0.008214285714285714 0.03142857142857143 0.05357142857142857
0 0.38166666666666665 0.0007142857142857143 0.03571428571428571 0.05
0 0.505 -0.10178571428571428 0.03761904761904762 0.056428571428571425
0 0.6378571428571429 0.04321428571428571 0.05285714285714286 0.08214285714285714
0 0.7402380952380953 -0.029642857142857144 0.030952380952380953 0.055
0 0.9014285714285715 -0.024285714285714285 0.04666666666666667 0.08
0 0.9635714285714285 0.0425 0.043333333333333335 0.08928571428571429
