0 0.5915384615384616 0.6569037656903766 0.018461538461538463 0.03138075313807531
0 0.5503846153846154 0.6705020920502092 0.014615384615384615 0.029288702928870293
0 0.48730769230769233 0.6574267782426778 0.022307692307692306 0.036610878661087864
0 0.3861538461538462 0.6323221757322176 0.02 0.034518828451882845
0 0.32384615384615384 0.6652719665271967 0.021538461538461538 0.03347280334728033
0 0.2526923076923077 0.6485355648535565 0.011538461538461539 0.01882845188284519
0 0.2969230769230769 0.6333682008368201 0.012307692307692308 0.0198744769874477
0 0.3457692307692308 0.6323221757322176 0.013076923076923076 0.02405857740585774
0 0.13115384615384615 0.6239539748953975 0.01 0.013598326359832637
0 0.15461538461538463 0.622907949790795 0.010769230769230769 0.015690376569037656
0 0.25653846153846155 0.6380753138075314 0.005384615384615384 0.008368200836820083
0 0.2765384615384615 0.6417364016736402 0.011538461538461539 0.013598326359832637
0 0.30923076923076925 0.6276150627615062 0.010769230769230769 0.016736401673640166
0 0.3292307692307692 0.6443514644351465 0.012307692307692308 0.01882845188284519
0 0.3730769230769231 0.6354602510460251 0.006153846153846154 0.009414225941422594
0 0.4330769230769231 0.6438284518828452 0.010769230769230769 0.015690376569037656
0 0.4023076923076923 0.641213389121339 0.015384615384615385 0.02510460251046025
0 0.5646153846153846 0.6370292887029289 0.006153846153846154 0.008368200836820083
0 0.555 0.6469665271966527 0.005384615384615384 0.009414225941422594
0 0.5188461538461538 0.6359832635983264 0.008461538461538461 0.012552301255230125
0 0.47115384615384615 0.6370292887029289 0.006923076923076923 0.012552301255230125
0 0.48730769230769233 0.6323221757322176 0.008461538461538461 0.011506276150627616
0 0.4480769230769231 0.6307531380753139 0.008461538461538461 0.012552301255230125
0 0.42115384615384616 0.6375523012552301 0.006923076923076923 0.009414225941422594
0 0.41384615384615386 0.6521966527196653 0.010769230769230769 0.036610878661087864
0 0.5038461538461538 0.6438284518828452 0.006153846153846154 0.009414225941422594
0 0.4980769230769231 0.6375523012552301 0.005384615384615384 0.009414225941422594
0 0.6407692307692308 0.6427824267782427 0.004615384615384616 0.009414225941422594
0 0.6476923076923077 0.6359832635983264 0.004615384615384616 0.008368200836820083
0 0.6565384615384615 0.6443514644351465 0.01 0.016736401673640166
0 0.6773076923076923 0.6391213389121339 0.005384615384615384 0.010460251046025104
0 0.6884615384615385 0.6323221757322176 0.006153846153846154 0.009414225941422594
0 0.7192307692307692 0.6349372384937239 0.016923076923076923 0.02092050209205021
0 0.7661538461538462 0.6354602510460251 0.016923076923076923 0.02615062761506276
0 0.8842307692307693 0.6422594142259415 0.014615384615384615 0.02301255230125523
0 0.8657692307692307 0.6344142259414226 0.016153846153846154 0.021966527196652718
0 0.9126923076923077 0.6375523012552301 0.006923076923076923 0.009414225941422594
0 0.8461538461538461 0.6349372384937239 0.004615384615384616 0.006276150627615063
0 0.7880769230769231 0.6333682008368201 0.005384615384615384 0.007322175732217573
0 0.8111538461538461 0.7013598326359832 0.0038461538461538464 0.021966527196652718
0 0.7292307692307692 0.647489539748954 0.009230769230769232 0.014644351464435146
0 0.7092307692307692 0.6349372384937239 0.007692307692307693 0.010460251046025104
0 0.7346153846153847 0.6365062761506276 0.007692307692307693 0.011506276150627616
0 0.4546153846153846 0.6380753138075314 0.010769230769230769 0.02092050209205021
