0 0.0165 0.9415292353823088 0.023 0.020989505247376312
0 0.081 0.9501499250374813 0.028 0.023238380809595203
0 0.093 0.8935532233883059 0.018 0.01649175412293853
0 0.1345 0.9336581709145427 0.017 0.018740629685157422
0 0.085 0.818215892053973 0.016 0.012743628185907047
0 0.3755 0.9880059970014993 0.025 0.025487256371814093
0 0.478 0.9535232383808095 0.02 0.020989505247376312
0 0.515 0.9640179910044977 0.024 0.0239880059970015
0 0.6475 0.9490254872563718 0.021 0.0239880059970015
0 0.829 0.8373313343328336 0.016 0.01649175412293853
0 0.79 0.8317091454272864 0.014 0.01424287856071964
0 0.6335 0.8571964017991005 0.017 0.01424287856071964
0 0.4945 0.8422038980509745 0.017 0.015742128935532233
0 0.335 0.8253373313343328 0.016 0.014992503748125937
0 0.303 0.841079460269865 0.016 0.01649175412293853
0 0.2795 0.8474512743628186 0.021 0.015742128935532233
0 0.2745 0.8140929535232384 0.013 0.014992503748125937
0 0.255 0.8185907046476761 0.016 0.01199400299850075
0 0.2285 0.8039730134932533 0.015 0.012743628185907047
0 0.2355 0.7503748125937032 0.015 0.01199400299850075
0 0.235 0.7110194902548725 0.012 0.009745127436281859
0 0.3165 0.7529985007496252 0.011 0.012743628185907047
0 0.3275 0.7631184407796102 0.013 0.010494752623688156
0 0.356 0.6746626686656672 0.01 0.008995502248875561
0 0.373 0.7151424287856072 0.01 0.008995502248875561
0 0.3895 0.6874062968515742 0.009 0.0074962518740629685
0 0.3885 0.651424287856072 0.009 0.005997001499250375
0 0.431 0.6611694152923538 0.008 0.0074962518740629685
0 0.4315 0.6739130434782609 0.009 0.0074962518740629685
0 0.4365 0.6787856071964018 0.011 0.008245877061469266
0 0.4645 0.6780359820089955 0.011 0.006746626686656672
0 0.5075 0.6889055472263869 0.009 0.008995502248875561
0 0.5175 0.6757871064467766 0.011 0.009745127436281859
0 0.5125 0.7008995502248876 0.009 0.008995502248875561
0 0.5345 0.7008995502248876 0.011 0.010494752623688156
0 0.531 0.6881559220389805 0.012 0.008995502248875561
0 0.559 0.7301349325337332 0.012 0.008995502248875561
0 0.564 0.7113943028485757 0.012 0.008995502248875561
0 0.5855 0.7072713643178411 0.009 0.009745127436281859
0 0.399 0.7619940029985007 0.012 0.012743628185907047
0 0.425 0.7413793103448276 0.012 0.01199400299850075
0 0.434 0.7544977511244377 0.012 0.012743628185907047
0 0.4455 0.7694902548725637 0.015 0.012743628185907047
0 0.535 0.7717391304347826 0.012 0.012743628185907047
0 0.634 0.782983508245877 0.014 0.012743628185907047
0 0.657 0.7811094452773614 0.014 0.01199400299850075
0 0.628 0.7428785607196402 0.012 0.010494752623688156
0 0.767 0.7623688155922039 0.012 0.008995502248875561
0 0.8585 0.7518740629685158 0.013 0.013493253373313344
0 0.857 0.7451274362818591 0.012 0.008995502248875561
0 0.9255 0.757496251874063 0.013 0.011244377811094454
0 0.923 0.8092203898050975 0.052 0.07871064467766117
0 0.81 0.7361319340329835 0.01 0.008995502248875561
0 0.779 0.737256371814093 0.012 0.009745127436281859
0 0.771 0.7312593703148426 0.014 0.011244377811094454
0 0.746 0.7230134932533733 0.01 0.008245877061469266
0 0.677 0.719640179910045 0.008 0.0074962518740629685
0 0.6485 0.7211394302848576 0.009 0.008995502248875561
0 0.6295 0.7147676161919041 0.009 0.006746626686656672
0 0.609 0.7312593703148426 0.01 0.008245877061469266
0 0.654 0.7432533733133433 0.012 0.012743628185907047
0 0.6935 0.7619940029985007 0.011 0.011244377811094454
0 0.7305 0.7481259370314842 0.011 0.01199400299850075
0 0.591 0.6611694152923538 0.008 0.008995502248875561
0 0.611 0.6596701649175413 0.01 0.0074962518740629685
0 0.63 0.6720389805097451 0.008 0.006746626686656672
0 0.632 0.6836581709145427 0.01 0.0074962518740629685
0 0.752 0.6911544227886057 0.01 0.0074962518740629685
0 0.737 0.6577961019490255 0.008 0.005247376311844078
0 0.723 0.6510494752623688 0.008 0.006746626686656672
0 0.705 0.6240629685157422 0.008 0.005247376311844078
0 0.703 0.6206896551724138 0.008 0.005997001499250375
0 0.832 0.6353073463268366 0.008 0.006746626686656672
0 0.8545 0.6098200899550225 0.009 0.006746626686656672
0 0.859 0.6394302848575713 0.008 0.0074962518740629685
0 0.874 0.6128185907046477 0.006 0.005247376311844078
0 0.926 0.5993253373313343 0.008 0.006746626686656672
0 0.9465 0.6120689655172413 0.007 0.005247376311844078
0 0.9565 0.6169415292353823 0.007 0.005997001499250375
0 0.9375 0.6405547226386806 0.007 0.006746626686656672
0 0.9275 0.6454272863568216 0.009 0.0074962518740629685
0 0.907 0.6458020989505248 0.01 0.008245877061469266
0 0.8845 0.6690404797601199 0.007 0.006746626686656672
0 0.9235 0.6754122938530734 0.009 0.0074962518740629685
0 0.4645 0.47863568215892055 0.007 0.005247376311844078
0 0.48 0.4782608695652174 0.008 0.0074962518740629685
