0 0.2535 0.14186369958275383 0.107 0.11961057023643949
0 0.401 0.11404728789986092 0.07 0.14464534075104313
0 0.534 0.16828929068150209 0.078 0.12795549374130738
0 0.936 0.34144645340751045 0.042 0.06258692628650904
0 0.818 0.35048678720445064 0.042 0.07510431154381085
0 0.6265 0.41237830319888735 0.035 0.06536856745479833
0 0.701 0.30180806675938804 0.034 0.055632823365785816
0 0.768 0.3094575799721836 0.038 0.06815020862308763
0 0.868 0.27746870653685674 0.036 0.059805285118219746
0 0.933 0.22948539638386647 0.042 0.06397774687065369
0 0.649 0.2114047287899861 0.04 0.061196105702364396
0 0.741 0.2121001390820584 0.042 0.07093184979137691
0 0.6015 0.2851182197496523 0.037 0.06397774687065369
0 0.584 0.2211404728789986 0.03 0.0584144645340751
0 0.6365 0.1411682892906815 0.037 0.06258692628650904
0 0.051 0.11196105702364395 0.032 0.05702364394993046
0 0.118 0.1258692628650904 0.028 0.048678720445062586
0 0.0835 0.33936022253129344 0.039 0.06675938803894298
0 0.1815 0.34005563282336576 0.037 0.06815020862308763
0 0.139 0.21905424200278165 0.03 0.06536856745479833
0 0.1375 0.17454798331015298 0.033 0.054242002781641166
0 0.0745 0.2301808066759388 0.039 0.06536856745479833
0 0.0605 0.2816411682892907 0.037 0.06258692628650904
0 0.8365 0.21835883171070933 0.043 0.06397774687065369
0 0.6 0.12169680111265646 0.032 0.06258692628650904
0 0.709 0.16828929068150209 0.036 0.06397774687065369
0 0.694 0.10848400556328233 0.038 0.055632823365785816
0 0.757 0.03824756606397774 0.036 0.06536856745479833
0 0.8145 0.10361613351877608 0.035 0.06258692628650904
0 0.875 0.09596662030598054 0.038 0.06954102920723226
0 0.91 0.1689847009735744 0.036 0.059805285118219746
0 0.971 0.10222531293463143 0.036 0.06258692628650904
