0 0.007513661202185792 0.5451327433628319 0.02185792349726776 0.03893805309734513
0 0.2581967213114754 0.6123893805309735 0.07377049180327869 0.10973451327433628
0 0.5846994535519126 0.8752212389380531 0.18032786885245902 0.25663716814159293
0 0.6314890710382514 0.7676991150442478 0.11407103825136612 0.16017699115044248
0 0.9938524590163934 0.7721238938053098 0.1366120218579235 0.2982300884955752
0 0.6424180327868853 0.5969026548672567 0.05942622950819672 0.09646017699115045
0 0.14617486338797814 0.5805309734513274 0.04644808743169399 0.07256637168141593
0 0.10450819672131148 0.5429203539823009 0.03961748633879782 0.05221238938053097
0 0.13183060109289618 0.5376106194690266 0.028688524590163935 0.04336283185840708
0 0.1909153005464481 0.5464601769911505 0.03210382513661202 0.048672566371681415
0 0.3056693989071038 0.5451327433628319 0.03346994535519126 0.06017699115044248
0 0.4019808743169399 0.5323008849557522 0.029371584699453553 0.046902654867256637
0 0.6130464480874317 0.5323008849557522 0.02663934426229508 0.04336283185840708
0 0.7093579234972678 0.5632743362831858 0.03210382513661202 0.05575221238938053
0 0.6994535519125683 0.5252212389380531 0.028688524590163935 0.048672566371681415
0 0.7694672131147541 0.5070796460176992 0.03210382513661202 0.04601769911504425
0 0.9685792349726776 0.5128318584070797 0.028688524590163935 0.04336283185840708
0 0.02459016393442623 0.513716814159292 0.01912568306010929 0.023893805309734513
0 0.08060109289617487 0.5238938053097345 0.0273224043715847 0.035398230088495575
0 0.36919398907103823 0.5300884955752212 0.02663934426229508 0.035398230088495575
0 0.8773907103825137 0.5681415929203539 0.029371584699453553 0.047787610619469026
