0 0.02923076923076923 0.625 0.018461538461538463 0.032426778242677826
0 0.1523076923076923 0.6182008368200836 0.015384615384615385 0.01882845188284519
0 0.18115384615384617 0.6281380753138075 0.019230769230769232 0.02615062761506276
0 0.21346153846153845 0.6689330543933054 0.013076923076923076 0.021966527196652718
0 0.2353846153846154 0.6621338912133892 0.015384615384615385 0.02510460251046025
0 0.22846153846153847 0.6213389121338913 0.015384615384615385 0.027196652719665274
0 0.2723076923076923 0.62081589958159 0.018461538461538463 0.028242677824267783
0 0.28307692307692306 0.6234309623430963 0.013846153846153847 0.02301255230125523
0 0.3280769230769231 0.6040794979079498 0.014615384615384615 0.02405857740585774
0 0.3403846153846154 0.6019874476987448 0.016153846153846154 0.02405857740585774
0 0.38269230769230766 0.5910041841004184 0.019230769230769232 0.029288702928870293
0 0.4053846153846154 0.5941422594142259 0.018461538461538463 0.029288702928870293
0 0.43115384615384617 0.608786610878661 0.026923076923076925 0.04184100418410042
0 0.4503846153846154 0.6019874476987448 0.022307692307692306 0.04288702928870293
0 0.48384615384615387 0.622907949790795 0.021538461538461538 0.034518828451882845
0 0.4980769230769231 0.5967573221757322 0.019230769230769232 0.028242677824267783
0 0.5738461538461539 0.6192468619246861 0.023076923076923078 0.03556485355648536
0 0.6323076923076923 0.5946652719665272 0.016923076923076923 0.02405857740585774
0 0.671923076923077 0.6098326359832636 0.014615384615384615 0.027196652719665274
0 0.7938461538461539 0.5930962343096234 0.007692307692307693 0.014644351464435146
0 0.8269230769230769 0.602510460251046 0.013846153846153847 0.02510460251046025
0 0.8638461538461538 0.5915271966527197 0.015384615384615385 0.02405857740585774
0 0.8361538461538461 0.6124476987447699 0.024615384615384615 0.034518828451882845
0 0.9142307692307692 0.5978033472803347 0.008461538461538461 0.015690376569037656
0 0.9176923076923077 0.5899581589958159 0.007692307692307693 0.014644351464435146
0 0.9265384615384615 0.5873430962343096 0.008461538461538461 0.013598326359832637
0 0.9423076923076923 0.5920502092050209 0.007692307692307693 0.012552301255230125
0 0.9661538461538461 0.6056485355648535 0.010769230769230769 0.016736401673640166
0 0.9969230769230769 0.5821129707112971 0.016923076923076923 0.02405857740585774
0 1.008076923076923 0.7160041841004184 0.040769230769230766 0.07217573221757322
