0 0.06298828125 0.20571010248901903 0.0380859375 0.0746705710102489
0 0.166015625 0.1720351390922401 0.0390625 0.07174231332357248
0 0.30322265625 0.15300146412884333 0.0419921875 0.0746705710102489
0 0.34130859375 0.23572474377745242 0.0400390625 0.07320644216691069
0 0.4111328125 0.15300146412884333 0.03515625 0.048316251830161056
0 0.4189453125 0.3067349926793558 0.04296875 0.09224011713030747
0 0.515625 0.27232796486090777 0.046875 0.07613469985358712
0 0.59619140625 0.22547584187408493 0.0322265625 0.05856515373352855
0 0.68017578125 0.17496339677891654 0.0400390625 0.0629575402635432
0 0.65625 0.26720351390922403 0.0390625 0.06881405563689605
0 0.77587890625 0.2430453879941435 0.0537109375 0.08199121522693997
0 0.5419921875 0.40922401171303074 0.048828125 0.0746705710102489
0 0.64599609375 0.38653001464128844 0.0478515625 0.07320644216691069
0 0.19189453125 0.7027818448023426 0.0498046875 0.09956076134699854
0 0.2666015625 0.7496339677891655 0.052734375 0.10248901903367497
0 0.3369140625 0.554904831625183 0.046875 0.09077598828696926
0 0.4150390625 0.5702781844802343 0.046875 0.0951683748169839
0 0.31005859375 0.45095168374816985 0.0419921875 0.09370424597364568
