0 0.06961538461538462 0.699582027168234 0.005384615384615384 0.009404388714733543
0 0.12307692307692308 0.735632183908046 0.009230769230769232 0.01671891327063741
0 0.21884615384615386 0.7371995820271683 0.011538461538461539 0.019853709508881923
0 0.34307692307692306 0.7471264367816092 0.016923076923076923 0.025078369905956112
0 0.4276923076923077 0.8510971786833855 0.03538461538461538 0.05956112852664577
0 0.5623076923076923 0.8730407523510971 0.038461538461538464 0.05747126436781609
0 0.49846153846153846 0.7466039707419018 0.010769230769230769 0.01567398119122257
0 0.5388461538461539 0.7392894461859979 0.013076923076923076 0.019853709508881923
0 0.5765384615384616 0.7763845350052246 0.023846153846153847 0.04179728317659352
0 0.6030769230769231 0.776907001044932 0.021538461538461538 0.04493207941483804
0 0.6023076923076923 0.7821316614420063 0.021538461538461538 0.030303030303030304
0 0.6469230769230769 0.8108672936259144 0.023076923076923078 0.0438871473354232
0 0.6838461538461539 0.7988505747126436 0.023076923076923078 0.04075235109717868
0 0.9203846153846154 0.735632183908046 0.013076923076923076 0.022988505747126436
0 0.9830769230769231 0.7429467084639498 0.015384615384615385 0.025078369905956112
0 0.9157692307692308 0.722048066875653 0.006923076923076923 0.008359456635318705
0 0.9711538461538461 0.7178683385579937 0.006923076923076923 0.008359456635318705
0 0.3973076923076923 0.49007314524555906 0.005384615384615384 0.008359456635318705
0 0.40192307692307694 0.4832810867293626 0.005384615384615384 0.009404388714733543
0 0.4203846153846154 0.48693834900731453 0.005384615384615384 0.008359456635318705
0 0.42653846153846153 0.4885057471264368 0.005384615384615384 0.009404388714733543
0 0.43153846153846154 0.493730407523511 0.006153846153846154 0.0073145245559038665
0 0.44884615384615384 0.4895506792058516 0.006923076923076923 0.0073145245559038665
0 0.5330769230769231 0.4723092998955068 0.004615384615384616 0.008359456635318705
0 0.5696153846153846 0.47910135841170326 0.006923076923076923 0.009404388714733543
0 0.5876923076923077 0.48746081504702193 0.006153846153846154 0.009404388714733543
0 0.6026923076923076 0.49738766980146293 0.005384615384615384 0.008359456635318705
0 0.7023076923076923 0.7497387669801463 0.007692307692307693 0.013584117032392894
