0 0.12411347517730496 0.4351063829787234 0.06666666666666667 0.11702127659574468
0 0.24468085106382978 0.5946808510638298 0.075177304964539 0.13829787234042554
0 0.43120567375886526 0.6148936170212767 0.07375886524822695 0.13617021276595745
0 0.20070921985815604 0.34361702127659577 0.06382978723404255 0.12127659574468085
0 0.3283687943262411 0.3797872340425532 0.06099290780141844 0.1127659574468085
0 0.3177304964539007 0.4574468085106383 0.06808510638297872 0.12340425531914893
0 0.4695035460992908 0.4925531914893617 0.059574468085106386 0.1127659574468085
0 0.5666666666666667 0.4031914893617021 0.06099290780141844 0.1
0 0.6361702127659574 0.6414893617021277 0.05531914893617021 0.11702127659574468
0 0.6021276595744681 0.30638297872340425 0.05815602836879433 0.11063829787234042
0 0.7063829787234043 0.45851063829787236 0.06524822695035461 0.11702127659574468
0 0.7170212765957447 0.324468085106383 0.06099290780141844 0.11702127659574468
0 0.800709219858156 0.44148936170212766 0.05531914893617021 0.10425531914893617
0 0.9191489361702128 0.5255319148936171 0.06524822695035461 0.09787234042553192
