0 0.908 0.44677661169415295 0.038 0.06896551724137931
0 0.8135 0.3230884557721139 0.031 0.05247376311844078
0 0.6975 0.4235382308845577 0.033 0.06446776611694154
0 0.5555 0.4280359820089955 0.033 0.05847076461769116
0 0.4245 0.4302848575712144 0.033 0.06296851574212893
0 0.284 0.44752623688155924 0.036 0.06146926536731634
0 0.1585 0.46776611694152925 0.037 0.06596701649175413
0 0.0735 0.3103448275862069 0.035 0.06296851574212893
0 0.714 0.3073463268365817 0.03 0.05997001499250375
0 0.624 0.30434782608695654 0.03 0.05997001499250375
0 0.541 0.31259370314842577 0.028 0.05547226386806597
0 0.4735 0.2863568215892054 0.029 0.053973013493253376
0 0.395 0.29910044977511246 0.03 0.049475262368815595
0 0.314 0.3103448275862069 0.03 0.053973013493253376
0 0.2445 0.3020989505247376 0.031 0.05547226386806597
0 0.1825 0.30359820089955025 0.031 0.06146926536731634
