0 0.378 0.5809595202398801 0.02 0.02848575712143928
0 0.3505 0.5914542728635682 0.021 0.034482758620689655
0 0.305 0.5727136431784108 0.022 0.038980509745127435
0 0.4015 0.5847076461769115 0.017 0.03298350824587706
0 0.278 0.5742128935532234 0.03 0.050974512743628186
0 0.3245 0.5982008995502249 0.033 0.047976011994003
0 0.2555 0.5689655172413793 0.029 0.046476761619190406
0 0.1935 0.5502248875562219 0.047 0.05997001499250375
0 0.1515 0.5802098950524738 0.031 0.050974512743628186
0 0.1065 0.5464767616191905 0.035 0.06146926536731634
0 0.029 0.5704647676161919 0.038 0.05847076461769116
0 0.057 0.5757121439280359 0.046 0.06896551724137931
0 0.5925 0.5719640179910045 0.021 0.04047976011994003
0 0.563 0.5637181409295352 0.032 0.053973013493253376
0 0.5675 0.5952023988005997 0.029 0.050974512743628186
0 0.6235 0.5779610194902549 0.029 0.06146926536731634
0 0.645 0.5637181409295352 0.046 0.09295352323838081
0 0.7825 0.5757121439280359 0.031 0.053973013493253376
0 0.7805 0.5749625187406296 0.031 0.06146926536731634
0 0.799 0.5922038980509745 0.032 0.05697151424287856
0 0.7105 0.5494752623688156 0.047 0.08845577211394302
0 0.692 0.5562218890554723 0.052 0.095952023988006
0 0.893 0.5704647676161919 0.024 0.034482758620689655
0 0.8895 0.6101949025487257 0.033 0.06596701649175413
0 0.939 0.5569715142428786 0.064 0.1184407796101949
0 1.016 0.5397301349325337 0.076 0.1409295352323838
0 0.5 0.5592203898050975 0.056 0.10794602698650675
0 0.495 0.5179910044977512 0.048 0.06746626686656672
