0 0.12461538461538461 0.4856759176365264 0.03076923076923077 0.04028648164726947
0 0.16307692307692306 0.4619516562220233 0.015384615384615385 0.017905102954341987
0 0.15269230769230768 0.45165622202327665 0.01 0.011638316920322292
0 0.18615384615384614 0.45344673231871085 0.012307692307692308 0.01342882721575649
0 0.18807692307692309 0.44628469113697405 0.011538461538461539 0.01342882721575649
0 0.20576923076923076 0.4521038495971352 0.01 0.01432408236347359
0 0.5603846153846154 0.4919427036705461 0.040769230769230766 0.05461056401074306
0 0.6365384615384615 0.4740376007162041 0.03769230769230769 0.05461056401074306
0 0.7323076923076923 0.4704565801253357 0.04153846153846154 0.05998209489704566
0 0.8203846153846154 0.5349149507609668 0.03923076923076923 0.049239033124440466
0 0.8011538461538461 0.4422560429722471 0.022307692307692306 0.03222918531781558
0 0.5261538461538462 0.4529991047448523 0.009230769230769232 0.025067144136078783
0 0.5365384615384615 0.4395702775290958 0.005384615384615384 0.005371530886302597
0 0.5438461538461539 0.4485228290062668 0.012307692307692308 0.03043867502238138
0 0.5996153846153847 0.44807520143240825 0.008461538461538461 0.025962399283795883
0 0.6065384615384616 0.4485228290062668 0.008461538461538461 0.023276633840644583
0 0.7580769230769231 0.4601611459265891 0.01769230769230769 0.025067144136078783
