0 0.9416666666666667 0.8947368421052632 0.10416666666666667 0.16408668730650156
0 0.8239583333333333 0.8204334365325078 0.020833333333333332 0.04024767801857585
0 0.7432291666666667 0.7848297213622291 0.019791666666666666 0.030959752321981424
0 0.7130208333333333 0.7523219814241486 0.017708333333333333 0.02786377708978328
0 0.6052083333333333 0.7151702786377709 0.014583333333333334 0.021671826625386997
0 0.5557291666666667 0.718266253869969 0.013541666666666667 0.018575851393188854
0 0.5666666666666667 0.7190402476780186 0.008333333333333333 0.01393188854489164
0 0.5296875 0.7012383900928792 0.011458333333333333 0.01238390092879257
0 0.5510416666666667 0.705108359133127 0.008333333333333333 0.01393188854489164
0 0.5442708333333334 0.7414860681114551 0.015625 0.0804953560371517
0 0.5145833333333333 0.6981424148606811 0.008333333333333333 0.01238390092879257
0 0.5052083333333334 0.7445820433436533 0.020833333333333332 0.03715170278637771
0 0.48802083333333335 0.7267801857585139 0.007291666666666667 0.010835913312693499
0 0.475 0.728328173374613 0.008333333333333333 0.01393188854489164
0 0.44635416666666666 0.7097523219814241 0.021875 0.032507739938080496
0 0.465625 0.6927244582043344 0.0125 0.02321981424148607
0 0.4510416666666667 0.6547987616099071 0.010416666666666666 0.015479876160990712
0 0.38177083333333334 0.7198142414860681 0.030208333333333334 0.04953560371517028
0 0.38177083333333334 0.7639318885448917 0.021875 0.032507739938080496
0 0.4041666666666667 0.7151702786377709 0.016666666666666666 0.02786377708978328
0 0.42083333333333334 0.7113003095975232 0.00625 0.010835913312693499
0 0.36041666666666666 0.7383900928792569 0.0125 0.04643962848297214
0 0.353125 0.7198142414860681 0.00625 0.009287925696594427
0 0.3463541666666667 0.7151702786377709 0.007291666666666667 0.01238390092879257
0 0.3307291666666667 0.7143962848297214 0.007291666666666667 0.010835913312693499
0 0.30364583333333334 0.6927244582043344 0.011458333333333333 0.020123839009287926
0 0.36822916666666666 0.728328173374613 0.013541666666666667 0.06346749226006192
0 0.31302083333333336 0.6919504643962848 0.009375 0.015479876160990712
0 0.17395833333333333 0.81656346749226 0.035416666666666666 0.05108359133126935
0 0.2484375 0.7174922600619195 0.009375 0.01393188854489164
0 0.25729166666666664 0.6996904024767802 0.008333333333333333 0.01238390092879257
0 0.240625 0.7151702786377709 0.010416666666666666 0.015479876160990712
0 0.228125 0.7128482972136223 0.008333333333333333 0.01393188854489164
0 0.18020833333333333 0.7515479876160991 0.008333333333333333 0.01393188854489164
0 0.16614583333333333 0.7167182662538699 0.009375 0.015479876160990712
0 0.13072916666666667 0.7275541795665634 0.017708333333333333 0.02786377708978328
0 0.11197916666666667 0.7515479876160991 0.015625 0.02631578947368421
0 0.13802083333333334 0.7252321981424149 0.009375 0.020123839009287926
0 0.10520833333333333 0.739938080495356 0.0125 0.018575851393188854
0 0.09895833333333333 0.7747678018575851 0.0375 0.12848297213622292
0 0.10677083333333333 0.7407120743034056 0.011458333333333333 0.020123839009287926
0 0.035416666666666666 0.760061919504644 0.0125 0.018575851393188854
0 0.021354166666666667 0.760061919504644 0.009375 0.015479876160990712
