0 0.028636363636363637 0.31768707482993197 0.057272727272727274 0.09387755102040816
0 0.053409090909090906 0.5149659863945578 0.014090909090909091 0.02857142857142857
0 0.14931818181818182 0.4370748299319728 0.085 0.154421768707483
0 0.7281818181818182 0.376530612244898 0.1690909090909091 0.2673469387755102
0 0.5431818181818182 0.46802721088435373 0.053636363636363635 0.09115646258503401
0 0.19113636363636363 0.5183673469387755 0.018636363636363635 0.02857142857142857
0 0.25977272727272727 0.43299319727891156 0.02590909090909091 0.04693877551020408
0 0.39590909090909093 0.5027210884353741 0.007272727272727273 0.012244897959183673
0 0.4156818181818182 0.5306122448979592 0.007727272727272728 0.0163265306122449
0 0.4434090909090909 0.4666666666666667 0.026818181818181817 0.050340136054421766
0 0.7711363636363636 0.4530612244897959 0.060454545454545455 0.09523809523809523
0 0.9318181818181818 0.44727891156462585 0.016363636363636365 0.025170068027210883
0 0.18840909090909091 0.5108843537414965 0.007727272727272728 0.012244897959183673
