0 0.9740625 0.5166666666666667 0.008125 0.017777777777777778
0 0.984375 0.51 0.005 0.011111111111111112
0 0.9475 0.5216666666666666 0.00875 0.016666666666666666
0 0.9153125 0.5177777777777778 0.006875 0.013333333333333334
0 0.8865625 0.5177777777777778 0.006875 0.013333333333333334
0 0.829375 0.5088888888888888 0.00875 0.017777777777777778
0 0.8053125 0.5661111111111111 0.028125 0.06333333333333334
0 0.758125 0.5661111111111111 0.03 0.06333333333333334
0 0.73125 0.5605555555555556 0.0275 0.06111111111111111
0 0.658125 0.49277777777777776 0.0275 0.06333333333333334
0 0.5571875 0.48333333333333334 0.021875 0.05333333333333334
0 0.5821875 0.4711111111111111 0.021875 0.051111111111111114
0 0.6159375 0.5883333333333334 0.015625 0.043333333333333335
0 0.6290625 0.5427777777777778 0.015625 0.03666666666666667
0 0.52125 0.5272222222222223 0.01625 0.03666666666666667
0 0.69 0.5377777777777778 0.025 0.06
0 0.704375 0.5433333333333333 0.0225 0.051111111111111114
0 0.7165625 0.5183333333333333 0.016875 0.034444444444444444
0 0.7384375 0.5372222222222223 0.021875 0.03666666666666667
0 0.811875 0.505 0.00375 0.0077777777777777776
0 0.7978125 0.5116666666666667 0.005625 0.012222222222222223
0 0.8015625 0.5072222222222222 0.004375 0.0077777777777777776
0 0.781875 0.5005555555555555 0.00375 0.0077777777777777776
0 0.7875 0.5133333333333333 0.00625 0.011111111111111112
0 0.7659375 0.5027777777777778 0.003125 0.0077777777777777776
0 0.759375 0.5216666666666666 0.01125 0.05
0 0.73375 0.525 0.0125 0.056666666666666664
0 0.7415625 0.5088888888888888 0.008125 0.015555555555555555
0 0.64375 0.5066666666666667 0.01125 0.024444444444444446
0 0.5990625 0.5405555555555556 0.014375 0.03222222222222222
0 0.6021875 0.5222222222222223 0.011875 0.022222222222222223
0 0.4828125 0.5083333333333333 0.011875 0.021111111111111112
0 0.44125 0.5294444444444445 0.0125 0.023333333333333334
0 0.4540625 0.5316666666666666 0.010625 0.023333333333333334
0 0.4409375 0.515 0.011875 0.025555555555555557
0 0.41125 0.525 0.01125 0.023333333333333334
0 0.4028125 0.5127777777777778 0.006875 0.012222222222222223
0 0.335 0.52 0.00875 0.015555555555555555
0 0.38375 0.5138888888888888 0.0075 0.012222222222222223
0 0.391875 0.5061111111111111 0.0075 0.012222222222222223
0 0.431875 0.4816666666666667 0.00625 0.012222222222222223
0 0.4603125 0.4711111111111111 0.005625 0.008888888888888889
0 0.305625 0.5133333333333333 0.01 0.022222222222222223
0 0.29125 0.5133333333333333 0.01 0.024444444444444446
0 0.2571875 0.5038888888888889 0.010625 0.023333333333333334
0 0.2646875 0.5116666666666667 0.011875 0.021111111111111112
0 0.2665625 0.5122222222222222 0.010625 0.02
0 0.2425 0.5166666666666667 0.01 0.022222222222222223
0 0.220625 0.5122222222222222 0.01125 0.02
0 0.1975 0.5122222222222222 0.01 0.017777777777777778
0 0.1696875 0.5005555555555555 0.010625 0.023333333333333334
0 0.184375 0.5294444444444445 0.00875 0.01888888888888889
0 0.1453125 0.5066666666666667 0.009375 0.02
0 0.150625 0.5055555555555555 0.00625 0.013333333333333334
0 0.1625 0.5122222222222222 0.00625 0.013333333333333334
0 0.105625 0.5511111111111111 0.015 0.028888888888888888
0 0.1165625 0.5277777777777778 0.010625 0.022222222222222223
0 0.1246875 0.5122222222222222 0.009375 0.017777777777777778
0 0.1053125 0.5083333333333333 0.010625 0.01888888888888889
0 0.0984375 0.5 0.004375 0.008888888888888889
0 0.0825 0.5272222222222223 0.0125 0.025555555555555557
0 0.0453125 0.5316666666666666 0.014375 0.027777777777777776
0 0.016875 0.5083333333333333 0.01125 0.025555555555555557
0 0.015625 0.5005555555555555 0.01375 0.021111111111111112
0 0.0559375 0.5127777777777778 0.010625 0.01888888888888889
0 0.0503125 0.5105555555555555 0.009375 0.01888888888888889
0 0.07625 0.5077777777777778 0.00625 0.011111111111111112
0 0.065625 0.5305555555555556 0.01125 0.023333333333333334
0 0.3140625 0.5172222222222222 0.008125 0.016666666666666666
0 0.78 0.5677777777777778 0.025 0.057777777777777775
