0 0.15456282847587197 0.5917838638045891 0.0482560917343526 0.09548482605477424
0 0.3569039655996178 0.5758697261287935 0.04586717630195891 0.09622501850481126
0 0.5074056378404205 0.5692079940784603 0.04586717630195891 0.09770540340488527
0 0.7114190157668419 0.5832716506291635 0.046822742474916385 0.08882309400444116
0 0.9044433827042523 0.5910436713545522 0.049689440993788817 0.09400444115470022
0 0.8867654085045389 0.4204293116210215 0.04300047778308648 0.09326424870466321
0 0.7221691352126135 0.41894892672094747 0.043478260869565216 0.07846039970392302
0 0.568561872909699 0.4326424870466321 0.042044911610129 0.07031828275351591
0 0.45914954610606784 0.4496669133974833 0.04586717630195891 0.08364174685418209
0 0.3198757763975155 0.4341228719467061 0.042522694696607743 0.08364174685418209
0 0.1853798375537506 0.41931902294596596 0.04491161012900143 0.08660251665433012
0 0.26899187768752986 0.30495928941524797 0.04013377926421405 0.07253886010362694
0 0.4135212613473483 0.32568467801628426 0.03965599617773531 0.07401924500370097
0 0.5475394171046345 0.32605477424130275 0.03917821309125657 0.07327905255366396
0 0.6796464405160058 0.31717246484085865 0.03870043000477783 0.0688378978534419
0 0.8033922599139991 0.31791265729089563 0.041567128523650264 0.07623982235381199
