0 0.03369565217391304 0.4535073409461664 0.08478260869565217 0.1631321370309951
0 0.14728260869565218 0.3809135399673736 0.07717391304347826 0.13866231647634583
0 0.225 0.4706362153344209 0.03695652173913044 0.0636215334420881
0 0.33260869565217394 0.45024469820554647 0.0391304347826087 0.06851549755301795
0 0.4081521739130435 0.398858075040783 0.03369565217391304 0.05057096247960848
0 0.4467391304347826 0.4371941272430669 0.04565217391304348 0.09787928221859707
0 0.5244565217391305 0.45106035889070145 0.042391304347826085 0.0734094616639478
0 0.5777173913043478 0.45921696574225124 0.04673913043478261 0.0734094616639478
0 0.6657608695652174 0.38825448613376834 0.059782608695652176 0.11745513866231648
0 0.8146739130434782 0.2707993474714519 0.11630434782608695 0.16965742251223492
0 0.29782608695652174 0.4632952691680261 0.02391304347826087 0.04241435562805873
