0 0.5125 0.27832512315270935 0.040625 0.07881773399014778
0 0.546875 0.35591133004926107 0.040625 0.0812807881773399
0 0.61484375 0.3263546798029557 0.0421875 0.07142857142857142
0 0.5828125 0.33251231527093594 0.0375 0.06403940886699508
0 0.62890625 0.41625615763546797 0.0421875 0.09359605911330049
0 0.72578125 0.4211822660098522 0.0421875 0.07881773399014778
0 0.68984375 0.37192118226600984 0.0421875 0.06403940886699508
0 0.74140625 0.31157635467980294 0.0421875 0.09113300492610837
0 0.7640625 0.3669950738916256 0.05625 0.07389162561576355
0 0.81640625 0.3669950738916256 0.0421875 0.07389162561576355
0 0.92109375 0.3669950738916256 0.0484375 0.09852216748768473
0 0.8328125 0.29926108374384236 0.046875 0.09113300492610837
