0 0.11248527679623085 0.2867256637168142 0.06949352179034157 0.1168141592920354
0 0.15429917550058891 0.2097345132743363 0.06595995288574794 0.11504424778761062
0 0.26089517078916374 0.37787610619469025 0.027090694935217905 0.05132743362831858
0 0.29740871613663133 0.4026548672566372 0.027090694935217905 0.047787610619469026
0 0.34393404004711425 0.40353982300884955 0.023557126030624265 0.03893805309734513
0 0.38103651354534745 0.3991150442477876 0.020023557126030624 0.033628318584070796
0 0.39045936395759717 0.27699115044247785 0.0176678445229682 0.03008849557522124
0 0.46054181389870436 0.34690265486725663 0.04240282685512368 0.20530973451327433
0 0.42343934040047115 0.2920353982300885 0.02944640753828033 0.06017699115044248
0 0.4587750294464075 0.33008849557522124 0.03415783274440518 0.04424778761061947
0 0.4917550058892815 0.40353982300884955 0.04122497055359246 0.07787610619469026
0 0.5712603062426383 0.3991150442477876 0.03297997644287397 0.0584070796460177
0 0.6702002355712603 0.26194690265486725 0.061248527679623084 0.08141592920353982
0 0.7273262661955241 0.3123893805309734 0.024734982332155476 0.04070796460176991
0 0.7832744405182568 0.1920353982300885 0.061248527679623084 0.10442477876106195
0 0.8786808009422851 0.32123893805309733 0.0353356890459364 0.0584070796460177
0 0.9387514723203769 0.28761061946902655 0.04946996466431095 0.06548672566371681
