0 0.1395 0.39205397301349326 0.047 0.09745127436281859
0 0.288 0.38455772113943026 0.048 0.09745127436281859
0 0.3835 0.3410794602698651 0.049 0.0944527736131934
0 0.434 0.3875562218890555 0.05 0.10044977511244378
0 0.5195 0.36731634182908546 0.045 0.09295352323838081
0 0.633 0.44302848575712145 0.048 0.08845577211394302
0 0.603 0.3403298350824588 0.05 0.08695652173913043
0 0.7565 0.4370314842578711 0.049 0.0944527736131934
0 0.73 0.39355322338830584 0.056 0.09145427286356822
0 0.8505 0.431784107946027 0.049 0.08395802098950525
0 0.897 0.3605697151424288 0.044 0.08845577211394302
