0 0.124765478424015 0.12875 0.06566604127579738 0.1075
0 0.20075046904315197 0.114375 0.058161350844277676 0.08875
0 0.29362101313320826 0.13625 0.05065666041275797 0.0825
0 0.38414634146341464 0.253125 0.04784240150093809 0.08125
0 0.3649155722326454 0.18375 0.043151969981238276 0.08
0 0.4437148217636023 0.169375 0.043151969981238276 0.08375
0 0.4873358348968105 0.173125 0.051594746716697934 0.08625
0 0.5590994371482176 0.141875 0.0525328330206379 0.09625
0 0.6336772983114447 0.115 0.06285178236397748 0.095
0 0.6613508442776735 0.176875 0.06191369606003752 0.10875
0 0.7148217636022514 0.2675 0.06941838649155722 0.1075
0 0.8072232645403377 0.3075 0.09287054409005628 0.145
0 0.924015009380863 0.376875 0.09568480300187618 0.15625
0 0.9873358348968105 0.520625 0.07786116322701689 0.15375
0 0.699343339587242 0.388125 0.07598499061913697 0.13375
0 0.04878048780487805 0.444375 0.06566604127579738 0.10875
0 0.15150093808630394 0.45375 0.06848030018761726 0.1125
0 0.21904315196998123 0.444375 0.06660412757973734 0.11125
0 0.4104127579737336 0.434375 0.0647279549718574 0.09625
0 0.3475609756097561 0.473125 0.05722326454033771 0.09875
0 0.5633208255159474 0.495625 0.055347091932457786 0.09625
0 0.6116322701688556 0.539375 0.058161350844277676 0.09625
0 0.3433395872420263 0.573125 0.0600375234521576 0.09625
0 0.4272983114446529 0.604375 0.06660412757973734 0.10875
0 0.5056285178236398 0.62375 0.06566604127579738 0.11
0 0.5952157598499062 0.635625 0.0647279549718574 0.11375
0 0.6810506566604128 0.67375 0.08442776735459662 0.1475
0 0.8316135084427767 0.6475 0.09662288930581614 0.1725
0 0.28424015009380865 0.656875 0.07879924953095685 0.12625
0 0.43151969981238275 0.70875 0.07317073170731707 0.1325
0 0.325046904315197 0.77 0.08911819887429644 0.13
0 0.0877110694183865 0.825625 0.10787992495309569 0.17125
0 0.31848030018761725 0.90375 0.09662288930581614 0.16
0 0.48874296435272047 0.908125 0.0900562851782364 0.14625
0 0.5539399624765479 0.85625 0.08348968105065666 0.1525
0 0.04878048780487805 0.6 0.07129455909943715 0.12
