0 0.18388888888888888 0.3566666666666667 0.07 0.13666666666666666
0 0.23722222222222222 0.37916666666666665 0.06111111111111111 0.115
0 0.33666666666666667 0.33166666666666667 0.06444444444444444 0.12666666666666668
0 0.4216666666666667 0.3325 0.052222222222222225 0.08833333333333333
0 0.4722222222222222 0.26166666666666666 0.04888888888888889 0.1
0 0.5044444444444445 0.3283333333333333 0.051111111111111114 0.1
0 0.5505555555555556 0.25416666666666665 0.04777777777777778 0.075
0 0.56 0.31916666666666665 0.05333333333333334 0.09166666666666666
0 0.6133333333333333 0.30583333333333335 0.051111111111111114 0.08833333333333333
0 0.6661111111111111 0.31833333333333336 0.04777777777777778 0.09666666666666666
0 0.7616666666666667 0.345 0.04555555555555556 0.09333333333333334
0 0.8661111111111112 0.265 0.06111111111111111 0.09
0 1.0394444444444444 0.2941666666666667 0.05 0.07833333333333334
0 0.6683333333333333 0.6066666666666667 0.06333333333333334 0.11
0 0.5511111111111111 0.6691666666666667 0.051111111111111114 0.095
0 0.45166666666666666 0.5183333333333333 0.05444444444444444 0.1
