0 0.7888888888888889 0.554 0.07555555555555556 0.164
0 0.8994444444444445 0.358 0.06777777777777778 0.132
0 0.6472222222222223 0.467 0.07 0.166
0 0.7433333333333333 0.332 0.07111111111111111 0.152
0 0.61 0.27 0.06444444444444444 0.164
0 0.5411111111111111 0.592 0.057777777777777775 0.124
0 0.4161111111111111 0.444 0.06333333333333334 0.136
0 0.33555555555555555 0.475 0.07333333333333333 0.154
0 0.20777777777777778 0.547 0.06444444444444444 0.162
0 0.13111111111111112 0.5 0.08666666666666667 0.16
0 0.35777777777777775 0.294 0.07555555555555556 0.172
0 0.45944444444444443 0.144 0.058888888888888886 0.148
