0 0.8533783783783784 0.2322654462242563 0.07432432432432433 0.13958810068649885
0 0.5506756756756757 0.2242562929061785 0.07972972972972973 0.14645308924485126
0 0.3162162162162162 0.2906178489702517 0.07297297297297298 0.12814645308924486
0 0.10135135135135136 0.32265446224256294 0.06486486486486487 0.11441647597254005
0 0.7216216216216216 0.4462242562929062 0.05945945945945946 0.11899313501144165
0 0.4060810810810811 0.5205949656750573 0.03918918918918919 0.08466819221967964
0 0.17567567567567569 0.5217391304347826 0.04054054054054054 0.09153318077803203
0 0.18243243243243243 0.2334096109839817 0.02972972972972973 0.059496567505720827
0 0.006756756756756757 0.32723112128146453 0.032432432432432434 0.07780320366132723
0 0.15878378378378377 0.34096109839816935 0.031081081081081083 0.06407322654462243
0 0.8391891891891892 0.041189931350114416 0.02972972972972973 0.041189931350114416
0 0.3939189189189189 0.3890160183066362 0.031081081081081083 0.07322654462242563
0 0.5851351351351352 0.45423340961098396 0.04864864864864865 0.09382151029748284
0 0.9898648648648649 0.7299771167048055 0.11486486486486487 0.6453089244851259
0 0.2222972972972973 0.4919908466819222 0.03918918918918919 0.07322654462242563
0 0.7162162162162162 0.45308924485125857 0.04054054054054054 0.09610983981693363
