0 -0.01485655737704918 0.2262323943661972 0.04815573770491803 0.11091549295774648
0 0.0430327868852459 0.23943661971830985 0.0471311475409836 0.11619718309859155
0 0.060450819672131145 0.2834507042253521 0.036885245901639344 0.08098591549295775
0 0.08145491803278689 0.21919014084507044 0.060450819672131145 0.11091549295774648
0 0.18084016393442623 0.27816901408450706 0.05430327868852459 0.11267605633802817
0 0.26639344262295084 0.3125 0.05122950819672131 0.11091549295774648
0 0.33094262295081966 0.26848591549295775 0.0471311475409836 0.10035211267605634
0 0.4031762295081967 0.12588028169014084 0.04815573770491803 0.10387323943661972
0 0.4574795081967213 0.16109154929577466 0.039959016393442626 0.07922535211267606
0 0.5015368852459017 0.19102112676056338 0.04610655737704918 0.08626760563380281
0 0.5650614754098361 0.19454225352112675 0.04405737704918033 0.09330985915492958
0 0.39959016393442626 0.30369718309859156 0.05122950819672131 0.1073943661971831
0 0.35450819672131145 0.5448943661971831 0.05942622950819672 0.125
0 0.45543032786885246 0.34507042253521125 0.050204918032786885 0.09507042253521127
0 0.5476434426229508 0.39436619718309857 0.042008196721311473 0.09154929577464789
0 0.5917008196721312 0.3882042253521127 0.04610655737704918 0.09330985915492958
0 0.6337090163934426 0.3362676056338028 0.04405737704918033 0.09859154929577464
0 0.6808401639344263 0.5387323943661971 0.05430327868852459 0.11619718309859155
0 0.7581967213114754 0.2966549295774648 0.0471311475409836 0.11443661971830986
0 0.7587090163934426 0.3001760563380282 0.04815573770491803 0.1073943661971831
0 0.8534836065573771 0.27024647887323944 0.04918032786885246 0.1073943661971831
0 0.9339139344262295 0.34507042253521125 0.039959016393442626 0.07746478873239436
0 0.9912909836065574 0.30809859154929575 0.035860655737704916 0.09154929577464789
0 1.0015368852459017 0.32922535211267606 0.04610655737704918 0.08098591549295775
