0 0.18408203125 0.19574780058651026 0.0478515625 0.08944281524926687
0 0.32763671875 0.3563049853372434 0.0556640625 0.11143695014662756
0 0.31201171875 0.5058651026392962 0.0576171875 0.11436950146627566
0 0.439453125 0.5762463343108505 0.06640625 0.12903225806451613
0 0.57470703125 0.49266862170087977 0.0615234375 0.12023460410557185
0 0.6513671875 0.37023460410557185 0.052734375 0.10997067448680352
0 0.4697265625 0.31158357771260997 0.046875 0.09237536656891496
0 0.294921875 0.16862170087976538 0.044921875 0.07917888563049853
0 0.369140625 0.20674486803519063 0.048828125 0.08504398826979472
0 0.470703125 0.14149560117302054 0.046875 0.08651026392961877
0 0.5263671875 0.2287390029325513 0.046875 0.08797653958944282
0 0.63134765625 0.18255131964809385 0.0439453125 0.08651026392961877
0 0.73046875 0.187683284457478 0.048828125 0.08504398826979472
