0 0.9518828451882845 0.24232456140350878 0.0328750747160789 0.08114035087719298
0 0.9228930065750149 0.28289473684210525 0.03586371787208607 0.08552631578947369
0 0.8389121338912134 0.26644736842105265 0.028093245666467422 0.05921052631578947
0 0.85415421398685 0.39089912280701755 0.04303646144650329 0.08662280701754387
0 0.7023311416616856 0.20942982456140352 0.03347280334728033 0.07894736842105263
0 0.7836222355050807 0.2911184210526316 0.03347280334728033 0.0800438596491228
0 0.733711894799761 0.3755482456140351 0.03765690376569038 0.08223684210526316
0 0.6607890017931859 0.32894736842105265 0.030484160191273164 0.08333333333333333
0 0.5932456664674238 0.23958333333333334 0.025702331141661684 0.0668859649122807
0 0.6306037059175135 0.3848684210526316 0.03945008965929468 0.08771929824561403
0 0.5537955768081291 0.28015350877192985 0.038852361028093245 0.09100877192982457
0 0.4829647340107591 0.24342105263157895 0.023909145248057383 0.07017543859649122
0 0.5239091452480574 0.38596491228070173 0.03646144650328751 0.09210526315789473
0 0.4456066945606695 0.3207236842105263 0.04004781829049611 0.08223684210526316
0 0.3598326359832636 0.20833333333333334 0.029886431560071727 0.07456140350877193
0 0.3980872683801554 0.3843201754385965 0.03586371787208607 0.09539473684210527
0 0.33831440526001194 0.27028508771929827 0.03945008965929468 0.09100877192982457
0 0.29139270771069936 0.4144736842105263 0.042438732815301854 0.09649122807017543
0 0.1972504482964734 0.2850877192982456 0.03945008965929468 0.09210526315789473
0 0.2130902570233114 0.23464912280701755 0.0328750747160789 0.07894736842105263
0 0.25881649731022116 0.2894736842105263 0.03586371787208607 0.08552631578947369
0 0.06126718469814704 0.18695175438596492 0.03646144650328751 0.08223684210526316
