0 0.7770833333333333 0.5756944444444444 0.07708333333333334 0.13194444444444445
0 0.8473958333333333 0.3611111111111111 0.065625 0.12777777777777777
0 0.6578125 0.5458333333333333 0.06979166666666667 0.11666666666666667
0 0.671875 0.3680555555555556 0.07708333333333334 0.09722222222222222
0 0.49322916666666666 0.4895833333333333 0.08229166666666667 0.1486111111111111
0 0.33541666666666664 0.5958333333333333 0.07083333333333333 0.12222222222222222
0 0.15104166666666666 0.5409722222222222 0.08125 0.1375
0 0.3020833333333333 0.25625 0.06875 0.12361111111111112
0 0.3546875 0.23819444444444443 0.06145833333333333 0.10138888888888889
0 0.5005208333333333 0.11388888888888889 0.06354166666666666 0.10833333333333334
0 0.5942708333333333 0.16180555555555556 0.059375 0.10138888888888889
