0 0.908203125 0.45354791514264814 0.041015625 0.06291148500365765
0 0.861572265625 0.4590343818580834 0.04248046875 0.06803218727139722
0 0.7939453125 0.5102414045354792 0.0439453125 0.07827359180687637
0 0.713623046875 0.5292611558156547 0.03662109375 0.06656912948061448
0 0.589599609375 0.493050475493782 0.03271484375 0.061448427212874905
0 0.5400390625 0.4846378931967813 0.03125 0.06364301389904901
0 0.481689453125 0.49853694220921724 0.02880859375 0.0548646671543526
0 0.41845703125 0.5036576444769568 0.033203125 0.0592538405267008
0 0.3828125 0.46744696415508413 0.0283203125 0.06291148500365765
0 0.330810546875 0.4864667154352597 0.03173828125 0.055596196049743966
0 0.28759765625 0.5040234089246525 0.0302734375 0.061448427212874905
0 0.212158203125 0.4740307242136064 0.03271484375 0.058522311631309436
0 0.15234375 0.5384052670080468 0.0439453125 0.07168983174835405
0 0.0908203125 0.4429407461594733 0.0458984375 0.06803218727139722
0 0.1396484375 0.42611558156547186 0.041015625 0.06510607168983175
0 0.241943359375 0.43416239941477686 0.03369140625 0.0548646671543526
0 0.2978515625 0.44184345281638626 0.0263671875 0.055596196049743966
0 0.3447265625 0.44330651060716897 0.0283203125 0.0570592538405267
0 0.37255859375 0.41477688368690563 0.0234375 0.04535479151426482
0 0.408447265625 0.4370885149963424 0.03173828125 0.05047549378200439
0 0.450439453125 0.42392099487929774 0.02880859375 0.056327724945135334
0 0.5068359375 0.4286759326993416 0.0244140625 0.05267008046817849
0 0.56103515625 0.4268471104608632 0.029296875 0.05047549378200439
0 0.62744140625 0.4337966349670812 0.029296875 0.058522311631309436
0 0.678466796875 0.45062179956108267 0.03076171875 0.058522311631309436
0 0.744384765625 0.4495245062179956 0.03466796875 0.056327724945135334
0 0.787841796875 0.42757863935625456 0.03466796875 0.056327724945135334
0 0.829833984375 0.4228237015362107 0.03173828125 0.061448427212874905
0 0.854736328125 0.40307242136064375 0.03466796875 0.061448427212874905
0 0.814697265625 0.38368690563277247 0.03369140625 0.053401609363569864
0 0.779296875 0.3902706656912948 0.0302734375 0.04754937820043892
0 0.725341796875 0.4041697147037308 0.02685546875 0.04901243599122165
0 0.705322265625 0.4023408924652524 0.02880859375 0.051207022677395755
0 0.659423828125 0.42574981711777615 0.02783203125 0.05413313825896123
0 0.666015625 0.3858814923189466 0.0244140625 0.04901243599122165
0 0.62744140625 0.3884418434528164 0.02734375 0.05413313825896123
0 0.5849609375 0.3774689100219459 0.0283203125 0.05267008046817849
0 0.5322265625 0.3902706656912948 0.0234375 0.04901243599122165
0 0.510498046875 0.3840526700804682 0.02099609375 0.040965618141916606
0 0.47998046875 0.3968544257498171 0.021484375 0.04754937820043892
0 0.41455078125 0.39429407461594734 0.0234375 0.048280907095830286
0 0.45751953125 0.37820043891733723 0.021484375 0.038039502560351136
0 0.404541015625 0.359912216532553 0.02294921875 0.03950256035113387
0 0.3125 0.4107534747622531 0.0244140625 0.04901243599122165
0 0.35498046875 0.3917337234820775 0.0205078125 0.04462326261887344
0 0.271484375 0.36978785662033653 0.0234375 0.046086320409656184
0 0.252197265625 0.3884418434528164 0.02587890625 0.05267008046817849
0 0.210205078125 0.39246525237746893 0.03369140625 0.05047549378200439
0 0.171630859375 0.3862472567666423 0.03173828125 0.061448427212874905
0 0.31884765625 0.3902706656912948 0.0224609375 0.04316020482809071
0 0.339599609375 0.37856620336503294 0.02294921875 0.04023408924652524
0 0.593017578125 0.29956108266276515 0.00537109375 0.008046817849305048
0 0.66552734375 0.5018288222384785 0.0380859375 0.0570592538405267
