0 0.5555555555555556 0.609 0.044444444444444446 0.106
0 0.4811111111111111 0.614 0.044444444444444446 0.1
0 0.29388888888888887 0.431 0.043333333333333335 0.094
0 0.39666666666666667 0.38 0.042222222222222223 0.088
0 0.5122222222222222 0.381 0.04 0.094
0 0.6305555555555555 0.375 0.03888888888888889 0.086
0 0.7288888888888889 0.425 0.04 0.094
0 0.7605555555555555 0.309 0.03888888888888889 0.09
0 0.6755555555555556 0.291 0.03333333333333333 0.086
0 0.5788888888888889 0.228 0.035555555555555556 0.08
0 0.445 0.25 0.034444444444444444 0.08
0 0.33944444444444444 0.278 0.03666666666666667 0.08
0 0.2577777777777778 0.288 0.035555555555555556 0.08
