0 0.348125 0.6181102362204725 0.05125 0.09011373578302712
0 0.5003125 0.6132983377077865 0.055625 0.08923884514435695
0 0.68625 0.6172353455818023 0.05625 0.09361329833770779
0 0.2675 0.5026246719160105 0.05375 0.08836395450568679
0 0.4228125 0.47550306211723536 0.054375 0.08661417322834646
0 0.589375 0.5048118985126859 0.055 0.0857392825896763
0 0.7475 0.5026246719160105 0.055 0.08486439195100612
0 0.243125 0.3547681539807524 0.05125 0.08661417322834646
0 0.3509375 0.31758530183727035 0.049375 0.0857392825896763
0 0.5025 0.26027996500437445 0.05625 0.09536307961504811
0 0.6521875 0.32720909886264216 0.051875 0.08748906386701662
0 0.7725 0.32677165354330706 0.05375 0.09011373578302712
