0 0.10885416666666667 0.340625 0.042708333333333334 0.065625
0 0.18541666666666667 0.3671875 0.04375 0.071875
0 0.29270833333333335 0.34140625 0.06041666666666667 0.0984375
0 0.4 0.37421875 0.0375 0.0640625
0 0.5265625 0.35625 0.065625 0.096875
0 0.6067708333333334 0.3640625 0.03854166666666667 0.078125
0 0.6921875 0.36796875 0.03854166666666667 0.0703125
0 0.8572916666666667 0.3671875 0.052083333333333336 0.0875
0 0.8822916666666667 0.3671875 0.04375 0.06875
0 1.0395833333333333 0.3734375 0.041666666666666664 0.059375
