0 0.9311538461538461 0.2160751565762004 0.06230769230769231 0.0918580375782881
0 0.5084615384615384 0.3366388308977035 0.04153846153846154 0.07828810020876827
0 0.6073076923076923 0.38674321503131526 0.031538461538461536 0.0511482254697286
0 0.4165384615384615 0.354384133611691 0.03923076923076923 0.061586638830897704
0 0.39884615384615385 0.395615866388309 0.02846153846153846 0.04801670146137787
0 0.4426923076923077 0.37160751565762007 0.026923076923076925 0.05010438413361169
0 0.012307692307692308 0.42484342379958245 0.03076923076923077 0.05010438413361169
0 0.02653846153846154 0.4431106471816284 0.02076923076923077 0.038622129436325675
0 0.10538461538461538 0.39822546972860123 0.03230769230769231 0.05323590814196242
0 0.19038461538461537 0.5819415448851775 0.07153846153846154 0.3267223382045929
0 0.14461538461538462 0.45876826722338204 0.021538461538461538 0.03444676409185804
0 0.20384615384615384 0.4488517745302714 0.03230769230769231 0.04801670146137787
0 0.24846153846153846 0.4462421711899791 0.024615384615384615 0.03653444676409186
0 0.2680769230769231 0.42693110647181626 0.023846153846153847 0.04175365344467641
0 0.3126923076923077 0.4629436325678497 0.023846153846153847 0.03653444676409186
0 0.34884615384615386 0.4592901878914405 0.023846153846153847 0.03966597077244259
