0 0.89921875 0.7194444444444444 0.015625 0.030555555555555555
0 0.797265625 0.7472222222222222 0.01328125 0.025
0 0.76328125 0.7243055555555555 0.009375 0.018055555555555554
0 0.739453125 0.7152777777777778 0.00859375 0.016666666666666666
0 0.716796875 0.7361111111111112 0.00859375 0.016666666666666666
0 0.71953125 0.7256944444444444 0.0078125 0.015277777777777777
0 0.705078125 0.7361111111111112 0.00703125 0.013888888888888888
0 0.7 0.7381944444444445 0.00625 0.0125
0 0.684765625 0.7708333333333334 0.01171875 0.05277777777777778
0 0.685546875 0.7631944444444444 0.01171875 0.05694444444444444
0 0.67734375 0.7652777777777777 0.009375 0.05277777777777778
0 0.665625 0.7423611111111111 0.0109375 0.02361111111111111
0 0.663671875 0.74375 0.00546875 0.0125
0 0.651171875 0.7527777777777778 0.01171875 0.025
0 0.642578125 0.7597222222222222 0.01484375 0.058333333333333334
0 0.614453125 0.71875 0.01015625 0.018055555555555554
0 0.605078125 0.7409722222222223 0.00859375 0.018055555555555554
0 0.581640625 0.7375 0.00546875 0.008333333333333333
0 0.565234375 0.7298611111111111 0.01015625 0.018055555555555554
0 0.5578125 0.7388888888888889 0.0109375 0.022222222222222223
0 0.522265625 0.7722222222222223 0.01015625 0.016666666666666666
0 0.5375 0.7270833333333333 0.00625 0.0125
0 0.444140625 0.7138888888888889 0.00859375 0.016666666666666666
0 0.4375 0.7166666666666667 0.0125 0.025
0 0.397265625 0.7256944444444444 0.01328125 0.02361111111111111
0 0.379296875 0.73125 0.00859375 0.018055555555555554
0 0.380859375 0.7236111111111111 0.01015625 0.016666666666666666
0 0.3296875 0.7208333333333333 0.003125 0.005555555555555556
0 0.295703125 0.7055555555555556 0.01015625 0.019444444444444445
0 0.27734375 0.7201388888888889 0.009375 0.018055555555555554
0 0.25 0.7069444444444445 0.00625 0.013888888888888888
0 0.244921875 0.6944444444444444 0.01015625 0.019444444444444445
0 0.22109375 0.6972222222222222 0.0078125 0.013888888888888888
0 0.220703125 0.6909722222222222 0.00703125 0.0125
0 0.20234375 0.6972222222222222 0.009375 0.016666666666666666
0 0.18203125 0.7034722222222223 0.009375 0.018055555555555554
0 0.16640625 0.6881944444444444 0.00625 0.0125
0 0.1578125 0.7041666666666667 0.0109375 0.016666666666666666
0 0.15 0.7027777777777777 0.009375 0.019444444444444445
0 0.091015625 0.7236111111111111 0.01015625 0.019444444444444445
0 0.083984375 0.7069444444444445 0.01015625 0.019444444444444445
0 0.070703125 0.6951388888888889 0.01015625 0.018055555555555554
0 0.048046875 0.6784722222222223 0.00859375 0.018055555555555554
0 0.015625 0.6756944444444445 0.0109375 0.018055555555555554
0 0.038671875 0.6930555555555555 0.00859375 0.016666666666666666
0 0.51875 0.7270833333333333 0.009375 0.015277777777777777
