0 0.1064516129032258 0.49901768172888017 0.05806451612903226 0.07858546168958742
0 0.018548387096774192 0.3713163064833006 0.043548387096774194 0.07072691552062868
0 0.08870967741935484 0.393909626719057 0.054838709677419356 0.068762278978389
0 0.1685483870967742 0.3899803536345776 0.043548387096774194 0.068762278978389
0 0.2709677419354839 0.49214145383104124 0.04516129032258064 0.06483300589390963
0 0.3879032258064516 0.6611001964636543 0.05 0.06483300589390963
0 0.5459677419354839 0.37328094302554027 0.11451612903225807 0.15324165029469547
0 0.8008064516129032 0.4449901768172888 0.04032258064516129 0.060903732809430254
0 0.8403225806451613 0.41453831041257366 0.05806451612903226 0.07858546168958742
0 0.8701612903225806 0.393909626719057 0.037096774193548385 0.060903732809430254
0 0.9024193548387097 0.39587426326129665 0.06612903225806452 0.07662082514734773
0 0.9685483870967742 0.3703339882121807 0.08548387096774193 0.10412573673870335
0 0.013709677419354839 0.2966601178781925 0.03387096774193549 0.047151277013752456
0 0.1064516129032258 0.27406679764243613 0.025806451612903226 0.03732809430255403
0 0.22258064516129034 0.3791748526522593 0.09032258064516129 0.09037328094302555
