0 0.1494140625 0.33821376281112736 0.013671875 0.02635431918008785
0 0.17333984375 0.3140556368960469 0.0126953125 0.024890190336749635
0 0.22216796875 0.2913616398243045 0.0107421875 0.02342606149341142
0 0.3017578125 0.24231332357247437 0.013671875 0.027818448023426062
0 0.2734375 0.0629575402635432 0.009765625 0.020497803806734993
0 0.30419921875 0.027818448023426062 0.0107421875 0.02342606149341142
0 0.37255859375 0.03367496339677892 0.0087890625 0.017569546120058566
0 0.37841796875 0.11859443631039532 0.0107421875 0.020497803806734993
0 0.4013671875 0.25841874084919475 0.013671875 0.027818448023426062
0 0.43310546875 0.25768667642752563 0.0146484375 0.02342606149341142
0 0.53271484375 0.02855051244509517 0.0107421875 0.021961932650073207
0 0.47998046875 0.18594436310395315 0.0126953125 0.02342606149341142
0 0.51171875 0.28184480234260617 0.015625 0.021961932650073207
0 0.57275390625 0.28184480234260617 0.0166015625 0.021961932650073207
0 0.580078125 0.19472913616398244 0.01171875 0.02635431918008785
0 0.62451171875 0.2445095168374817 0.0107421875 0.02342606149341142
0 0.5673828125 0.12298682284040996 0.01171875 0.02342606149341142
0 0.59228515625 0.05124450951683748 0.0107421875 0.014641288433382138
0 0.61279296875 0.038799414348462666 0.0087890625 0.013177159590043924
0 0.63037109375 0.040995607613469986 0.0087890625 0.020497803806734993
0 0.6767578125 0.03074670571010249 0.009765625 0.014641288433382138
0 0.66845703125 -0.016105417276720352 0.0087890625 0.014641288433382138
0 0.751953125 -0.0212298682284041 0.0078125 0.010248901903367497
0 0.7724609375 -0.0212298682284041 0.0078125 0.010248901903367497
0 0.7666015625 0.043923865300146414 0.009765625 0.020497803806734993
0 0.7978515625 0.018301610541727673 0.009765625 0.021961932650073207
0 0.79443359375 -0.017569546120058566 0.0107421875 0.017569546120058566
0 0.83447265625 0.0841874084919473 0.0126953125 0.01903367496339678
0 0.79736328125 0.13396778916544655 0.0107421875 0.021961932650073207
0 0.88427734375 0.09004392386530015 0.0126953125 0.021961932650073207
0 0.7333984375 0.26281112737920936 0.013671875 0.024890190336749635
0 0.73779296875 0.3367496339677892 0.0166015625 0.02342606149341142
0 0.77783203125 0.3067349926793558 0.0146484375 0.027818448023426062
0 0.8369140625 0.31332357247437775 0.013671875 0.029282576866764276
0 0.8818359375 0.3484626647144949 0.017578125 0.029282576866764276
0 0.72900390625 0.527086383601757 0.0166015625 0.029282576866764276
0 0.8701171875 0.5395314787701317 0.017578125 0.03367496339677892
0 0.59912109375 0.657393850658858 0.0146484375 0.02342606149341142
0 0.54052734375 0.582723279648609 0.0185546875 0.029282576866764276
0 0.4111328125 0.6390922401171303 0.015625 0.024890190336749635
0 0.443359375 0.6207906295754027 0.015625 0.02635431918008785
0 0.37158203125 0.48755490483162517 0.0146484375 0.029282576866764276
0 0.4208984375 0.46412884333821375 0.015625 0.032210834553440704
0 0.2255859375 0.9516837481698389 0.0234375 0.040995607613469986
0 0.6484375 0.8696925329428989 0.017578125 0.032210834553440704
0 0.693359375 0.8843338213762811 0.021484375 0.032210834553440704
0 0.84912109375 0.00951683748169839 0.0107421875 0.013177159590043924
