0 0.06328125 0.44930555555555557 0.0296875 0.06805555555555555
0 0.086328125 0.4354166666666667 0.02890625 0.059722222222222225
0 0.2109375 0.425 0.0140625 0.030555555555555555
0 0.245703125 0.43819444444444444 0.02265625 0.05138888888888889
0 0.3234375 0.4444444444444444 0.025 0.05
0 0.30390625 0.48680555555555555 0.025 0.10972222222222222
0 0.34140625 0.45416666666666666 0.0171875 0.03611111111111111
0 0.359765625 0.46041666666666664 0.01015625 0.02638888888888889
0 0.366796875 0.4666666666666667 0.00859375 0.016666666666666666
0 0.3875 0.4722222222222222 0.0171875 0.03333333333333333
0 0.397265625 0.45902777777777776 0.01328125 0.02638888888888889
0 0.42421875 0.4548611111111111 0.0078125 0.015277777777777777
0 0.433984375 0.46458333333333335 0.00859375 0.020833333333333332
0 0.4765625 0.4236111111111111 0.0296875 0.06111111111111111
0 0.594921875 0.46597222222222223 0.03203125 0.05694444444444444
0 0.5671875 0.5111111111111111 0.009375 0.016666666666666666
0 0.53828125 0.4979166666666667 0.00625 0.0125
0 0.558984375 0.4930555555555556 0.00859375 0.016666666666666666
0 0.566796875 0.4708333333333333 0.01015625 0.019444444444444445
0 0.638671875 0.4791666666666667 0.01484375 0.030555555555555555
0 0.655859375 0.5416666666666666 0.02265625 0.09166666666666666
0 0.67109375 0.475 0.0078125 0.016666666666666666
0 0.709375 0.49027777777777776 0.0125 0.025
0 0.69765625 0.4888888888888889 0.0109375 0.016666666666666666
0 0.755859375 0.4736111111111111 0.01484375 0.025
0 0.798046875 0.5743055555555555 0.01015625 0.020833333333333332
0 0.820703125 0.5756944444444444 0.01015625 0.020833333333333332
0 0.7890625 0.5576388888888889 0.04375 0.15138888888888888
0 0.819140625 0.5020833333333333 0.01171875 0.02361111111111111
0 0.84453125 0.4861111111111111 0.0140625 0.025
0 0.876953125 0.4840277777777778 0.02421875 0.059722222222222225
0 0.9109375 0.4777777777777778 0.0125 0.022222222222222223
0 0.9859375 0.5090277777777777 0.021875 0.04027777777777778
0 0.9484375 0.47708333333333336 0.0265625 0.04583333333333333
0 0.655859375 0.5125 0.02109375 0.10277777777777777
