0 0.003076923076923077 0.7404255319148936 0.021538461538461538 0.03404255319148936
0 0.04 0.7335106382978723 0.010769230769230769 0.015957446808510637
0 0.08923076923076922 0.7319148936170212 0.021538461538461538 0.03404255319148936
0 0.14384615384615385 0.7382978723404255 0.018461538461538463 0.029787234042553193
0 0.11461538461538462 0.7313829787234043 0.009230769230769232 0.011702127659574468
0 0.13923076923076924 0.7335106382978723 0.018461538461538463 0.026595744680851064
0 0.16653846153846155 0.7430851063829788 0.013076923076923076 0.02021276595744681
0 0.17653846153846153 0.7393617021276596 0.011538461538461539 0.02127659574468085
0 0.20153846153846153 0.7388297872340426 0.007692307692307693 0.013829787234042552
0 0.2103846153846154 0.7351063829787234 0.014615384615384615 0.02127659574468085
0 0.2246153846153846 0.7398936170212767 0.007692307692307693 0.013829787234042552
0 0.24076923076923076 0.7441489361702127 0.006153846153846154 0.011702127659574468
0 0.25153846153846154 0.7430851063829788 0.010769230769230769 0.018085106382978722
0 0.28846153846153844 0.7484042553191489 0.015384615384615385 0.026595744680851064
0 0.32384615384615384 0.7468085106382979 0.012307692307692308 0.02127659574468085
0 0.38076923076923075 0.7537234042553191 0.007692307692307693 0.011702127659574468
0 0.3923076923076923 0.7558510638297873 0.007692307692307693 0.011702127659574468
0 0.41307692307692306 0.752127659574468 0.007692307692307693 0.01276595744680851
0 0.3942307692307692 0.7457446808510638 0.006923076923076923 0.010638297872340425
0 0.4665384615384615 0.7510638297872341 0.016153846153846154 0.027659574468085105
0 0.4880769230769231 0.752127659574468 0.01769230769230769 0.027659574468085105
0 0.5173076923076924 0.7622340425531915 0.01 0.015957446808510637
0 0.5273076923076923 0.747872340425532 0.01 0.019148936170212766
0 0.5388461538461539 0.7579787234042553 0.008461538461538461 0.013829787234042552
0 0.5488461538461539 0.7617021276595745 0.022307692307692306 0.036170212765957444
0 0.5692307692307692 0.7712765957446809 0.024615384615384615 0.03404255319148936
0 0.5976923076923077 0.7734042553191489 0.018461538461538463 0.029787234042553193
0 0.666923076923077 0.7659574468085106 0.026153846153846153 0.04042553191489362
0 0.6957692307692308 0.7888297872340425 0.03 0.047872340425531915
0 0.7261538461538461 0.7569148936170212 0.013846153846153847 0.02021276595744681
0 0.7592307692307693 0.8287234042553191 0.04 0.14680851063829786
0 0.8142307692307692 0.7755319148936171 0.023846153846153847 0.04042553191489362
0 0.8846153846153846 0.7590425531914894 0.03076923076923077 0.05
