0 0.03166666666666667 0.013948497854077254 0.020666666666666667 0.026466380543633764
0 0.10966666666666666 0.0407725321888412 0.024666666666666667 0.024320457796852647
0 0.23666666666666666 0.07761087267525035 0.021333333333333333 0.027896995708154508
0 0.20833333333333334 0.23319027181688126 0.022 0.030042918454935622
0 0.338 0.2449928469241774 0.021333333333333333 0.032188841201716736
0 0.35 0.2696709585121602 0.021333333333333333 0.031473533619456366
0 0.482 0.35765379113018597 0.02666666666666667 0.032904148783977114
0 0.5513333333333333 0.36337625178826893 0.02266666666666667 0.02575107296137339
0 0.634 0.37875536480686695 0.02266666666666667 0.026466380543633764
0 0.6466666666666666 0.24570815450643776 0.02266666666666667 0.033619456366237484
0 0.67 0.06795422031473533 0.02 0.024320457796852647
0 0.87 0.03755364806866953 0.02 0.029327610872675252
0 0.934 0.148068669527897 0.02266666666666667 0.022889842632331903
0 0.924 0.28397711015736765 0.021333333333333333 0.034334763948497854
0 0.8983333333333333 0.5164520743919886 0.026 0.02861230329041488
0 0.8203333333333334 0.5393419170243204 0.026 0.031473533619456366
0 0.55 0.5983547925608012 0.028 0.030758226037195996
0 0.4483333333333333 0.6047925608011445 0.03 0.027896995708154508
0 0.43366666666666664 0.5815450643776824 0.026 0.02861230329041488
0 0.3913333333333333 0.5679542203147353 0.02666666666666667 0.032904148783977114
0 0.12866666666666668 0.8394134477825465 0.029333333333333333 0.03648068669527897
0 0.24766666666666667 0.7503576537911302 0.03 0.032904148783977114
0 0.3016666666666667 0.7246065808297568 0.03266666666666666 0.03862660944206009
0 0.9096666666666666 -0.06723891273247497 0.022 0.02145922746781116
