0 0.8453125 0.30234375 0.053125 0.0921875
0 0.7395833333333334 0.33125 0.0375 0.078125
0 0.7046875 0.27265625 0.040625 0.0828125
0 0.7557291666666667 0.30625 0.019791666666666666 0.040625
0 0.6270833333333333 0.3640625 0.04791666666666667 0.1
0 0.5307291666666667 0.3765625 0.057291666666666664 0.125
0 0.5296875 0.31875 0.036458333333333336 0.053125
0 0.5088541666666667 0.3359375 0.03229166666666667 0.059375
0 0.4973958333333333 0.30390625 0.021875 0.0421875
0 0.5484375 0.296875 0.026041666666666668 0.05
0 0.4078125 0.33671875 0.030208333333333334 0.0578125
0 0.3729166666666667 0.34765625 0.03333333333333333 0.0640625
0 0.2734375 0.36875 0.05520833333333333 0.096875
0 0.20885416666666667 0.3890625 0.04895833333333333 0.090625
0 0.14114583333333333 0.32578125 0.046875 0.0796875
0 0.3260416666666667 0.3625 0.03125 0.053125
