0 -0.02125 0.6 0.03 0.04
0 0.0575 0.595 0.035 0.05
0 0.09875 0.5491666666666667 0.03 0.041666666666666664
0 0.045625 0.27666666666666667 0.02375 0.02666666666666667
0 0.23875 0.5625 0.025 0.041666666666666664
0 0.246875 0.4116666666666667 0.02375 0.03333333333333333
0 0.22875 0.3325 0.0225 0.028333333333333332
0 0.104375 0.2425 0.02375 0.028333333333333332
0 0.18125 0.2225 0.0225 0.028333333333333332
0 0.133125 0.19 0.01875 0.03
0 0.163125 0.125 0.01625 0.02666666666666667
0 0.146875 0.1075 0.01875 0.025
0 0.0675 0.1525 0.0175 0.021666666666666667
0 0.023125 0.1675 0.01875 0.025
0 0.095 0.13333333333333333 0.0175 0.023333333333333334
0 0.068125 0.09 0.01625 0.023333333333333334
0 0.0875 0.09416666666666666 0.0175 0.021666666666666667
0 0.11 0.0775 0.015 0.021666666666666667
0 0.131875 0.08666666666666667 0.01375 0.023333333333333334
0 0.17125 0.08333333333333333 0.015 0.02666666666666667
0 0.198125 0.0825 0.01375 0.021666666666666667
0 0.210625 0.0825 0.01625 0.028333333333333332
0 0.230625 0.08083333333333333 0.01375 0.021666666666666667
0 0.146875 0.0016666666666666668 0.00375 0.006666666666666667
0 0.163125 0.0033333333333333335 0.00625 0.01
0 0.2025 0.018333333333333333 0.0075 0.01
0 0.228125 0.004166666666666667 0.00625 0.008333333333333333
0 0.245 0.010833333333333334 0.0075 0.011666666666666667
0 0.2675 0.19583333333333333 0.015 0.021666666666666667
0 0.265625 0.16916666666666666 0.01625 0.021666666666666667
0 0.31625 0.095 0.01 0.013333333333333334
0 0.326875 0.08833333333333333 0.01625 0.02
0 0.353125 0.09 0.01125 0.016666666666666666
0 0.375625 0.095 0.01375 0.016666666666666666
0 0.338125 0.17083333333333334 0.01875 0.025
0 0.385 0.14 0.015 0.02
0 0.394375 0.30333333333333334 0.01875 0.02666666666666667
0 0.349375 0.6891666666666667 0.03375 0.055
0 0.4625 0.63 0.0375 0.05
0 0.46875 0.8433333333333334 0.05 0.07666666666666666
0 0.67375 0.8358333333333333 0.0425 0.07166666666666667
0 0.66 0.6491666666666667 0.0275 0.04833333333333333
0 0.63125 0.5766666666666667 0.0275 0.03666666666666667
0 0.605 0.5425 0.0225 0.041666666666666664
0 0.6725 0.53 0.0275 0.05
0 0.80875 0.8575 0.055 0.08833333333333333
0 0.88 0.8516666666666667 0.05 0.07
0 0.94625 0.7825 0.0375 0.065
0 0.96125 0.5891666666666666 0.0375 0.03833333333333333
0 0.89375 0.5783333333333334 0.0325 0.043333333333333335
0 0.866875 0.5675 0.02625 0.041666666666666664
0 0.875625 0.49916666666666665 0.02375 0.041666666666666664
0 0.82625 0.48583333333333334 0.02 0.028333333333333332
0 0.76875 0.46416666666666667 0.02 0.03166666666666667
0 0.719375 0.4658333333333333 0.02125 0.035
0 0.768125 0.44583333333333336 0.02125 0.028333333333333332
0 0.74625 0.4191666666666667 0.02 0.03166666666666667
0 0.72125 0.3858333333333333 0.015 0.03166666666666667
0 0.671875 0.42 0.01875 0.03
0 0.680625 0.37166666666666665 0.01875 0.03333333333333333
0 0.626875 0.3825 0.01875 0.028333333333333332
0 0.583125 0.3475 0.01375 0.021666666666666667
0 0.555625 0.3466666666666667 0.00875 0.013333333333333334
0 0.559375 0.3175 0.01375 0.021666666666666667
0 0.600625 0.3308333333333333 0.02625 0.11166666666666666
0 0.619375 0.2866666666666667 0.01125 0.016666666666666666
