0 0.16357142857142856 0.5266666666666666 0.05285714285714286 0.07809523809523809
0 0.24428571428571427 0.52 0.03142857142857143 0.045714285714285714
0 0.28 0.31333333333333335 0.022857142857142857 0.03238095238095238
0 0.43857142857142856 0.5085714285714286 0.02857142857142857 0.0419047619047619
0 0.4664285714285714 0.518095238095238 0.03 0.05714285714285714
0 0.5057142857142857 0.48095238095238096 0.03142857142857143 0.05142857142857143
0 0.485 0.4990476190476191 0.03 0.0419047619047619
0 0.6335714285714286 0.6047619047619047 0.03 0.04
0 0.6157142857142858 0.5571428571428572 0.04 0.05523809523809524
0 0.6778571428571428 0.6504761904761904 0.024285714285714285 0.02857142857142857
0 0.745 0.6580952380952381 0.032857142857142856 0.05142857142857143
0 0.9021428571428571 0.520952380952381 0.032857142857142856 0.05904761904761905
0 0.9185714285714286 0.5552380952380952 0.02857142857142857 0.047619047619047616
0 0.9457142857142857 0.559047619047619 0.03142857142857143 0.047619047619047616
