0 0.8534615384615385 0.5315457413249212 0.022307692307692306 0.03470031545741325
0 0.8065384615384615 0.5141955835962145 0.02076923076923077 0.031545741324921134
0 0.7684615384615384 0.5315457413249212 0.021538461538461538 0.03259726603575184
0 0.68 0.5473186119873817 0.02923076923076923 0.04100946372239748
0 0.703076923076923 0.5325972660357519 0.015384615384615385 0.03259726603575184
0 0.725 0.5205047318611987 0.01769230769230769 0.029442691903259727
0 0.6469230769230769 0.576235541535226 0.013846153846153847 0.01892744479495268
0 0.6188461538461538 0.5599369085173501 0.016153846153846154 0.024185068349106203
0 0.578076923076923 0.5404837013669821 0.016153846153846154 0.02103049421661409
0 0.5542307692307692 0.5546792849631966 0.02846153846153846 0.0452155625657203
0 0.51 0.5252365930599369 0.018461538461538463 0.026288117770767613
0 0.4642307692307692 0.5499474237644585 0.022307692307692306 0.027339642481598318
0 0.36038461538461536 0.601472134595163 0.013076923076923076 0.01892744479495268
0 0.30615384615384617 0.5988433228180863 0.012307692307692308 0.022082018927444796
0 0.25653846153846155 0.5488958990536278 0.016153846153846154 0.025236593059936908
0 0.20884615384615385 0.5599369085173501 0.011538461538461539 0.017875920084121977
0 0.1326923076923077 0.5504731861198738 0.014615384615384615 0.024185068349106203
0 0.05346153846153846 0.5347003154574133 0.022307692307692306 0.03259726603575184
0 0.12461538461538461 0.5452155625657203 0.010769230769230769 0.017875920084121977
0 0.10730769230769231 0.5562565720294427 0.014615384615384615 0.02103049421661409
0 0.2823076923076923 0.5452155625657203 0.009230769230769232 0.013669821240799159
0 0.30653846153846154 0.546267087276551 0.008461538461538461 0.013669821240799159
0 0.3553846153846154 0.5478443743427971 0.009230769230769232 0.014721345951629864
0 0.36615384615384616 0.5431125131440588 0.007692307692307693 0.011566771819137749
0 0.4034615384615385 0.5394321766561514 0.008461538461538461 0.016824395373291272
0 0.38884615384615384 0.5368033648790747 0.005384615384615384 0.00946372239747634
0 0.44153846153846155 0.5378548895899053 0.007692307692307693 0.011566771819137749
0 0.4269230769230769 0.5394321766561514 0.009230769230769232 0.012618296529968454
0 0.40076923076923077 0.5220820189274448 0.004615384615384616 0.007360672975814932
