0 0.1185 0.10858294930875576 0.075 0.13652073732718895
0 0.04883333333333333 0.21831797235023043 0.045 0.08986175115207373
0 0.25733333333333336 0.15408986175115208 0.04933333333333333 0.09274193548387097
0 0.3293333333333333 0.18692396313364054 0.03666666666666667 0.07891705069124424
0 0.23066666666666666 0.3015552995391705 0.03933333333333333 0.08006912442396313
0 0.24083333333333334 0.16561059907834103 0.03166666666666667 0.08006912442396313
0 0.259 0.15581797235023043 0.052 0.09389400921658986
0 0.3636666666666667 0.1644585253456221 0.05 0.09850230414746544
0 0.18316666666666667 0.17972350230414746 0.023 0.0587557603686636
0 0.18866666666666668 0.11952764976958526 0.029333333333333333 0.05587557603686636
0 0.4055 0.12039170506912443 0.04566666666666667 0.08640552995391705
0 0.49833333333333335 0.12701612903225806 0.058 0.1077188940092166
0 0.4746666666666667 0.13047235023041476 0.04 0.0846774193548387
0 0.586 0.21975806451612903 0.05733333333333333 0.10195852534562212
0 0.5671666666666667 0.133352534562212 0.04833333333333333 0.0846774193548387
0 0.5948333333333333 0.1359447004608295 0.04033333333333333 0.0944700460829493
0 0.6641666666666667 0.15005760368663595 0.063 0.10426267281105991
0 0.7191666666666666 0.15552995391705068 0.051666666666666666 0.0967741935483871
0 0.7623333333333333 0.1984447004608295 0.03866666666666667 0.08352534562211981
0 0.79 0.17569124423963134 0.042666666666666665 0.08640552995391705
0 0.6441666666666667 0.04925115207373272 0.021 0.039746543778801845
0 0.6968333333333333 0.061635944700460826 0.01633333333333333 0.03341013824884793
0 0.8271666666666667 0.11808755760368664 0.052333333333333336 0.10023041474654378
0 0.9131666666666667 0.09907834101382489 0.06166666666666667 0.12442396313364056
0 0.9618333333333333 0.19988479262672812 0.059666666666666666 0.10023041474654378
0 0.9671666666666666 0.11664746543778802 0.050333333333333334 0.09158986175115208
0 0.3025 0.1627304147465438 0.057 0.11002304147465437
