0 0.5057096247960848 0.5152173913043478 0.2936378466557912 0.26956521739130435
0 0.23164763458401305 0.32282608695652176 0.25774877650897227 0.2543478260869565
0 0.7740619902120718 0.14728260869565218 0.14518760195758565 0.125
0 0.6818923327895595 0.16902173913043478 0.11092985318107668 0.0967391304347826
0 0.9877650897226754 0.059782608695652176 0.08972267536704731 0.06521739130434782
0 1.036704730831974 0.08532608695652173 0.0734094616639478 0.05326086956521739
0 0.9265905383360522 0.017391304347826087 0.052202283849918436 0.041304347826086954
0 0.6810766721044046 0.14456521739130435 0.12234910277324633 0.10652173913043478
0 0.34991843393148453 0.21521739130434783 0.11256117455138662 0.10869565217391304
0 0.005709624796084829 0.2190217391304348 0.12234910277324633 0.11413043478260869
0 0.21044045676998369 0.11467391304347826 0.11092985318107668 0.0967391304347826
0 0.433931484502447 0.09293478260869566 0.10766721044045677 0.08152173913043478
0 0.5570962479608483 0.08478260869565217 0.08972267536704731 0.06739130434782609
0 0.08972267536704731 0.14347826086956522 0.10440456769983687 0.0891304347826087
