0 0.1076923076923077 0.7084295612009238 0.010769230769230769 0.015011547344110854
0 0.1523076923076923 0.7245958429561201 0.006153846153846154 0.010392609699769052
0 0.14307692307692307 0.7419168591224018 0.010769230769230769 0.017321016166281754
0 0.17961538461538462 0.7321016166281755 0.01 0.016166281755196306
0 0.1946153846153846 0.7228637413394919 0.009230769230769232 0.016166281755196306
0 0.22038461538461537 0.7280600461893765 0.008461538461538461 0.012702078521939953
0 0.23384615384615384 0.7217090069284064 0.009230769230769232 0.016166281755196306
0 0.24076923076923076 0.73094688221709 0.009230769230769232 0.013856812933025405
0 0.2996153846153846 0.7303695150115473 0.008461538461538461 0.012702078521939953
0 0.31115384615384617 0.73094688221709 0.005384615384615384 0.009237875288683603
0 0.3230769230769231 0.7321016166281755 0.007692307692307693 0.013856812933025405
0 0.3446153846153846 0.7286374133949192 0.006153846153846154 0.011547344110854504
0 0.3619230769230769 0.7315242494226328 0.006923076923076923 0.010392609699769052
0 0.37461538461538463 0.7326789838337182 0.006153846153846154 0.010392609699769052
0 0.3792307692307692 0.7390300230946882 0.007692307692307693 0.013856812933025405
0 0.4015384615384615 0.733256351039261 0.007692307692307693 0.011547344110854504
0 0.4103846153846154 0.733256351039261 0.005384615384615384 0.009237875288683603
0 0.4473076923076923 0.7390300230946882 0.011538461538461539 0.020785219399538105
0 0.4269230769230769 0.7113163972286374 0.006153846153846154 0.009237875288683603
0 0.4946153846153846 0.7378752886836027 0.004615384615384616 0.009237875288683603
0 0.5019230769230769 0.7361431870669746 0.005384615384615384 0.010392609699769052
0 0.5157692307692308 0.7315242494226328 0.008461538461538461 0.012702078521939953
0 0.5311538461538462 0.7326789838337182 0.006923076923076923 0.010392609699769052
0 0.5573076923076923 0.7193995381062356 0.005384615384615384 0.009237875288683603
0 0.5688461538461539 0.7049653579676675 0.0038461538461538464 0.008083140877598153
0 0.5661538461538461 0.7378752886836027 0.007692307692307693 0.013856812933025405
0 0.5411538461538462 0.7003464203233256 0.0038461538461538464 0.005773672055427252
0 0.7023076923076923 0.7228637413394919 0.007692307692307693 0.03002309468822171
0 0.7119230769230769 0.7222863741339491 0.008461538461538461 0.028868360277136258
0 0.7273076923076923 0.7153579676674365 0.0038461538461538464 0.005773672055427252
0 0.9680769230769231 0.7759815242494227 0.006923076923076923 0.011547344110854504
0 0.975 0.7546189376443418 0.005384615384615384 0.008083140877598153
0 0.9438461538461539 0.7575057736720554 0.012307692307692308 0.016166281755196306
0 0.9038461538461539 0.7471131639722863 0.010769230769230769 0.018475750577367205
0 0.8203846153846154 0.7725173210161663 0.008461538461538461 0.013856812933025405
0 0.8392307692307692 0.773094688221709 0.007692307692307693 0.015011547344110854
0 0.855 0.7777136258660509 0.008461538461538461 0.015011547344110854
0 0.8642307692307692 0.7736720554272517 0.01 0.013856812933025405
0 0.875 0.7523094688221709 0.006923076923076923 0.010392609699769052
0 0.595 0.7124711316397229 0.0038461538461538464 0.006928406466512702
0 0.5876923076923077 0.7159353348729792 0.003076923076923077 0.006928406466512702
0 0.6873076923076923 0.7517321016166282 0.0038461538461538464 0.006928406466512702
0 0.7834615384615384 0.7482678983833718 0.008461538461538461 0.013856812933025405
0 0.7626923076923077 0.7528868360277137 0.005384615384615384 0.009237875288683603
0 0.7684615384615384 0.7494226327944573 0.004615384615384616 0.006928406466512702
0 0.7615384615384615 0.7442263279445728 0.004615384615384616 0.008083140877598153
0 0.7546153846153846 0.7557736720554272 0.006153846153846154 0.008083140877598153
0 0.7507692307692307 0.7702078521939953 0.004615384615384616 0.009237875288683603
0 0.7630769230769231 0.7546189376443418 0.006153846153846154 0.010392609699769052
0 0.7473076923076923 0.7494226327944573 0.005384615384615384 0.011547344110854504
0 0.7415384615384616 0.7453810623556582 0.004615384615384616 0.008083140877598153
0 0.7326923076923076 0.7505773672055427 0.0038461538461538464 0.006928406466512702
0 0.7276923076923076 0.7453810623556582 0.006153846153846154 0.010392609699769052
0 0.11807692307692308 0.710161662817552 0.014615384615384615 0.025404157043879907
0 0.20576923076923076 0.7372979214780601 0.016153846153846154 0.03117782909930716
0 0.25846153846153846 0.7280600461893765 0.021538461538461538 0.028868360277136258
0 0.2734615384615385 0.7424942263279446 0.02076923076923077 0.03695150115473441
0 0.6561538461538462 0.7482678983833718 0.006153846153846154 0.011547344110854504
0 0.6707692307692308 0.754041570438799 0.015384615384615385 0.025404157043879907
0 0.6511538461538462 0.7448036951501155 0.006923076923076923 0.011547344110854504
0 0.6257692307692307 0.7523094688221709 0.016153846153846154 0.028868360277136258
0 0.5823076923076923 0.7401847575057737 0.013846153846153847 0.025404157043879907
0 0.46807692307692306 0.7465357967667436 0.014615384615384615 0.019630484988452657
0 0.4403846153846154 0.7286374133949192 0.014615384615384615 0.02771362586605081
