0 0.19615384615384615 0.7464028776978417 0.009230769230769232 0.00935251798561151
0 0.18653846153846154 0.7751798561151079 0.019230769230769232 0.06546762589928058
0 0.2123076923076923 0.7471223021582734 0.010769230769230769 0.01223021582733813
0 0.28423076923076923 0.7579136690647482 0.01769230769230769 0.017985611510791366
0 0.30115384615384616 0.74568345323741 0.01 0.01079136690647482
0 0.32 0.7446043165467626 0.009230769230769232 0.010071942446043165
0 0.35346153846153844 0.7406474820143885 0.016153846153846154 0.017985611510791366
0 0.3976923076923077 0.7359712230215827 0.010769230769230769 0.010071942446043165
0 0.40692307692307694 0.7377697841726619 0.010769230769230769 0.01079136690647482
0 0.42230769230769233 0.7485611510791367 0.009230769230769232 0.007913669064748202
0 0.43576923076923074 0.7399280575539569 0.01 0.00935251798561151
0 0.4519230769230769 0.731294964028777 0.011538461538461539 0.01223021582733813
0 0.46576923076923077 0.7575539568345324 0.02076923076923077 0.053237410071942444
0 0.4819230769230769 0.7348920863309353 0.005384615384615384 0.006474820143884892
0 0.4796153846153846 0.7438848920863309 0.01 0.010071942446043165
0 0.5003846153846154 0.7352517985611511 0.011538461538461539 0.008633093525179856
0 0.5165384615384615 0.7406474820143885 0.014615384615384615 0.01223021582733813
0 0.5319230769230769 0.7428057553956835 0.011538461538461539 0.015107913669064749
0 0.5111538461538462 0.760431654676259 0.019230769230769232 0.01870503597122302
0 0.5542307692307692 0.7420863309352518 0.016153846153846154 0.020863309352517987
0 0.6096153846153847 0.7384892086330935 0.016153846153846154 0.022302158273381296
0 0.6373076923076924 0.7356115107913669 0.008461538461538461 0.00935251798561151
0 0.6496153846153846 0.7431654676258993 0.006923076923076923 0.007194244604316547
0 0.6592307692307692 0.7442446043165467 0.013846153846153847 0.015107913669064749
0 0.6784615384615384 0.7330935251798562 0.009230769230769232 0.010071942446043165
0 0.6876923076923077 0.7356115107913669 0.013846153846153847 0.016546762589928057
0 0.7434615384615385 0.741726618705036 0.02076923076923077 0.02302158273381295
0 0.7276923076923076 0.7384892086330935 0.009230769230769232 0.00935251798561151
0 0.7992307692307692 0.741726618705036 0.023076923076923078 0.01870503597122302
0 0.828076923076923 0.7370503597122302 0.019230769230769232 0.023741007194244605
0 0.8430769230769231 0.7359712230215827 0.013846153846153847 0.017266187050359712
0 0.8603846153846154 0.7356115107913669 0.014615384615384615 0.015107913669064749
0 0.8923076923076924 0.7352517985611511 0.013846153846153847 0.012949640287769784
0 0.8984615384615384 0.7399280575539569 0.013846153846153847 0.015107913669064749
0 0.11615384615384615 0.7568345323741007 0.023076923076923078 0.025899280575539568
0 0.11 0.739568345323741 0.015384615384615385 0.017266187050359712
0 0.08423076923076923 0.7575539568345324 0.016153846153846154 0.015827338129496403
