0 0.24076923076923076 0.4026915113871636 0.04153846153846154 0.055900621118012424
0 0.34384615384615386 0.39596273291925466 0.04923076923076923 0.08385093167701864
0 0.3426923076923077 0.3447204968944099 0.03923076923076923 0.06418219461697723
0 0.30230769230769233 0.34782608695652173 0.03538461538461538 0.07867494824016563
0 0.39692307692307693 0.37888198757763975 0.03538461538461538 0.062111801242236024
0 0.51 0.4161490683229814 0.03230769230769231 0.07246376811594203
0 0.41884615384615387 0.38198757763975155 0.031538461538461536 0.053830227743271224
0 0.48653846153846153 0.39078674948240166 0.03461538461538462 0.056935817805383024
0 0.5346153846153846 0.41873706004140787 0.027692307692307693 0.048654244306418216
0 0.6007692307692307 0.3918219461697723 0.03230769230769231 0.061076604554865424
0 0.5565384615384615 0.41200828157349895 0.022307692307692306 0.049689440993788817
0 0.5923076923076923 0.3918219461697723 0.024615384615384615 0.046583850931677016
0 0.5957692307692307 0.39596273291925466 0.02846153846153846 0.036231884057971016
0 0.7003846153846154 0.37629399585921325 0.031538461538461536 0.054865424430641824
0 0.6984615384615385 0.42339544513457555 0.02923076923076923 0.039337474120082816
0 0.725 0.3995859213250518 0.026923076923076925 0.045548654244306416
0 0.8138461538461539 0.38561076604554867 0.04 0.07142857142857142
0 0.7992307692307692 0.40993788819875776 0.012307692307692308 0.022774327122153208
0 0.8826923076923077 0.42132505175983437 0.02076923076923077 0.035196687370600416
0 0.9161538461538462 0.4218426501035197 0.012307692307692308 0.021739130434782608
0 0.9688461538461538 0.4301242236024845 0.019230769230769232 0.027950310559006212
0 0.9676923076923077 0.4140786749482402 0.015384615384615385 0.022774327122153208
0 0.9869230769230769 0.42908902691511386 0.015384615384615385 0.025879917184265012
