0 0.49115384615384616 0.5643979057591623 0.008461538461538461 0.014659685863874346
0 0.5126923076923077 0.5570680628272251 0.01 0.016753926701570682
0 0.5257692307692308 0.56282722513089 0.01 0.015706806282722512
0 0.5392307692307692 0.5685863874345549 0.009230769230769232 0.016753926701570682
0 0.5480769230769231 0.5607329842931937 0.008461538461538461 0.013612565445026177
0 0.563076923076923 0.5591623036649215 0.009230769230769232 0.016753926701570682
0 0.5946153846153847 0.5596858638743456 0.006153846153846154 0.009424083769633508
0 0.6138461538461538 0.5570680628272251 0.010769230769230769 0.014659685863874346
0 0.6392307692307693 0.5596858638743456 0.006153846153846154 0.011518324607329843
0 0.6834615384615385 0.5534031413612566 0.006923076923076923 0.009424083769633508
0 0.696923076923077 0.5575916230366492 0.006153846153846154 0.007329842931937173
0 0.7203846153846154 0.56282722513089 0.006923076923076923 0.011518324607329843
0 0.7380769230769231 0.5586387434554974 0.005384615384615384 0.011518324607329843
0 0.7873076923076923 0.5612565445026177 0.008461538461538461 0.014659685863874346
0 0.7561538461538462 0.5664921465968586 0.03076923076923077 0.0356020942408377
0 0.8215384615384616 0.5869109947643979 0.026153846153846153 0.040837696335078534
0 0.8938461538461538 0.5832460732984294 0.012307692307692308 0.018848167539267015
0 0.9057692307692308 0.6031413612565445 0.01769230769230769 0.027225130890052355
