0 -0.018200549450549452 0.3800154320987654 0.10508241758241758 0.24305555555555555
0 0.06353021978021978 0.3115354938271605 0.06524725274725275 0.03279320987654321
0 0.15968406593406592 0.30787037037037035 0.06524725274725275 0.037037037037037035
0 0.22802197802197802 0.30092592592592593 0.05357142857142857 0.034722222222222224
0 0.29842032967032966 0.31809413580246915 0.07760989010989011 0.04205246913580247
0 0.3698489010989011 0.3175154320987654 0.05563186813186813 0.03935185185185185
0 0.46291208791208793 0.33217592592592593 0.08379120879120878 0.05092592592592592
0 0.04395604395604396 0.2667824074074074 0.034340659340659344 0.02816358024691358
0 0.1043956043956044 0.29128086419753085 0.03983516483516483 0.02854938271604938
0 0.6109203296703297 0.3449074074074074 0.05151098901098901 0.033179012345679014
0 0.6603708791208791 0.3296682098765432 0.03914835164835165 0.02507716049382716
0 0.6710164835164835 0.3211805555555556 0.0521978021978022 0.03125
0 0.695054945054945 0.30073302469135804 0.03983516483516483 0.030478395061728395
0 0.7524038461538461 0.3292824074074074 0.04189560439560439 0.027391975308641976
0 0.8179945054945055 0.2974537037037037 0.04945054945054945 0.029320987654320986
0 0.854739010989011 0.27642746913580246 0.04601648351648352 0.03356481481481482
0 0.8966346153846154 0.3072916666666667 0.05837912087912088 0.03973765432098766
0 0.9405906593406593 0.3020833333333333 0.036401098901098904 0.030864197530864196
0 1.0103021978021978 0.2962962962962963 0.050824175824175824 0.032407407407407406
0 0.8993818681318682 0.3125 0.08173076923076923 0.04861111111111111
0 0.5171703296703297 0.31635802469135804 0.08791208791208792 0.05401234567901234
