0 0.7840073529411765 0.8651960784313726 0.24325980392156862 0.3799019607843137
0 0.33639705882352944 0.7050653594771242 0.18627450980392157 0.2834967320261438
0 0.6527267156862745 0.6832107843137255 0.14613970588235295 0.26429738562091504
0 0.5044424019607843 0.6685049019607843 0.0934436274509804 0.1270424836601307
0 0.4183517156862745 0.6488970588235294 0.07996323529411764 0.14583333333333334
0 0.5744485294117647 0.5573937908496732 0.05698529411764706 0.09272875816993464
0 0.49034926470588236 0.5314542483660131 0.05606617647058824 0.08251633986928104
0 0.5310968137254902 0.5379901960784313 0.0389093137254902 0.07434640522875817
0 0.3515625 0.5561683006535948 0.07077205882352941 0.10498366013071896
0 0.39246323529411764 0.5138888888888888 0.04963235294117647 0.07679738562091504
0 0.35079656862745096 0.5612745098039216 0.07291666666666667 0.10130718954248366
0 0.17095588235294118 0.5857843137254902 0.09436274509803921 0.12663398692810457
0 0.04764093137254902 0.6117238562091504 0.11795343137254902 0.21772875816993464
0 0.05238970588235294 0.6145833333333334 0.1133578431372549 0.2136437908496732
0 0.11443014705882353 0.4832516339869281 0.035845588235294115 0.061274509803921566
0 0.19791666666666666 0.5014297385620915 0.026348039215686275 0.04534313725490196
0 0.2856924019607843 0.4769199346405229 0.05606617647058824 0.0886437908496732
0 0.17417279411764705 0.4650735294117647 0.03278186274509804 0.051879084967320264
0 0.1487438725490196 0.4054330065359477 0.021752450980392156 0.026552287581699346
0 0.12944240196078433 0.42054738562091504 0.017463235294117647 0.023284313725490197
0 0.07935049019607843 0.4170751633986928 0.018995098039215685 0.027777777777777776
0 0.043198529411764705 0.5079656862745098 0.0392156862745098 0.2013888888888889
0 0.21170343137254902 0.4221813725490196 0.02022058823529412 0.027369281045751634
0 0.24111519607843138 0.41768790849673204 0.01715686274509804 0.027369281045751634
0 0.3255208333333333 0.4513888888888889 0.021752450980392156 0.03431372549019608
0 0.3353247549019608 0.42320261437908496 0.018075980392156864 0.03022875816993464
0 0.34957107843137253 0.4287173202614379 0.014093137254901961 0.024101307189542485
0 0.38848039215686275 0.46119281045751637 0.022058823529411766 0.03349673202614379
0 0.42922794117647056 0.5061274509803921 0.025122549019607844 0.0457516339869281
0 0.48360906862745096 0.4758986928104575 0.03400735294117647 0.051470588235294115
0 0.6360294117647058 0.49264705882352944 0.011642156862745098 0.02287581699346405
0 0.6156556372549019 0.4846813725490196 0.012561274509803922 0.02165032679738562
0 0.6583946078431373 0.4701797385620915 0.012867647058823529 0.021241830065359478
0 0.6297487745098039 0.45241013071895425 0.005821078431372549 0.00857843137254902
0 0.6344975490196079 0.4585375816993464 0.012254901960784314 0.04370915032679738
0 0.6544117647058824 0.4401552287581699 0.00428921568627451 0.006127450980392157
0 0.7936580882352942 0.4791666666666667 0.017463235294117647 0.028594771241830064
0 0.7910539215686274 0.4438316993464052 0.016544117647058824 0.026552287581699346
0 0.7696078431372549 0.45383986928104575 0.014093137254901961 0.02042483660130719
0 0.7454044117647058 0.4491421568627451 0.006127450980392157 0.010212418300653595
0 0.8118872549019608 0.44955065359477125 0.014093137254901961 0.025735294117647058
0 0.8304227941176471 0.43933823529411764 0.015012254901960785 0.026552287581699346
0 0.8727022058823529 0.4540441176470588 0.018688725490196078 0.024918300653594773
0 0.899203431372549 0.4707924836601307 0.013480392156862746 0.020016339869281044
0 0.9342830882352942 0.4556781045751634 0.017463235294117647 0.024101307189542485
0 0.9508272058823529 0.5594362745098039 0.017463235294117647 0.023284313725490197
