0 0.02423076923076923 0.7815028901734105 0.014615384615384615 0.025433526011560695
0 0.037307692307692306 0.8069364161849711 0.016153846153846154 0.025433526011560695
0 0.04230769230769231 0.8329479768786127 0.021538461538461538 0.026589595375722544
0 0.0823076923076923 0.8491329479768787 0.016923076923076923 0.026589595375722544
0 0.09923076923076923 0.7104046242774567 0.013846153846153847 0.024277456647398842
0 0.12692307692307692 0.8034682080924855 0.013846153846153847 0.027745664739884393
0 0.14653846153846153 0.7578034682080925 0.014615384615384615 0.024277456647398842
0 0.1773076923076923 0.7520231213872832 0.014615384615384615 0.024277456647398842
0 0.18576923076923077 0.6011560693641619 0.01 0.016184971098265895
0 0.3119230769230769 0.4953757225433526 0.008461538461538461 0.012716763005780347
0 0.3296153846153846 0.4791907514450867 0.006923076923076923 0.012716763005780347
0 0.33884615384615385 0.49248554913294795 0.01 0.016184971098265895
0 0.3526923076923077 0.45375722543352603 0.008461538461538461 0.012716763005780347
0 0.37461538461538463 0.5323699421965318 0.010769230769230769 0.017341040462427744
0 0.38076923076923075 0.5526011560693641 0.010769230769230769 0.020809248554913295
0 0.5261538461538462 0.6202312138728324 0.013846153846153847 0.021965317919075144
0 0.4584615384615385 0.3647398843930636 0.007692307692307693 0.015028901734104046
0 0.5342307692307692 0.3809248554913295 0.006923076923076923 0.012716763005780347
0 0.7284615384615385 0.3942196531791908 0.006153846153846154 0.009248554913294798
0 0.7315384615384616 0.3872832369942196 0.006153846153846154 0.009248554913294798
0 0.7473076923076923 0.38670520231213873 0.005384615384615384 0.008092485549132947
0 0.7519230769230769 0.3947976878612717 0.006923076923076923 0.010404624277456647
0 0.7819230769230769 0.3838150289017341 0.005384615384615384 0.009248554913294798
0 0.7934615384615384 0.3832369942196532 0.005384615384615384 0.010404624277456647
0 0.8630769230769231 0.7023121387283237 0.015384615384615385 0.024277456647398842
0 0.9142307692307692 0.9063583815028902 0.01769230769230769 0.03930635838150289
0 0.9669230769230769 0.8554913294797688 0.018461538461538463 0.025433526011560695
0 0.948076923076923 0.18092485549132947 0.013076923076923076 0.019653179190751446
0 0.9726923076923077 0.19537572254335261 0.013076923076923076 0.020809248554913295
0 0.9926923076923077 0.19132947976878611 0.011538461538461539 0.019653179190751446
0 0.8757692307692307 0.1947976878612717 0.005384615384615384 0.010404624277456647
0 0.8403846153846154 0.1994219653179191 0.006923076923076923 0.010404624277456647
0 0.8519230769230769 0.19884393063583816 0.005384615384615384 0.006936416184971098
0 0.68 0.1936416184971098 0.006153846153846154 0.010404624277456647
0 0.6419230769230769 0.19826589595375724 0.0038461538461538464 0.005780346820809248
0 0.5226923076923077 0.1947976878612717 0.005384615384615384 0.008092485549132947
0 0.5126923076923077 0.19248554913294796 0.005384615384615384 0.008092485549132947
0 0.5511538461538461 0.1936416184971098 0.0038461538461538464 0.005780346820809248
0 0.5365384615384615 0.19248554913294796 0.0038461538461538464 0.005780346820809248
0 0.4815384615384615 0.1971098265895954 0.004615384615384616 0.008092485549132947
0 0.49615384615384617 0.1930635838150289 0.004615384615384616 0.006936416184971098
0 0.3573076923076923 0.19017341040462427 0.008461538461538461 0.015028901734104046
0 0.2103846153846154 0.20404624277456648 0.01 0.017341040462427744
0 0.19192307692307692 0.18670520231213872 0.01 0.017341040462427744
0 0.1723076923076923 0.1994219653179191 0.010769230769230769 0.017341040462427744
0 0.04961538461538462 0.18786127167630057 0.013076923076923076 0.019653179190751446
0 0.06153846153846154 0.1994219653179191 0.012307692307692308 0.019653179190751446
0 0.4596153846153846 0.04797687861271676 0.0038461538461538464 0.005780346820809248
0 0.5819230769230769 0.04161849710982659 0.0038461538461538464 0.006936416184971098
0 0.6326923076923077 0.03352601156069364 0.0038461538461538464 0.006936416184971098
0 0.6384615384615384 0.05433526011560694 0.010769230769230769 0.04393063583815029
0 0.8257692307692308 0.03352601156069364 0.0038461538461538464 0.006936416184971098
0 0.8476923076923077 0.028901734104046242 0.004615384615384616 0.006936416184971098
0 0.8853846153846154 0.021965317919075144 0.004615384615384616 0.006936416184971098
0 0.5515384615384615 0.6543352601156069 0.009230769230769232 0.016184971098265895
0 0.38846153846153847 0.46705202312138727 0.006153846153846154 0.011560693641618497
