0 0.9077127659574468 0.7406225059856345 0.01648936170212766 0.0335195530726257
0 0.8430851063829787 0.7450119712689545 0.015957446808510637 0.029529130087789304
0 0.8523936170212766 0.7601755786113328 0.01223404255319149 0.02154828411811652
0 0.773936170212766 0.7837190742218675 0.011702127659574468 0.019154030327214685
0 0.7507978723404255 0.792098962490024 0.006914893617021276 0.011971268954509178
0 0.7199468085106383 0.7649640861931365 0.014361702127659574 0.027932960893854747
0 0.6946808510638298 0.790901835594573 0.009574468085106383 0.019154030327214685
0 0.660372340425532 0.7984836392657622 0.01223404255319149 0.018355945730247406
0 0.6018617021276595 0.7182761372705507 0.005851063829787234 0.0111731843575419
0 0.5912234042553192 0.7146847565841979 0.006914893617021276 0.010375099760574621
0 0.5837765957446809 0.7210694333599361 0.005851063829787234 0.010375099760574621
0 0.5542553191489362 0.680367118914605 0.005319148936170213 0.010375099760574621
0 0.6409574468085106 0.6875498802873105 0.00425531914893617 0.007182761372705506
0 0.47579787234042553 0.8088587390263368 0.011170212765957447 0.019952114924181964
0 0.39893617021276595 0.7370311252992817 0.006382978723404255 0.011971268954509178
0 0.39920212765957447 0.7338387869114126 0.006914893617021276 0.011971268954509178
0 0.37553191489361704 0.7198723064644852 0.006382978723404255 0.012769353551476457
0 0.326063829787234 0.7130885873902634 0.005319148936170213 0.010375099760574621
0 0.30638297872340425 0.6612130885873903 0.005319148936170213 0.008778930566640064
0 0.31329787234042555 0.6284916201117319 0.00425531914893617 0.007182761372705506
0 0.28138297872340423 0.7122905027932961 0.006382978723404255 0.010375099760574621
0 0.2797872340425532 0.7390263367916999 0.006382978723404255 0.0111731843575419
0 0.22632978723404254 0.723463687150838 0.006914893617021276 0.010375099760574621
0 0.22101063829787235 0.7944932162809257 0.006914893617021276 0.010375099760574621
0 0.20053191489361702 0.7885075818036712 0.005319148936170213 0.009577015163607342
