0 0.2806666666666667 0.7275204359673024 0.009333333333333334 0.01634877384196185
0 0.49166666666666664 0.7229791099000908 0.0033333333333333335 0.005449591280653951
0 0.5236666666666666 0.7202543142597638 0.0033333333333333335 0.005449591280653951
0 0.5786666666666667 0.723433242506812 0.008 0.013623978201634877
0 0.5876666666666667 0.7166212534059946 0.008666666666666666 0.014532243415077202
0 0.6073333333333333 0.717983651226158 0.008 0.011807447774750226
0 0.6213333333333333 0.7148047229791099 0.008 0.010899182561307902
0 0.625 0.7175295186194369 0.006 0.009082652134423252
0 0.646 0.7243415077202543 0.005333333333333333 0.006357856494096276
0 0.6586666666666666 0.7198001816530427 0.008 0.011807447774750226
0 0.6726666666666666 0.7356948228882834 0.005333333333333333 0.009082652134423252
0 0.686 0.7343324250681199 0.006666666666666667 0.009990917347865577
0 0.7453333333333333 0.689827429609446 0.014666666666666666 0.02633969118982743
0 0.76 0.7252497729336966 0.010666666666666666 0.01725703905540418
0 0.795 0.7134423251589465 0.015333333333333332 0.022706630336058128
