0 0.63575 0.6069017254313578 0.0315 0.0555138784696174
0 0.547 0.5498874718679669 0.03 0.05701425356339085
0 0.09075 0.5922730682670667 0.0075 0.012753188297074268
0 0.25125 0.396099024756189 0.0245 0.04351087771942986
0 0.296 0.40847711927981994 0.02 0.035258814703675916
0 0.3125 0.47261815453863465 0.01 0.01800450112528132
0 0.3365 0.45236309077269315 0.012 0.021005251312828207
0 0.34825 0.4703675918979745 0.0185 0.03150787696924231
0 0.36425 0.4643660915228807 0.0085 0.01800450112528132
0 0.38575 0.4568642160540135 0.0125 0.019504876219054765
0 0.389 0.4399849962490623 0.016 0.03225806451612903
0 0.43575 0.4943735933983496 0.0085 0.01350337584396099
0 0.46425 0.4703675918979745 0.0125 0.02700675168792198
0 0.505 0.4973743435858965 0.009 0.016504126031507877
0 0.57175 0.513503375843961 0.0095 0.0172543135783946
