0 0.7592307692307693 0.5530516431924882 0.026153846153846153 0.03568075117370892
0 0.6503846153846153 0.5450704225352113 0.031538461538461536 0.04037558685446009
0 0.5838461538461538 0.544131455399061 0.016923076923076923 0.023474178403755867
0 0.5311538461538462 0.536150234741784 0.01769230769230769 0.022535211267605635
0 0.4846153846153846 0.5507042253521127 0.016923076923076923 0.0215962441314554
0 0.4646153846153846 0.5314553990610329 0.015384615384615385 0.020657276995305163
0 0.4330769230769231 0.543661971830986 0.012307692307692308 0.016901408450704224
0 0.40192307692307694 0.5521126760563381 0.011538461538461539 0.016901408450704224
0 0.3880769230769231 0.5408450704225352 0.013076923076923076 0.016901408450704224
0 0.4207692307692308 0.5544600938967136 0.016923076923076923 0.02535211267605634
0 0.35115384615384615 0.5333333333333333 0.005384615384615384 0.007511737089201878
0 0.3376923076923077 0.5314553990610329 0.006153846153846154 0.009389671361502348
0 0.3173076923076923 0.5314553990610329 0.008461538461538461 0.011267605633802818
0 0.2896153846153846 0.5460093896713615 0.01 0.012206572769953052
0 0.27884615384615385 0.5563380281690141 0.019230769230769232 0.02535211267605634
0 0.255 0.5446009389671361 0.008461538461538461 0.011267605633802818
0 0.24384615384615385 0.5413145539906103 0.010769230769230769 0.012206572769953052
0 0.2123076923076923 0.5455399061032864 0.010769230769230769 0.013145539906103286
0 0.19538461538461538 0.5591549295774648 0.010769230769230769 0.014084507042253521
0 0.19346153846153846 0.5549295774647888 0.01769230769230769 0.024413145539906103
0 0.1519230769230769 0.5413145539906103 0.006923076923076923 0.010328638497652582
