0 0.175 0.5037037037037037 0.03125 0.05555555555555555
0 0.23541666666666666 0.5277777777777778 0.010416666666666666 0.022222222222222223
0 0.5458333333333333 0.5287037037037037 0.0125 0.024074074074074074
0 0.5901041666666667 0.5092592592592593 0.015625 0.02962962962962963
0 0.6927083333333334 0.5157407407407407 0.01875 0.03518518518518519
0 0.7260416666666667 0.5194444444444445 0.016666666666666666 0.03148148148148148
0 0.6614583333333334 0.5148148148148148 0.0125 0.02962962962962963
0 0.6416666666666667 0.5277777777777778 0.0125 0.022222222222222223
0 0.6005208333333333 0.5388888888888889 0.003125 0.007407407407407408
0 0.5104166666666666 0.5342592592592592 0.008333333333333333 0.012962962962962963
0 0.8588541666666667 0.5277777777777778 0.011458333333333333 0.025925925925925925
0 0.8296875 0.5398148148148149 0.009375 0.016666666666666666
0 0.8411458333333334 0.5425925925925926 0.009375 0.018518518518518517
0 0.8505208333333333 0.5333333333333333 0.009375 0.022222222222222223
