0 0.944375 0.6015 0.02225 0.033
0 0.884125 0.5996666666666667 0.02025 0.032
0 0.802125 0.6185 0.06975 0.09566666666666666
0 0.757 0.6565 0.0775 0.11233333333333333
0 0.706125 0.6111666666666666 0.02575 0.03833333333333333
0 0.65075 0.6095 0.0195 0.03233333333333333
0 0.867125 0.5971666666666666 0.01475 0.023666666666666666
0 0.978 0.5855 0.0125 0.019
0 0.63425 0.6193333333333333 0.021 0.02666666666666667
0 0.581375 0.5925 0.02225 0.029666666666666668
0 0.562375 0.5863333333333334 0.01675 0.027333333333333334
0 0.52925 0.6051666666666666 0.0165 0.022333333333333334
0 0.496 0.6033333333333334 0.0185 0.029333333333333333
0 0.475 0.5961666666666666 0.018 0.027666666666666666
0 0.4365 0.6033333333333334 0.0095 0.011333333333333334
0 0.45875 0.6001666666666666 0.0095 0.014333333333333333
0 0.447875 0.5941666666666666 0.00625 0.013666666666666667
0 0.382375 0.6366666666666667 0.04275 0.06266666666666666
0 0.346375 0.6068333333333333 0.02475 0.037
0 0.326625 0.611 0.01675 0.03
0 0.290125 0.6018333333333333 0.01425 0.021
0 0.20775 0.6075 0.021 0.029
0 0.161875 0.6166666666666667 0.02325 0.03266666666666666
0 0.1865 0.597 0.019 0.026
0 0.066375 0.6273333333333333 0.03275 0.05266666666666667
0 0.0165 0.6206666666666667 0.0335 0.058
0 0.057625 0.6125 0.02775 0.044333333333333336
0 0.107 0.597 0.0105 0.014
0 0.1195 0.6053333333333333 0.0095 0.015333333333333332
0 0.14475 0.6046666666666667 0.0115 0.016
0 0.125875 0.5941666666666666 0.00875 0.013
0 0.09675 0.5918333333333333 0.01 0.01633333333333333
0 0.076375 0.5885 0.00875 0.014333333333333333
0 0.086875 0.5936666666666667 0.00675 0.010666666666666666
0 0.233375 0.5976666666666667 0.01225 0.020666666666666667
0 0.23475 0.6133333333333333 0.0085 0.015333333333333332
0 0.2485 0.602 0.0095 0.012666666666666666
0 0.269875 0.5945 0.01025 0.01633333333333333
0 0.25825 0.5838333333333333 0.0055 0.008333333333333333
0 0.2095 0.5833333333333334 0.0055 0.008
0 0.3085 0.6006666666666667 0.006 0.010666666666666666
0 0.296375 0.5948333333333333 0.00525 0.009
0 0.172875 0.5943333333333334 0.00775 0.013333333333333334
0 0.81825 0.5598333333333333 0.012 0.012333333333333333
0 0.404125 0.5946666666666667 0.00775 0.013333333333333334
0 0.41675 0.6126666666666667 0.02 0.032
0 0.518625 0.5961666666666666 0.01075 0.021
0 0.54175 0.5848333333333333 0.0075 0.011
