0 0.2548828125 0.4363103953147877 0.103515625 0.18740849194729137
0 0.544921875 0.36383601756954614 0.04296875 0.07759882869692533
0 0.36181640625 0.26720351390922403 0.0498046875 0.10102489019033675
0 0.12939453125 0.16691068814055637 0.0244140625 0.040995607613469986
0 0.1904296875 0.15153733528550511 0.01171875 0.021961932650073207
0 0.193359375 0.1683748169838946 0.015625 0.02342606149341142
0 0.20654296875 0.16471449487554904 0.0146484375 0.024890190336749635
0 0.22216796875 0.15300146412884333 0.0146484375 0.021961932650073207
0 0.265625 0.16691068814055637 0.013671875 0.029282576866764276
0 0.27587890625 0.1705710102489019 0.0126953125 0.024890190336749635
0 0.3115234375 0.15592972181551976 0.017578125 0.027818448023426062
0 0.345703125 0.15519765739385066 0.017578125 0.029282576866764276
0 0.24169921875 0.2745241581259151 0.0556640625 0.07759882869692533
0 0.390625 0.1376281112737921 0.015625 0.03806734992679356
0 0.4287109375 0.1398243045387994 0.0078125 0.016105417276720352
0 0.4423828125 0.1383601756954612 0.009765625 0.01903367496339678
0 0.44677734375 0.1581259150805271 0.0185546875 0.029282576866764276
0 0.47900390625 0.1720351390922401 0.0185546875 0.03074670571010249
0 0.509765625 0.16398243045387995 0.01953125 0.03513909224011713
0 0.49072265625 0.15080527086383602 0.0146484375 0.02342606149341142
0 0.5595703125 0.1683748169838946 0.025390625 0.043923865300146414
0 0.47119140625 0.14348462664714495 0.0068359375 0.014641288433382138
0 0.50390625 0.1295754026354319 0.01171875 0.01903367496339678
0 0.5234375 0.1383601756954612 0.009765625 0.013177159590043924
0 0.53271484375 0.13103953147877012 0.0068359375 0.013177159590043924
0 0.5517578125 0.14202049780380674 0.0078125 0.014641288433382138
0 0.57421875 0.15153733528550511 0.013671875 0.021961932650073207
0 0.603515625 0.14568081991215226 0.01171875 0.021961932650073207
0 0.6220703125 0.17569546120058566 0.01953125 0.03806734992679356
0 0.63916015625 0.1383601756954612 0.0146484375 0.021961932650073207
0 0.67333984375 0.16617862371888725 0.0146484375 0.027818448023426062
0 0.64404296875 0.2027818448023426 0.0224609375 0.0424597364568082
0 0.67919921875 0.2144948755490483 0.0263671875 0.05124450951683748
0 0.708984375 0.212298682284041 0.0390625 0.07027818448023426
0 0.77685546875 0.2430453879941435 0.0224609375 0.0527086383601757
0 0.953125 0.18374816983894582 0.015625 0.03074670571010249
0 0.97607421875 0.1683748169838946 0.0107421875 0.02342606149341142
0 0.9228515625 0.1903367496339678 0.01171875 0.020497803806734993
0 0.89208984375 0.1822840409956076 0.0107421875 0.021961932650073207
0 0.92724609375 0.17349926793557832 0.0107421875 0.016105417276720352
0 0.86669921875 0.18814055636896046 0.0126953125 0.027818448023426062
0 0.81982421875 0.17423133235724744 0.0185546875 0.02342606149341142
0 0.791015625 0.17130307467057102 0.021484375 0.032210834553440704
0 0.755859375 0.16544655929721816 0.015625 0.02635431918008785
0 0.7236328125 0.14568081991215226 0.013671875 0.021961932650073207
0 0.5859375 0.14202049780380674 0.0078125 0.014641288433382138
0 0.62646484375 0.12884333821376281 0.0087890625 0.014641288433382138
0 0.77490234375 0.1903367496339678 0.0146484375 0.029282576866764276
0 0.83642578125 0.16105417276720352 0.0107421875 0.02342606149341142
0 0.93310546875 0.16617862371888725 0.0087890625 0.016105417276720352
0 0.9775390625 0.15153733528550511 0.0078125 0.013177159590043924
0 0.46435546875 0.12005856515373353 0.0068359375 0.01171303074670571
