0 0.7777271346095411 0.6181118314424635 0.06715284108173808 0.05834683954619125
0 1.0044059556365845 0.6147690437601296 0.011242783348526283 0.008711507293354943
0 0.9477362503798238 0.6117301458670988 0.011546642357945914 0.00992706645056726
0 0.9402917046490429 0.6175040518638574 0.010635065329687025 0.009724473257698542
0 0.9226678821027043 0.622163695299838 0.011850501367365542 0.009319286871961102
0 0.9118808872683075 0.6120340356564019 0.01276207839562443 0.009724473257698542
0 0.8892433910665452 0.6166936790923825 0.011850501367365542 0.009319286871961102
0 0.8732907930720146 0.6216572123176661 0.010938924339106655 0.008711507293354943
0 0.8331814038286235 0.6165923824959482 0.01701610452749924 0.015194489465153971
0 0.8526283804314798 0.6202390599675851 0.011546642357945914 0.009116693679092382
0 0.8533880279550289 0.6113249594813615 0.011242783348526283 0.010332252836304701
0 0.8745062291096931 0.6139586709886548 0.010938924339106655 0.008711507293354943
0 0.8331814038286235 0.6165923824959482 0.0176238225463385 0.01478930307941653
0 0.7177149802491644 0.6272285251215559 0.013369796414463689 0.008914100486223663
0 0.7084472804618657 0.6189222042139384 0.010027347310847767 0.007293354943273906
0 0.6876329383166211 0.6166936790923825 0.00850805226374962 0.006482982171799027
0 0.6725919173503494 0.619935170178282 0.014281373442722577 0.011750405186385737
0 0.676238225463385 0.6144651539708266 0.011850501367365542 0.009319286871961102
0 0.6619568520206625 0.6156807131280388 0.00881191127316925 0.008914100486223663
0 0.6607414159829839 0.6257090761750406 0.013065937405044059 0.010332252836304701
0 0.6371923427529627 0.6144651539708266 0.010938924339106655 0.008508914100486223
0 0.623822546338499 0.6161871961102107 0.011546642357945914 0.008306320907617504
0 0.6267092069279854 0.6257090761750406 0.01731996353691887 0.012358184764991896
0 0.5989061075660893 0.6364465153970826 0.0036463081130355514 0.0030388978930307943
0 0.5764205408690367 0.6169975688816856 0.010331206320267397 0.008711507293354943
0 0.5580370707991492 0.6134521880064829 0.02035855363111516 0.015802269043760128
0 0.5349437860832573 0.6202390599675851 0.011850501367365542 0.008711507293354943
0 0.5173199635369189 0.6252025931928687 0.011242783348526283 0.01012965964343598
0 0.5080522637496202 0.6074756888168558 0.003038590094196293 0.002228525121555916
0 0.5110908538438165 0.6172001620745543 0.010938924339106655 0.007901134521880064
0 0.504861744150714 0.6173014586709886 0.009419629292008508 0.006888168557536467
0 0.5010635065329687 0.6148703403565641 0.013369796414463689 0.01094003241491086
0 0.4711333941051352 0.6128444084278768 0.010635065329687025 0.009724473257698542
0 0.45350957155879673 0.617402755267423 0.010635065329687025 0.006685575364667747
0 0.44879975691279245 0.6201377633711507 0.009723488301428137 0.008103727714748784
0 0.4357338195077484 0.6188209076175041 0.009723488301428137 0.007901134521880064
0 0.43011242783348524 0.6163897893030794 0.011850501367365542 0.009521880064829822
0 0.4202370100273473 0.6193273905996759 0.012154360376785172 0.009319286871961102
0 0.408994226678821 0.619935170178282 0.010331206320267397 0.008914100486223663
0 0.40079003342449104 0.6182131280388979 0.01276207839562443 0.009116693679092382
0 0.39987845639623215 0.6247974068071313 0.009723488301428137 0.008103727714748784
0 0.372986934062595 0.6178079416531604 0.011242783348526283 0.010332252836304701
0 0.34579155271953815 0.6182131280388979 0.010331206320267397 0.009116693679092382
0 0.3497417198419933 0.6251012965964343 0.012154360376785172 0.008711507293354943
0 0.3398663020358554 0.6236831442463533 0.011850501367365542 0.008306320907617504
0 0.3239137040413248 0.6227714748784441 0.011546642357945914 0.008914100486223663
0 0.31707687632938314 0.6222649918962723 0.009419629292008508 0.008306320907617504
0 0.3061379519902765 0.6254051863857374 0.0124582193862048 0.008914100486223663
0 0.2932239440899423 0.622467585089141 0.015800668489820723 0.00992706645056726
0 0.2725615314494075 0.6232779578606159 0.011546642357945914 0.00992706645056726
0 0.2550896384077788 0.6247974068071313 0.0124582193862048 0.008103727714748784
0 0.22743846855059252 0.6229740680713128 0.011850501367365542 0.009319286871961102
0 0.07490124582193862 0.6233792544570502 0.00881191127316925 0.007293354943273906
0 0.05727742327560012 0.62104943273906 0.010027347310847767 0.007090761750405186
0 0.07079914919477362 0.6244935170178282 0.009723488301428137 0.008306320907617504
