0 0.06405563689604685 0.4971698113207547 0.04026354319180088 0.07358490566037736
0 0.1021229868228404 0.4707547169811321 0.05197657393850659 0.11132075471698114
0 0.15849194729136165 0.46320754716981133 0.03587115666178624 0.10754716981132076
0 0.19875549048316252 0.4207547169811321 0.03587115666178624 0.09056603773584905
0 0.21669106881405564 0.37075471698113205 0.06149341142020498 0.14150943396226415
0 0.27159590043923865 0.49056603773584906 0.03806734992679356 0.09811320754716982
0 0.3235724743777452 0.5 0.03806734992679356 0.07547169811320754
0 0.41800878477306 0.46320754716981133 0.03806734992679356 0.07358490566037736
0 0.45168374816983897 0.47641509433962265 0.040995607613469986 0.07358490566037736
0 0.5259882869692533 0.4179245283018868 0.04319180087847731 0.08490566037735849
0 0.6101756954612005 0.3150943396226415 0.05197657393850659 0.12452830188679245
0 0.6134699853587116 0.45754716981132076 0.027818448023426062 0.07735849056603773
0 0.6478770131771596 0.42830188679245285 0.043923865300146414 0.08679245283018867
0 0.7152269399707174 0.35188679245283017 0.04538799414348463 0.07358490566037736
0 0.7602489019033675 0.33773584905660375 0.050512445095168376 0.1169811320754717
0 0.760614934114202 0.33773584905660375 0.02635431918008785 0.07547169811320754
0 0.8437042459736457 0.25849056603773585 0.06661786237188873 0.1320754716981132
0 0.8363836017569546 0.3179245283018868 0.04319180087847731 0.12264150943396226
0 0.9407027818448024 0.5433962264150943 0.02342606149341142 0.06037735849056604
0 0.928623718887262 0.4650943396226415 0.0212298682284041 0.08867924528301886
0 0.9538799414348462 0.5103773584905661 0.024890190336749635 0.0660377358490566
