0 0.047119140625 0.5967592592592592 0.03076171875 0.058333333333333334
0 0.14697265625 0.6430555555555556 0.0458984375 0.11666666666666667
0 0.2764892578125 0.6666666666666666 0.039794921875 0.09166666666666666
0 0.4072265625 0.6138888888888889 0.0185546875 0.04537037037037037
0 0.441650390625 0.6101851851851852 0.025390625 0.06111111111111111
0 0.4710693359375 0.6118055555555556 0.039306640625 0.08287037037037037
0 0.5010986328125 0.6141203703703704 0.053955078125 0.12546296296296297
0 0.55859375 0.6590277777777778 0.01953125 0.04490740740740741
0 0.6480712890625 0.6592592592592592 0.034912109375 0.07592592592592592
0 0.66357421875 0.6701388888888888 0.0576171875 0.13194444444444445
0 0.6988525390625 0.6395833333333333 0.018798828125 0.0412037037037037
0 0.748046875 0.6368055555555555 0.01904296875 0.0375
0 0.783203125 0.6236111111111111 0.0244140625 0.05648148148148148
0 0.788330078125 0.63125 0.0166015625 0.038425925925925926
