0 0.021604938271604937 0.6780478395061729 0.0051440329218107 0.0073302469135802465
0 0.012345679012345678 0.6788194444444444 0.00720164609053498 0.011188271604938271
0 0.1309156378600823 0.6919367283950617 0.00720164609053498 0.011959876543209876
0 0.2647890946502058 0.6491126543209876 0.0033436213991769547 0.005015432098765432
0 0.28150720164609055 0.6539351851851852 0.002829218106995885 0.004629629629629629
0 0.30606995884773663 0.6373456790123457 0.00360082304526749 0.005401234567901234
0 0.29886831275720166 0.6356095679012346 0.0030864197530864196 0.005787037037037037
0 0.31867283950617287 0.644483024691358 0.0030864197530864196 0.005787037037037037
0 0.2957818930041152 0.6826774691358025 0.00565843621399177 0.009645061728395061
0 0.2984825102880658 0.6880787037037037 0.004886831275720165 0.009645061728395061
0 0.31622942386831276 0.6975308641975309 0.005401234567901234 0.007716049382716049
0 0.3270318930041152 0.6882716049382716 0.006430041152263375 0.008487654320987654
0 0.3488940329218107 0.6932870370370371 0.005401234567901234 0.010802469135802469
0 0.345679012345679 0.6678240740740741 0.0051440329218107 0.006944444444444444
0 0.3585390946502058 0.6685956790123457 0.0051440329218107 0.006944444444444444
0 0.3825874485596708 0.6676311728395061 0.004372427983539095 0.008873456790123456
0 0.3638117283950617 0.6591435185185185 0.004372427983539095 0.006558641975308642
0 0.35802469135802467 0.6483410493827161 0.0030864197530864196 0.005015432098765432
0 0.3464506172839506 0.6475694444444444 0.00360082304526749 0.005787037037037037
0 0.36754115226337447 0.6450617283950617 0.0030864197530864196 0.006172839506172839
0 0.3753858024691358 0.6494984567901234 0.0033436213991769547 0.0073302469135802465
0 0.3868312757201646 0.6467978395061729 0.00360082304526749 0.0073302469135802465
0 0.37834362139917693 0.6398533950617284 0.0030864197530864196 0.005787037037037037
0 0.36882716049382713 0.6402391975308642 0.0030864197530864196 0.005015432098765432
0 0.3759002057613169 0.6442901234567902 0.0033436213991769547 0.006172839506172839
0 0.363940329218107 0.6385030864197531 0.0030864197530864196 0.005401234567901234
0 0.35789609053497945 0.6408179012345679 0.0033436213991769547 0.006172839506172839
0 0.35185185185185186 0.6412037037037037 0.0030864197530864196 0.005401234567901234
0 0.3487654320987654 0.6398533950617284 0.00360082304526749 0.005015432098765432
0 0.3604681069958848 0.6385030864197531 0.002829218106995885 0.005401234567901234
0 0.37705761316872427 0.6298225308641975 0.00205761316872428 0.003472222222222222
0 0.3717849794238683 0.6298225308641975 0.002829218106995885 0.004243827160493827
0 0.3392489711934156 0.6286651234567902 0.00205761316872428 0.003472222222222222
0 0.35108024691358025 0.6238425925925926 0.00205761316872428 0.0030864197530864196
0 0.38786008230452673 0.6398533950617284 0.00360082304526749 0.005015432098765432
0 0.3994341563786008 0.6527777777777778 0.004629629629629629 0.007716049382716049
0 0.4061213991769547 0.6479552469135802 0.00360082304526749 0.005015432098765432
0 0.4113940329218107 0.6506558641975309 0.0038580246913580245 0.006558641975308642
0 0.4156378600823045 0.6489197530864198 0.00360082304526749 0.006172839506172839
0 0.422582304526749 0.644483024691358 0.00360082304526749 0.005787037037037037
0 0.4261831275720165 0.6504629629629629 0.0030864197530864196 0.005401234567901234
0 0.4323559670781893 0.6487268518518519 0.00360082304526749 0.005787037037037037
0 0.4391718106995885 0.6446759259259259 0.0038580246913580245 0.006944444444444444
0 0.3914609053497942 0.6317515432098766 0.00205761316872428 0.003472222222222222
0 0.3966049382716049 0.6284722222222222 0.00360082304526749 0.005401234567901234
0 0.3905606995884774 0.6290509259259259 0.002829218106995885 0.005015432098765432
0 0.4020061728395062 0.6298225308641975 0.00205761316872428 0.003472222222222222
0 0.40753600823045266 0.6309799382716049 0.0023148148148148147 0.003472222222222222
0 0.4085648148148148 0.6286651234567902 0.0023148148148148147 0.003472222222222222
0 0.41460905349794236 0.6286651234567902 0.00205761316872428 0.003472222222222222
0 0.41640946502057613 0.6275077160493827 0.00257201646090535 0.003472222222222222
0 0.42219650205761317 0.625 0.0023148148148148147 0.0038580246913580245
0 0.42592592592592593 0.6221064814814815 0.00257201646090535 0.004243827160493827
0 0.41962448559670784 0.6255787037037037 0.0059156378600823045 0.01890432098765432
0 0.40650720164609055 0.6278935185185185 0.0059156378600823045 0.02044753086419753
0 0.4030349794238683 0.6176697530864198 0.00257201646090535 0.0038580246913580245
0 0.42463991769547327 0.6053240740740741 0.00205761316872428 0.0030864197530864196
0 0.42592592592592593 0.6188271604938271 0.00565843621399177 0.016975308641975308
0 0.45164609053497945 0.6068672839506173 0.00411522633744856 0.016203703703703703
0 0.5556841563786008 0.6610725308641975 0.0033436213991769547 0.005787037037037037
0 0.5578703703703703 0.6531635802469136 0.0030864197530864196 0.005401234567901234
0 0.5668724279835391 0.6493055555555556 0.00411522633744856 0.006172839506172839
0 0.612525720164609 0.6466049382716049 0.002829218106995885 0.004629629629629629
0 0.6118827160493827 0.6448688271604939 0.0030864197530864196 0.005015432098765432
0 0.630272633744856 0.6489197530864198 0.0033436213991769547 0.006172839506172839
0 0.6328446502057613 0.6410108024691358 0.004372427983539095 0.005787037037037037
0 0.6423611111111112 0.6435185185185185 0.0033436213991769547 0.004629629629629629
0 0.6412037037037037 0.6356095679012346 0.00360082304526749 0.005787037037037037
0 0.6553497942386831 0.6437114197530864 0.0030864197530864196 0.006558641975308642
0 0.6031378600823045 0.6199845679012346 0.00205761316872428 0.0030864197530864196
0 0.5940072016460906 0.6205632716049383 0.001800411522633745 0.002700617283950617
0 0.5964506172839507 0.6294367283950617 0.004629629629629629 0.02199074074074074
0 0.5983796296296297 0.6190200617283951 0.001800411522633745 0.003472222222222222
0 0.5808899176954733 0.6325231481481481 0.010030864197530864 0.018132716049382717
0 0.5686728395061729 0.6186342592592593 0.00257201646090535 0.003472222222222222
0 0.5785751028806584 0.6226851851851852 0.0023148148148148147 0.0038580246913580245
0 0.5821759259259259 0.6203703703703703 0.0023148148148148147 0.0038580246913580245
0 0.5864197530864198 0.6209490740740741 0.00205761316872428 0.002700617283950617
0 0.5925925925925926 0.6026234567901234 0.0015432098765432098 0.0030864197530864196
0 0.5838477366255144 0.6122685185185185 0.0051440329218107 0.013888888888888888
