0 0.734 0.6012084592145015 0.062 0.09667673716012085
0 0.9995 0.5838368580060423 0.043 0.061933534743202415
0 0.8815 0.5830815709969789 0.037 0.0755287009063444
0 0.8825 0.547583081570997 0.031 0.04984894259818731
0 0.7975 0.5324773413897281 0.033 0.04682779456193353
0 0.727 0.5634441087613293 0.048 0.06646525679758308
0 0.6745 0.5120845921450151 0.033 0.054380664652567974
0 0.6335 0.5007552870090635 0.029 0.04984894259818731
0 0.614 0.4735649546827795 0.024 0.04380664652567976
0 0.8245 0.5188821752265861 0.031 0.04380664652567976
0 0.7725 0.5037764350453172 0.029 0.0377643504531722
0 0.765 0.4743202416918429 0.018 0.027190332326283987
0 0.7975 0.5045317220543807 0.025 0.030211480362537766
0 0.73 0.4811178247734139 0.02 0.03474320241691843
0 0.7195 0.4675226586102719 0.021 0.0256797583081571
0 0.689 0.46299093655589124 0.016 0.022658610271903322
0 0.608 0.452416918429003 0.022 0.03172205438066465
0 0.586 0.43202416918429004 0.016 0.027190332326283987
0 0.668 0.4486404833836858 0.012 0.021148036253776436
0 0.7075 0.44939577039274925 0.015 0.022658610271903322
0 0.6905 0.438821752265861 0.017 0.028700906344410877
0 0.6505 0.4312688821752266 0.013 0.022658610271903322
0 0.6405 0.42673716012084595 0.011 0.019637462235649546
0 0.6275 0.41918429003021146 0.011 0.019637462235649546
0 0.5545 0.4161631419939577 0.017 0.022658610271903322
0 0.531 0.4131419939577039 0.014 0.019637462235649546
0 0.526 0.3783987915407855 0.008 0.013595166163141994
0 0.5765 0.3648036253776435 0.007 0.013595166163141994
0 0.538 0.9350453172205438 0.1 0.1661631419939577
0 0.1995 0.8270392749244713 0.131 0.22205438066465258
0 0.025 0.6344410876132931 0.068 0.1148036253776435
0 0.3355 0.5634441087613293 0.061 0.09667673716012085
0 0.064 0.5453172205438066 0.046 0.0634441087613293
0 0.169 0.5113293051359517 0.034 0.061933534743202415
0 0.238 0.49395770392749244 0.038 0.0513595166163142
0 0.2165 0.486404833836858 0.025 0.045317220543806644
0 0.282 0.48413897280966767 0.026 0.04380664652567976
0 0.3685 0.4984894259818731 0.027 0.054380664652567974
0 0.0645 0.39274924471299094 0.009 0.012084592145015106
0 0.4015 0.472809667673716 0.025 0.0513595166163142
0 0.4335 0.46148036253776437 0.033 0.052870090634441085
0 0.4685 0.4350453172205438 0.021 0.03625377643504532
0 0.4955 0.43277945619335345 0.017 0.0256797583081571
0 0.506 0.41012084592145015 0.01 0.01661631419939577
0 0.179 0.37990936555891236 0.006 0.0075528700906344415
