0 0.8945833333333333 0.689375 0.009166666666666667 0.01625
0 0.81625 0.68 0.0075 0.015
0 0.7141666666666666 0.686875 0.008333333333333333 0.01625
0 0.6145833333333334 0.76625 0.010833333333333334 0.0175
0 0.62 0.6725 0.006666666666666667 0.01
0 0.5354166666666667 0.659375 0.0075 0.01375
0 0.5691666666666667 0.633125 0.008333333333333333 0.01375
0 0.595 0.62125 0.006666666666666667 0.0125
0 0.6141666666666666 0.61875 0.006666666666666667 0.01
0 0.53 0.6325 0.008333333333333333 0.015
0 0.495 0.625625 0.006666666666666667 0.01125
0 0.44958333333333333 0.63375 0.0075 0.0125
0 0.43 0.636875 0.006666666666666667 0.01125
0 0.30791666666666667 0.69 0.0075 0.01
0 0.23541666666666666 0.7125 0.009166666666666667 0.0175
0 0.185 0.709375 0.01 0.01625
0 0.11208333333333333 0.96375 0.0225 0.0325
0 0.25125 0.61875 0.0075 0.015
0 0.25625 0.609375 0.005833333333333334 0.00875
0 0.20958333333333334 0.623125 0.0075 0.01375
0 0.1475 0.65875 0.008333333333333333 0.0125
0 0.13333333333333333 0.631875 0.006666666666666667 0.01125
0 0.12375 0.631875 0.0075 0.01375
0 0.0475 0.675 0.006666666666666667 0.0125
0 0.037083333333333336 0.6775 0.009166666666666667 0.015
0 0.07375 0.5875 0.005833333333333334 0.01
0 0.10166666666666667 0.5825 0.006666666666666667 0.015
0 0.13458333333333333 0.588125 0.0075 0.01125
0 0.16583333333333333 0.69 0.008333333333333333 0.0125
0 0.37583333333333335 0.814375 0.03666666666666667 0.12625
0 0.33208333333333334 0.605 0.0075 0.0125
0 0.38333333333333336 0.594375 0.006666666666666667 0.01125
0 0.4033333333333333 0.595625 0.006666666666666667 0.01125
0 0.46208333333333335 0.620625 0.0075 0.01375
0 0.7420833333333333 0.671875 0.009166666666666667 0.01375
0 0.8695833333333334 0.678125 0.009166666666666667 0.01375
0 0.8616666666666667 0.611875 0.006666666666666667 0.01125
0 0.895 0.63 0.01 0.015
0 0.87625 0.60875 0.009166666666666667 0.0125
0 0.9541666666666667 0.574375 0.005 0.00875
0 0.93 0.563125 0.006666666666666667 0.01125
0 0.8945833333333333 0.560625 0.005833333333333334 0.00875
0 0.8845833333333334 0.56625 0.005833333333333334 0.01
0 0.83375 0.585625 0.005833333333333334 0.01125
0 0.7675 0.573125 0.006666666666666667 0.00875
0 0.79125 0.570625 0.0075 0.01125
0 0.81875 0.56125 0.0075 0.01
0 0.7929166666666667 0.550625 0.005833333333333334 0.00875
0 0.8016666666666666 0.5225 0.005 0.0075
0 0.6625 0.593125 0.006666666666666667 0.01125
0 0.6833333333333333 0.585 0.006666666666666667 0.0125
0 0.7 0.58625 0.006666666666666667 0.01
0 0.6579166666666667 0.523125 0.004166666666666667 0.00625
0 0.64625 0.5375 0.009166666666666667 0.0475
0 0.6941666666666667 0.509375 0.0033333333333333335 0.00625
0 0.7670833333333333 0.505625 0.004166666666666667 0.00625
0 0.7295833333333334 0.503125 0.004166666666666667 0.00875
0 0.72 0.494375 0.005 0.00625
0 0.7141666666666666 0.504375 0.0033333333333333335 0.00625
0 0.7008333333333333 0.5025 0.0033333333333333335 0.005
0 0.7054166666666667 0.520625 0.004166666666666667 0.00625
0 0.6983333333333334 0.531875 0.0033333333333333335 0.00625
0 0.6345833333333334 0.48625 0.0025 0.005
0 0.4454166666666667 0.625 0.0075 0.0125
0 0.445 0.60375 0.008333333333333333 0.0125
0 0.4425 0.590625 0.006666666666666667 0.01125
0 0.46375 0.609375 0.0075 0.01125
0 0.4216666666666667 0.568125 0.006666666666666667 0.00875
0 0.4058333333333333 0.539375 0.006666666666666667 0.00875
0 0.40791666666666665 0.51875 0.004166666666666667 0.0075
0 0.575 0.521875 0.0033333333333333335 0.00625
0 0.5895833333333333 0.504375 0.004166666666666667 0.00625
0 0.60375 0.499375 0.004166666666666667 0.00875
0 0.6029166666666667 0.461875 0.004166666666666667 0.00625
0 0.5741666666666667 0.45875 0.006666666666666667 0.01
0 0.5020833333333333 0.406875 0.004166666666666667 0.00625
0 0.30125 0.5275 0.004166666666666667 0.0075
0 0.275 0.539375 0.0033333333333333335 0.00625
0 0.24375 0.545 0.004166666666666667 0.0075
0 0.24625 0.5375 0.004166666666666667 0.0075
0 0.22916666666666666 0.546875 0.006666666666666667 0.00875
0 0.22541666666666665 0.565 0.005833333333333334 0.0075
0 0.21125 0.563125 0.005833333333333334 0.00875
0 0.20208333333333334 0.570625 0.005833333333333334 0.00875
0 0.17208333333333334 0.58625 0.0075 0.01
0 0.2125 0.59625 0.005 0.0075
0 0.29041666666666666 0.49375 0.004166666666666667 0.0075
0 0.30666666666666664 0.50375 0.0033333333333333335 0.005
0 0.30916666666666665 0.489375 0.0033333333333333335 0.00625
0 0.38625 0.505 0.004166666666666667 0.0075
0 0.3333333333333333 0.535625 0.005 0.00875
0 0.32666666666666666 0.515 0.0033333333333333335 0.0075
0 0.38083333333333336 0.4825 0.0033333333333333335 0.005
0 0.34875 0.476875 0.0025 0.00375
