0 0.18193069306930693 0.8243021346469622 0.0297029702970297 0.03940886699507389
0 0.2555693069306931 0.8415435139573071 0.01608910891089109 0.021346469622331693
0 0.28898514851485146 0.8522167487684729 0.013613861386138614 0.022988505747126436
0 0.31745049504950495 0.8366174055829229 0.013613861386138614 0.0180623973727422
0 0.359529702970297 0.8891625615763546 0.018564356435643563 0.027914614121510674
0 0.36448019801980197 0.8423645320197044 0.01608910891089109 0.026272577996715927
0 0.40717821782178215 0.8390804597701149 0.009900990099009901 0.013136288998357963
0 0.39542079207920794 0.8653530377668309 0.013613861386138614 0.019704433497536946
0 0.38985148514851486 0.9055829228243021 0.01485148514851485 0.021346469622331693
0 0.4158415841584158 0.896551724137931 0.012376237623762377 0.022988505747126436
0 0.4498762376237624 0.8957307060755336 0.02103960396039604 0.027914614121510674
0 0.4876237623762376 0.8842364532019704 0.017326732673267328 0.027914614121510674
0 0.5043316831683168 0.8793103448275862 0.01608910891089109 0.024630541871921183
0 0.4876237623762376 0.8825944170771757 0.019801980198019802 0.031198686371100164
0 0.5136138613861386 0.8448275862068966 0.01485148514851485 0.021346469622331693
0 0.5123762376237624 0.8267651888341544 0.012376237623762377 0.0180623973727422
0 0.5297029702970297 0.8333333333333334 0.01485148514851485 0.021346469622331693
0 0.5488861386138614 0.8357963875205254 0.013613861386138614 0.019704433497536946
0 0.5408415841584159 0.8300492610837439 0.009900990099009901 0.0180623973727422
0 0.5686881188118812 0.854679802955665 0.013613861386138614 0.021346469622331693
0 0.5816831683168316 0.825944170771757 0.012376237623762377 0.016420361247947456
0 0.5878712871287128 0.8637110016420362 0.009900990099009901 0.016420361247947456
0 0.6150990099009901 0.854679802955665 0.009900990099009901 0.014778325123152709
0 0.6466584158415841 0.8628899835796388 0.011138613861386138 0.014778325123152709
0 0.676980198019802 0.9055829228243021 0.017326732673267328 0.0180623973727422
0 0.681930693069307 0.8505747126436781 0.012376237623762377 0.019704433497536946
0 0.7060643564356436 0.8596059113300493 0.01608910891089109 0.021346469622331693
0 0.7277227722772277 0.8825944170771757 0.024752475247524754 0.034482758620689655
0 0.7852722772277227 0.916256157635468 0.023514851485148515 0.0361247947454844
0 0.7877475247524752 0.8522167487684729 0.01608910891089109 0.026272577996715927
0 0.8050742574257426 0.8251231527093597 0.013613861386138614 0.021346469622331693
0 0.8254950495049505 0.8998357963875205 0.019801980198019802 0.03284072249589491
0 0.8483910891089109 0.8793103448275862 0.023514851485148515 0.034482758620689655
0 0.8892326732673267 0.8834154351395731 0.02103960396039604 0.026272577996715927
0 0.9344059405940595 0.9121510673234812 0.024752475247524754 0.04433497536945813
0 0.9888613861386139 0.8579638752052545 0.012376237623762377 0.021346469622331693
0 0.9913366336633663 0.8809523809523809 0.01485148514851485 0.024630541871921183
0 0.9362623762376238 0.8604269293924466 0.013613861386138614 0.022988505747126436
0 0.7314356435643564 0.8481116584564861 0.017326732673267328 0.021346469622331693
0 0.7524752475247525 0.8456486042692939 0.01485148514851485 0.019704433497536946
0 0.655940594059406 0.8513957307060755 0.009900990099009901 0.014778325123152709
