0 0.5790625 -0.04902912621359223 0.018125 0.024271844660194174
0 0.496875 -0.03349514563106796 0.0175 0.030097087378640777
0 0.5121875 0.05970873786407767 0.026875 0.04174757281553398
0 0.4121875 0.04902912621359223 0.025625 0.05728155339805825
0 0.3365625 0.08737864077669903 0.023125 0.05242718446601942
0 0.21875 0.26650485436893206 0.0275 0.05728155339805825
0 0.1153125 0.2737864077669903 0.026875 0.06019417475728155
0 0.38625 0.4097087378640777 0.0275 0.04466019417475728
0 0.3496875 0.5902912621359223 0.029375 0.05242718446601942
0 0.470625 0.5402912621359224 0.03 0.05728155339805825
0 0.695 0.1742718446601942 0.02875 0.05728155339805825
0 0.47875 0.3466019417475728 0.02875 0.05048543689320388
0 0.5659375 0.408252427184466 0.031875 0.05533980582524272
0 0.6371875 0.4223300970873786 0.026875 0.06019417475728155
0 0.70625 0.5538834951456311 0.0275 0.05728155339805825
0 0.8125 0.5597087378640777 0.03 0.06699029126213592
0 0.8921875 0.6597087378640777 0.034375 0.06699029126213592
0 0.6871875 0.8616504854368932 0.033125 0.06310679611650485
0 0.3640625 0.8577669902912621 0.031875 0.05339805825242718
0 0.2378125 0.8723300970873786 0.029375 0.05339805825242718
0 0.5165625 0.5053398058252427 0.023125 0.04563106796116505
0 0.6934375 0.720873786407767 0.025625 0.05339805825242718
