0 0.6092307692307692 0.40809248554913297 0.003076923076923077 0.004624277456647399
0 0.6192307692307693 0.40635838150289016 0.004615384615384616 0.005780346820809248
0 0.6292307692307693 0.42947976878612715 0.004615384615384616 0.005780346820809248
0 0.6503846153846153 0.42254335260115605 0.002307692307692308 0.003468208092485549
0 0.7061538461538461 0.42427745664739885 0.003076923076923077 0.004624277456647399
0 0.7123076923076923 0.44104046242774564 0.009230769230769232 0.03121387283236994
0 0.7384615384615385 0.430635838150289 0.003076923076923077 0.005780346820809248
0 0.7511538461538462 0.4329479768786127 0.0038461538461538464 0.005780346820809248
0 0.7557692307692307 0.43641618497109824 0.0038461538461538464 0.005780346820809248
0 0.7607692307692308 0.44104046242774564 0.003076923076923077 0.005780346820809248
0 0.7823076923076923 0.43815028901734104 0.003076923076923077 0.004624277456647399
0 0.7846153846153846 0.44046242774566474 0.003076923076923077 0.004624277456647399
0 0.7911538461538462 0.4416184971098266 0.002307692307692308 0.004624277456647399
0 0.8023076923076923 0.44508670520231214 0.003076923076923077 0.006936416184971098
0 0.86 0.4502890173410405 0.003076923076923077 0.005780346820809248
0 0.8676923076923077 0.44739884393063584 0.003076923076923077 0.004624277456647399
0 0.8723076923076923 0.4647398843930636 0.006153846153846154 0.025433526011560695
0 0.8769230769230769 0.45202312138728323 0.003076923076923077 0.004624277456647399
0 0.8826923076923077 0.4554913294797688 0.0038461538461538464 0.004624277456647399
0 0.8892307692307693 0.45202312138728323 0.003076923076923077 0.004624277456647399
0 0.9080769230769231 0.4578034682080925 0.002307692307692308 0.004624277456647399
0 0.9184615384615384 0.4682080924855491 0.006153846153846154 0.025433526011560695
0 0.9238461538461539 0.45664739884393063 0.003076923076923077 0.004624277456647399
0 0.9342307692307692 0.45375722543352603 0.0038461538461538464 0.005780346820809248
0 0.9661538461538461 0.46069364161849713 0.003076923076923077 0.003468208092485549
0 0.9742307692307692 0.47341040462427747 0.01 0.026589595375722544
0 0.9815384615384616 0.461271676300578 0.003076923076923077 0.004624277456647399
