0 0.008873456790123456 0.4870756172839506 0.004886831275720165 0.0073302469135802465
0 0.06468621399176955 0.4853395061728395 0.006430041152263375 0.007716049382716049
0 0.07818930041152264 0.46585648148148145 0.00411522633744856 0.006558641975308642
0 0.0842335390946502 0.46739969135802467 0.0033436213991769547 0.005015432098765432
0 0.09272119341563786 0.4940200617283951 0.010030864197530864 0.02044753086419753
0 0.09580761316872428 0.49382716049382713 0.009516460905349794 0.020833333333333332
0 0.11998456790123457 0.46739969135802467 0.0033436213991769547 0.005787037037037037
0 0.12988683127572018 0.4675925925925926 0.00411522633744856 0.006944444444444444
0 0.1720679012345679 0.4691358024691358 0.00360082304526749 0.004629629629629629
0 0.30362654320987653 0.4720293209876543 0.002829218106995885 0.005015432098765432
0 0.3045267489711934 0.4957561728395062 0.00411522633744856 0.013888888888888888
0 0.3079989711934156 0.4955632716049383 0.007458847736625514 0.015817901234567902
0 0.3096707818930041 0.4903549382716049 0.0030864197530864196 0.004629629629629629
0 0.31185699588477367 0.4930555555555556 0.0023148148148148147 0.0038580246913580245
0 0.32021604938271603 0.49112654320987653 0.00360082304526749 0.005401234567901234
0 0.31031378600823045 0.46875 0.0033436213991769547 0.005401234567901234
0 0.3123713991769547 0.4573688271604938 0.0033436213991769547 0.005015432098765432
0 0.3229166666666667 0.470679012345679 0.0038580246913580245 0.005401234567901234
0 0.33101851851851855 0.4737654320987654 0.00360082304526749 0.004629629629629629
0 0.3366769547325103 0.4720293209876543 0.00257201646090535 0.004243827160493827
0 0.5075874485596708 0.4990354938271605 0.011574074074074073 0.015046296296296295
0 0.501414609053498 0.4799382716049383 0.001286008230452675 0.0023148148148148147
0 0.505272633744856 0.4818672839506173 0.0023148148148148147 0.0038580246913580245
0 0.5048868312757202 0.4816743827160494 0.00205761316872428 0.003472222222222222
0 0.5081018518518519 0.4836033950617284 0.002829218106995885 0.015046296296296295
0 0.5088734567901234 0.4913194444444444 0.004372427983539095 0.025848765432098766
0 0.5129886831275721 0.49421296296296297 0.0023148148148148147 0.0038580246913580245
0 0.5178755144032922 0.49382716049382713 0.0023148148148148147 0.0030864197530864196
0 0.6207561728395061 0.5171682098765432 0.005401234567901234 0.010416666666666666
0 0.5982510288065843 0.4963348765432099 0.00411522633744856 0.0073302469135802465
0 0.5973508230452675 0.4818672839506173 0.0023148148148148147 0.0038580246913580245
0 0.600951646090535 0.4841820987654321 0.001800411522633745 0.0030864197530864196
0 0.6051954732510288 0.4841820987654321 0.00205761316872428 0.0030864197530864196
0 0.6099537037037037 0.4855324074074074 0.001800411522633745 0.002700617283950617
0 0.6103395061728395 0.4828317901234568 0.0015432098765432098 0.0019290123456790122
0 0.6149691358024691 0.4851466049382716 0.0015432098765432098 0.002700617283950617
0 0.6152263374485597 0.4859182098765432 0.0015432098765432098 0.002700617283950617
0 0.6183127572016461 0.486304012345679 0.00205761316872428 0.003472222222222222
0 0.6229423868312757 0.4868827160493827 0.00205761316872428 0.0038580246913580245
0 0.6239711934156379 0.4868827160493827 0.00205761316872428 0.0030864197530864196
0 0.6274434156378601 0.4851466049382716 0.001800411522633745 0.002700617283950617
0 0.6304012345679012 0.4940200617283951 0.00360082304526749 0.01890432098765432
0 0.9866255144032922 0.4861111111111111 0.006687242798353909 0.010030864197530864
0 0.9607767489711934 0.455054012345679 0.013117283950617283 0.021219135802469136
0 0.9429012345679012 0.4660493827160494 0.00823045267489712 0.011574074074074073
0 0.9949845679012346 0.4527391975308642 0.001800411522633745 0.002700617283950617
0 0.9912551440329218 0.453125 0.00257201646090535 0.003472222222222222
0 0.6387602880658436 0.517554012345679 0.014146090534979424 0.02507716049382716
0 0.645704732510288 0.5061728395061729 0.012088477366255145 0.022376543209876542
0 0.6485339506172839 0.4870756172839506 0.001800411522633745 0.002700617283950617
0 0.6545781893004116 0.4859182098765432 0.00205761316872428 0.002700617283950617
0 0.6427469135802469 0.4859182098765432 0.00205761316872428 0.003472222222222222
0 0.6637088477366255 0.4849537037037037 0.001800411522633745 0.0023148148148148147
0 0.6718106995884774 0.48977623456790126 0.00205761316872428 0.003472222222222222
0 0.6665380658436214 0.48919753086419754 0.001800411522633745 0.0030864197530864196
0 0.8815586419753086 0.2361111111111111 0.05066872427983539 0.07484567901234568
0 0.720164609053498 0.36612654320987653 0.026234567901234566 0.046296296296296294
0 0.4066358024691358 0.05497685185185185 0.08024691358024691 0.13233024691358025
0 0.18981481481481483 0.13676697530864199 0.07098765432098765 0.1400462962962963
