0 0.06201171875 0.2578125 0.0458984375 0.0703125
0 0.1513671875 0.3326822916666667 0.041015625 0.06380208333333333
0 0.25537109375 0.2623697916666667 0.0361328125 0.06640625
0 0.33203125 0.298828125 0.044921875 0.07161458333333333
0 0.47900390625 0.318359375 0.0380859375 0.055989583333333336
0 0.3701171875 0.349609375 0.048828125 0.08463541666666667
0 0.4521484375 0.3841145833333333 0.046875 0.078125
0 0.5498046875 0.3470052083333333 0.046875 0.08203125
0 0.6572265625 0.3209635416666667 0.041015625 0.07421875
0 0.734375 0.3294270833333333 0.044921875 0.0859375
0 0.84228515625 0.2981770833333333 0.0478515625 0.0859375
0 0.806640625 0.337890625 0.052734375 0.08463541666666667
0 0.0859375 0.4537760416666667 0.044921875 0.06901041666666667
0 0.2041015625 0.373046875 0.048828125 0.07421875
0 0.29736328125 0.5104166666666666 0.0537109375 0.09895833333333333
0 0.3994140625 0.6686197916666666 0.04296875 0.07682291666666667
0 0.4716796875 0.5084635416666666 0.048828125 0.08203125
0 0.55322265625 0.5696614583333334 0.0419921875 0.08203125
0 0.6240234375 0.5182291666666666 0.041015625 0.07552083333333333
0 0.76123046875 0.5123697916666666 0.0595703125 0.09244791666666667
0 0.8974609375 0.5638020833333334 0.05078125 0.08072916666666667
