0 0.8089311859443631 0.666015625 0.07759882869692533 0.056640625
0 0.5102489019033675 0.685546875 0.07759882869692533 0.060546875
0 0.37042459736456806 0.6962890625 0.0527086383601757 0.04296875
0 0.2957540263543192 0.66552734375 0.055636896046852125 0.0439453125
0 0.12005856515373353 0.69091796875 0.055636896046852125 0.0380859375
0 0.5746705710102489 0.662109375 0.04538799414348463 0.0390625
0 0.5980966325036603 0.6669921875 0.024890190336749635 0.021484375
0 0.7225475841874085 0.66748046875 0.027818448023426062 0.0224609375
0 0.7730600292825769 0.64599609375 0.014641288433382138 0.0126953125
0 0.9897510980966325 0.64453125 0.017569546120058566 0.01171875
0 0.9231332357247438 0.6552734375 0.013177159590043924 0.0078125
0 0.9458272327964861 0.64697265625 0.014641288433382138 0.0087890625
0 0.9421669106881405 0.63916015625 0.010248901903367497 0.0068359375
0 0.9114202049780381 0.63525390625 0.010248901903367497 0.0068359375
0 0.8828696925329429 0.64208984375 0.01171303074670571 0.0087890625
0 0.8411420204978038 0.6455078125 0.010248901903367497 0.0078125
0 0.8484626647144948 0.6376953125 0.013177159590043924 0.009765625
