0 0.8884615384615384 0.37402597402597404 0.033846153846153845 0.05714285714285714
0 0.6588461538461539 0.36883116883116884 0.031538461538461536 0.05714285714285714
0 0.568076923076923 0.36298701298701297 0.02846153846153846 0.06623376623376623
0 0.5046153846153846 0.43376623376623374 0.043076923076923075 0.08051948051948052
0 0.39884615384615385 0.42142857142857143 0.03 0.06623376623376623
0 0.40384615384615385 0.37727272727272726 0.02 0.03506493506493506
0 0.33384615384615385 0.41233766233766234 0.03076923076923077 0.06623376623376623
0 0.31653846153846155 0.3948051948051948 0.023846153846153847 0.05194805194805195
0 0.28923076923076924 0.38766233766233765 0.018461538461538463 0.04025974025974026
0 0.2373076923076923 0.3461038961038961 0.031538461538461536 0.05584415584415584
0 0.18307692307692308 0.4649350649350649 0.03538461538461538 0.05974025974025974
0 0.06923076923076923 0.41623376623376623 0.036923076923076927 0.07402597402597402
0 0.18846153846153846 0.3987012987012987 0.016923076923076923 0.03636363636363636
0 0.13076923076923078 0.4038961038961039 0.016923076923076923 0.03636363636363636
0 0.14846153846153845 0.3935064935064935 0.009230769230769232 0.02077922077922078
0 0.18269230769230768 0.37727272727272726 0.011538461538461539 0.02207792207792208
0 0.08961538461538461 0.39545454545454545 0.011538461538461539 0.024675324675324677
0 0.10153846153846154 0.39090909090909093 0.009230769230769232 0.01818181818181818
0 0.08807692307692308 0.36298701298701297 0.005384615384615384 0.011688311688311689
0 0.11807692307692308 0.39415584415584415 0.008461538461538461 0.016883116883116882
0 0.15307692307692308 0.36818181818181817 0.009230769230769232 0.016883116883116882
0 0.17076923076923076 0.37857142857142856 0.012307692307692308 0.02207792207792208
0 0.03769230769230769 0.37337662337662336 0.010769230769230769 0.014285714285714285
