0 0.05125 0.4746031746031746 0.0075 0.015873015873015872
0 0.03958333333333333 0.5277777777777778 0.009166666666666667 0.01746031746031746
0 0.10541666666666667 0.5920634920634921 0.019166666666666665 0.04126984126984127
0 0.13333333333333333 0.5896825396825397 0.023333333333333334 0.03968253968253968
0 0.17625 0.573015873015873 0.0125 0.025396825396825397
0 0.26 0.6166666666666667 0.021666666666666667 0.046031746031746035
0 0.24625 0.5507936507936508 0.009166666666666667 0.015873015873015872
0 0.2791666666666667 0.5444444444444444 0.01 0.022222222222222223
0 0.3120833333333333 0.5595238095238095 0.024166666666666666 0.05873015873015873
0 0.3720833333333333 0.5523809523809524 0.014166666666666666 0.031746031746031744
0 0.44875 0.5611111111111111 0.0225 0.05873015873015873
0 0.4741666666666667 0.5555555555555556 0.015 0.031746031746031744
0 0.515 0.5746031746031746 0.016666666666666666 0.0380952380952381
0 0.60625 0.5412698412698412 0.024166666666666666 0.047619047619047616
0 0.6304166666666666 0.5547619047619048 0.015833333333333335 0.026984126984126985
0 0.6641666666666667 0.5563492063492064 0.02 0.03968253968253968
0 0.70125 0.5865079365079365 0.014166666666666666 0.03015873015873016
0 0.7441666666666666 0.5642857142857143 0.015 0.03333333333333333
0 0.7654166666666666 0.5682539682539682 0.0125 0.025396825396825397
0 0.785 0.5706349206349206 0.018333333333333333 0.03650793650793651
0 0.845 0.5507936507936508 0.023333333333333334 0.05396825396825397
0 0.8941666666666667 0.5666666666666667 0.035 0.07301587301587302
0 0.9616666666666667 0.6023809523809524 0.023333333333333334 0.04285714285714286
