0 0.36615384615384616 0.33489583333333334 0.05076923076923077 0.06979166666666667
0 0.5742307692307692 0.4083333333333333 0.03923076923076923 0.06458333333333334
0 0.19153846153846155 0.4010416666666667 0.02 0.03125
0 0.2834615384615385 0.3770833333333333 0.02076923076923077 0.027083333333333334
0 0.43884615384615383 0.3932291666666667 0.022307692307692306 0.03229166666666667
0 0.8830769230769231 0.42552083333333335 0.046153846153846156 0.065625
0 0.7219230769230769 0.3885416666666667 0.025384615384615384 0.03958333333333333
0 0.4857692307692308 0.40520833333333334 0.008461538461538461 0.014583333333333334
0 0.5173076923076924 0.3963541666666667 0.008461538461538461 0.015625
0 0.54 0.3953125 0.013846153846153847 0.019791666666666666
0 0.5026923076923077 0.4354166666666667 0.022307692307692306 0.09166666666666666
0 0.6003846153846154 0.3859375 0.01 0.015625
0 0.6142307692307692 0.39166666666666666 0.006923076923076923 0.0125
0 0.6388461538461538 0.3958333333333333 0.006923076923076923 0.008333333333333333
