0 0.011403953370501775 0.3973509933774834 0.025848960973137353 0.06357615894039735
0 0.08362899138367967 0.4900662251655629 0.006082108464267613 0.015894039735099338
0 0.23441459706031426 0.5178807947019868 0.00456158134820071 0.013245033112582781
0 0.2622909275215408 0.49205298013245036 0.0035478966041561076 0.011920529801324504
0 0.24455144450076027 0.4947019867549669 0.006588950836289914 0.019867549668874173
0 0.21186011150532186 0.3529801324503311 0.02331474911302585 0.06225165562913907
0 0.29548910288900154 0.46158940397350995 0.00912316269640142 0.02781456953642384
0 0.3976178408514952 0.4827814569536424 0.00456158134820071 0.017218543046357615
0 0.3639128231120122 0.3086092715231788 0.02331474911302585 0.07152317880794702
0 0.41003547896604153 0.39006622516556294 0.016218955904713634 0.04370860927152318
0 0.4308160162189559 0.46688741721854304 0.006082108464267613 0.019867549668874173
0 0.476431829700963 0.5172185430463576 0.006082108464267613 0.025165562913907286
0 0.48175367460719715 0.4695364238410596 0.0035478966041561076 0.011920529801324504
0 0.489863152559554 0.4821192052980132 0.0035478966041561076 0.010596026490066225
0 0.46857577293461733 0.45165562913907287 0.006588950836289914 0.02119205298013245
0 0.5025342118601115 0.44966887417218543 0.006588950836289914 0.017218543046357615
0 0.5040547389761784 0.46688741721854304 0.00456158134820071 0.011920529801324504
0 0.5106436898124683 0.49933774834437084 0.002534211860111505 0.005298013245033113
0 0.520273694880892 0.46622516556291393 0.0035478966041561076 0.010596026490066225
0 0.5255955397871263 0.4602649006622517 0.00506842372022301 0.01456953642384106
0 0.5397871262037507 0.44437086092715233 0.007095793208312215 0.019867549668874173
0 0.5651292448048657 0.4741721854304636 0.00506842372022301 0.013245033112582781
0 0.577546882919412 0.4688741721854305 0.006588950836289914 0.018543046357615896
0 0.5856563608717689 0.47880794701986756 0.005575266092245312 0.01456953642384106
0 0.5912316269640142 0.4695364238410596 0.006588950836289914 0.017218543046357615
0 0.6056766345666498 0.5059602649006623 0.0030410542321338066 0.010596026490066225
0 0.6203750633552965 0.45695364238410596 0.00912316269640142 0.02384105960264901
0 0.6398884946781551 0.4900662251655629 0.00456158134820071 0.013245033112582781
0 0.6467308667004562 0.47549668874172185 0.006082108464267613 0.015894039735099338
0 0.6619361378611252 0.5125827814569537 0.0020273694880892043 0.005298013245033113
0 0.6657374556512925 0.5337748344370861 0.005575266092245312 0.05033112582781457
0 0.6695387734414597 0.47019867549668876 0.008109477952356817 0.018543046357615896
0 0.7496198682209833 0.5066225165562914 0.00506842372022301 0.011920529801324504
0 0.7673593512417638 0.5079470198675496 0.0040547389761784085 0.011920529801324504
0 0.7747085656360871 0.5119205298013245 0.0035478966041561076 0.009271523178807948
0 0.7871262037506336 0.5059602649006623 0.0040547389761784085 0.013245033112582781
0 0.8023314749113026 0.5066225165562914 0.0040547389761784085 0.011920529801324504
0 0.808160162189559 0.5079470198675496 0.0035478966041561076 0.009271523178807948
0 0.824885960466295 0.5079470198675496 0.0035478966041561076 0.011920529801324504
0 0.8289406994424734 0.5384105960264901 0.012671059300557527 0.0728476821192053
0 0.922453117080588 0.48013245033112584 0.008109477952356817 0.019867549668874173
0 0.6938672072985301 0.2390728476821192 0.02939685757729346 0.06754966887417219
0 0.8616320324379118 0.4768211920529801 0.011150532184490624 0.02913907284768212
0 0.883933096806893 0.4847682119205298 0.011150532184490624 0.026490066225165563
0 0.9475418144956919 0.4900662251655629 0.007602635580334516 0.02384105960264901
0 0.9533705017739483 0.4675496688741722 0.013177901672579827 0.026490066225165563
0 0.9921439432336543 0.4410596026490066 0.015712113532691332 0.03708609271523179
