0 0.8671875 0.21897810218978103 0.064453125 0.12408759124087591
0 0.92333984375 0.23266423357664234 0.0517578125 0.10401459854014598
0 0.8525390625 0.20437956204379562 0.044921875 0.08759124087591241
0 0.69775390625 0.20346715328467152 0.0224609375 0.05291970802919708
0 0.67236328125 0.20072992700729927 0.0224609375 0.051094890510948905
0 0.62646484375 0.20529197080291972 0.0244140625 0.05656934306569343
0 0.587890625 0.2591240875912409 0.04296875 0.09854014598540146
0 0.48974609375 0.17062043795620438 0.0498046875 0.1332116788321168
0 0.56982421875 0.18339416058394162 0.0341796875 0.06751824817518248
0 0.59130859375 0.19981751824817517 0.0185546875 0.041970802919708027
0 0.51171875 0.2071167883211679 0.021484375 0.05291970802919708
0 0.4072265625 0.20164233576642335 0.037109375 0.08576642335766424
0 0.2705078125 0.15693430656934307 0.072265625 0.13138686131386862
0 0.36328125 0.1906934306569343 0.01953125 0.03832116788321168
0 0.33447265625 0.20164233576642335 0.0146484375 0.03102189781021898
0 0.30712890625 0.20072992700729927 0.0185546875 0.043795620437956206
0 0.22314453125 0.16149635036496351 0.0400390625 0.08941605839416059
0 0.17529296875 0.1678832116788321 0.0205078125 0.040145985401459854
0 0.138671875 0.2116788321167883 0.025390625 0.05474452554744526
0 0.1328125 0.17518248175182483 0.021484375 0.0364963503649635
0 0.10009765625 0.19616788321167883 0.0166015625 0.041970802919708027
0 0.05078125 0.1906934306569343 0.03125 0.041970802919708027
