0 0.0085 0.37631184407796103 0.015 0.0239880059970015
0 0.0205 0.36656671664167917 0.017 0.025487256371814093
0 0.068 0.3403298350824588 0.012 0.020989505247376312
0 0.106 0.3538230884557721 0.014 0.026986506746626688
0 0.119 0.3448275862068966 0.012 0.020989505247376312
0 0.128 0.3530734632683658 0.012 0.019490254872563718
0 0.171 0.3523238380809595 0.044 0.07796101949025487
0 0.221 0.348575712143928 0.01 0.01649175412293853
0 0.2245 0.32908545727136435 0.013 0.022488755622188907
0 0.255 0.3373313343328336 0.006 0.01199400299850075
0 0.2825 0.32983508245877063 0.019 0.03298350824587706
0 0.314 0.33883058470764615 0.01 0.014992503748125937
0 0.3315 0.356071964017991 0.019 0.034482758620689655
0 0.351 0.3575712143928036 0.014 0.025487256371814093
0 0.362 0.34332833583208394 0.01 0.017991004497751123
0 0.374 0.348575712143928 0.012 0.022488755622188907
0 0.381 0.35082458770614694 0.014 0.0239880059970015
0 0.3995 0.34557721139430286 0.023 0.04047976011994003
0 0.442 0.3493253373313343 0.012 0.020989505247376312
0 0.4645 0.34557721139430286 0.011 0.019490254872563718
0 0.474 0.33883058470764615 0.006 0.008995502248875561
0 0.4995 0.32983508245877063 0.017 0.026986506746626688
0 0.4945 0.348575712143928 0.015 0.022488755622188907
0 0.537 0.3320839580209895 0.032 0.05247376311844078
0 0.568 0.3493253373313343 0.032 0.05697151424287856
0 0.6065 0.3575712143928036 0.011 0.019490254872563718
0 0.623 0.34557721139430286 0.008 0.010494752623688156
0 0.644 0.3403298350824588 0.012 0.017991004497751123
0 0.654 0.41379310344827586 0.012 0.017991004497751123
0 0.6635 0.35157421289355323 0.021 0.031484257871064465
0 0.679 0.32908545727136435 0.014 0.022488755622188907
0 0.7025 0.3410794602698651 0.007 0.010494752623688156
0 0.7505 0.3568215892053973 0.011 0.020989505247376312
0 0.7665 0.3553223388305847 0.007 0.01199400299850075
0 0.7735 0.3613193403298351 0.003 0.005997001499250375
0 0.8005 0.3770614692653673 0.013 0.022488755622188907
0 0.7855 0.42278860569715143 0.019 0.029985007496251874
0 0.878 0.3868065967016492 0.014 0.0239880059970015
0 0.896 0.39355322338830584 0.018 0.025487256371814093
0 0.9465 0.39205397301349326 0.015 0.025487256371814093
0 0.937 0.3800599700149925 0.016 0.025487256371814093
0 1.008 0.35157421289355323 0.026 0.046476761619190406
