0 0.7326789838337182 0.6701438848920863 0.03579676674364896 0.025179856115107913
0 0.6905311778290993 0.6381294964028777 0.04157043879907621 0.02877697841726619
0 0.5150115473441108 0.6392086330935252 0.03464203233256351 0.025179856115107913
0 1.0057736720554273 0.6129496402877698 0.03695150115473441 0.02158273381294964
0 0.9434180138568129 0.612589928057554 0.013856812933025405 0.00935251798561151
0 0.9058891454965358 0.6179856115107913 0.012702078521939953 0.008633093525179856
0 0.8972286374133949 0.6140287769784173 0.018475750577367205 0.00935251798561151
0 0.8406466512702079 0.6115107913669064 0.013856812933025405 0.010071942446043165
0 0.9665127020785219 0.6079136690647482 0.011547344110854504 0.008633093525179856
0 0.9751732101616628 0.6363309352517985 0.03579676674364896 0.06115107913669065
0 0.73094688221709 0.6147482014388489 0.009237875288683603 0.006474820143884892
0 0.6310623556581986 0.6129496402877698 0.008083140877598153 0.0057553956834532375
0 0.5687066974595842 0.6143884892086331 0.015011547344110854 0.010071942446043165
0 0.4722863741339492 0.6151079136690647 0.009237875288683603 0.0057553956834532375
0 0.4913394919168591 0.6143884892086331 0.010392609699769052 0.0057553956834532375
0 0.3827944572748268 0.6129496402877698 0.010392609699769052 0.007194244604316547
0 0.2823325635103926 0.6460431654676259 0.019630484988452657 0.017266187050359712
0 0.3325635103926097 0.6284172661870504 0.023094688221709007 0.017985611510791366
0 0.22690531177829099 0.6241007194244604 0.02424942263279446 0.016546762589928057
0 0.05600461893764434 0.6201438848920864 0.019630484988452657 0.012949640287769784
0 0.09006928406466513 0.6071942446043166 0.011547344110854504 0.008633093525179856
0 0.11431870669745958 0.6219424460431655 0.013856812933025405 0.007913669064748202
0 0.12759815242494227 0.6172661870503597 0.010392609699769052 0.007194244604316547
0 0.1836027713625866 0.6107913669064748 0.013856812933025405 0.011510791366906475
0 0.1922632794457275 0.612589928057554 0.015011547344110854 0.00935251798561151
0 0.27251732101616627 0.6118705035971223 0.009237875288683603 0.005035971223021582
0 0.29503464203233254 0.6107913669064748 0.008083140877598153 0.0057553956834532375
0 0.2996535796766744 0.6133093525179856 0.008083140877598153 0.006474820143884892
0 0.32678983833718245 0.6158273381294964 0.009237875288683603 0.007194244604316547
0 0.3366050808314088 0.6115107913669064 0.010392609699769052 0.007194244604316547
0 0.07043879907621248 0.610431654676259 0.009237875288683603 0.006474820143884892
0 0.6795612009237876 0.6147482014388489 0.010392609699769052 0.006474820143884892
0 0.8008083140877598 0.6068345323741007 0.03348729792147806 0.025179856115107913
