0 0.1865482233502538 0.24111675126903553 0.0583756345177665 0.09644670050761421
0 0.2428087986463621 0.26586294416243655 0.04060913705583756 0.07487309644670051
0 0.27707275803722503 0.31916243654822335 0.048223350253807105 0.08248730964467005
0 0.3849407783417936 0.3001269035532995 0.032148900169204735 0.046954314720812185
0 0.4183587140439932 0.27093908629441626 0.03468697123519458 0.06725888324873096
0 0.467005076142132 0.30583756345177665 0.05245346869712352 0.08629441624365482
0 0.5177664974619289 0.2652284263959391 0.030456852791878174 0.04060913705583756
0 0.5685279187817259 0.2366751269035533 0.025380710659898477 0.05203045685279188
0 0.612098138747885 0.25571065989847713 0.048223350253807105 0.09771573604060914
0 0.6053299492385786 0.2265228426395939 0.04314720812182741 0.06725888324873096
0 0.7199661590524534 0.2652284263959391 0.05922165820642978 0.08375634517766498
0 0.8324873096446701 0.2684010152284264 0.09983079526226735 0.1713197969543147
0 0.9885786802030457 0.28426395939086296 0.04145516074450085 0.09390862944162437
0 0.9475465313028765 0.21129441624365483 0.021996615905245348 0.04187817258883249
0 0.9741962774957699 0.20050761421319796 0.0194585448392555 0.03553299492385787
0 0.4966159052453469 0.23286802030456852 0.01015228426395939 0.01903553299492386
