0 0.7357723577235772 0.34334415584415584 0.03861788617886179 0.0762987012987013
0 0.7352642276422764 0.3482142857142857 0.031504065040650404 0.0633116883116883
0 0.6737804878048781 0.37256493506493504 0.036585365853658534 0.07305194805194805
0 0.6026422764227642 0.35633116883116883 0.036585365853658534 0.07305194805194805
0 0.5630081300813008 0.3522727272727273 0.036585365853658534 0.06168831168831169
0 0.6214430894308943 0.3717532467532468 0.029471544715447155 0.05844155844155844
0 0.5365853658536586 0.36444805194805197 0.024390243902439025 0.05357142857142857
0 0.4659552845528455 0.40665584415584416 0.031504065040650404 0.0633116883116883
0 0.383130081300813 0.28165584415584416 0.042682926829268296 0.07954545454545454
0 0.4420731707317073 0.39366883116883117 0.024390243902439025 0.04707792207792208
0 0.43851626016260165 0.362012987012987 0.023373983739837397 0.04220779220779221
0 0.296239837398374 0.3685064935064935 0.027439024390243903 0.05519480519480519
0 0.23983739837398374 0.35633116883116883 0.026422764227642278 0.05032467532467533
0 0.15802845528455284 0.4107142857142857 0.027439024390243903 0.048701298701298704
0 0.17632113821138212 0.411525974025974 0.019308943089430895 0.037337662337662336
