0 0.8242307692307692 0.4848326359832636 0.031538461538461536 0.04707112970711297
0 0.7380769230769231 0.47175732217573224 0.025384615384615384 0.04602510460251046
0 0.6415384615384615 0.4837866108786611 0.03230769230769231 0.053347280334728034
0 0.47615384615384615 0.475418410041841 0.02923076923076923 0.053347280334728034
0 0.3453846153846154 0.4560669456066946 0.027692307692307693 0.0502092050209205
0 0.2453846153846154 0.5078451882845189 0.026153846153846153 0.053347280334728034
0 0.23461538461538461 0.4299163179916318 0.027692307692307693 0.04811715481171548
0 0.07192307692307692 0.5868200836820083 0.023846153846153847 0.03556485355648536
0 0.5334615384615384 0.3922594142259414 0.016153846153846154 0.027196652719665274
0 0.5192307692307693 0.377092050209205 0.012307692307692308 0.021966527196652718
0 0.6092307692307692 0.36035564853556484 0.015384615384615385 0.02405857740585774
0 0.5969230769230769 0.3786610878661088 0.010769230769230769 0.014644351464435146
0 0.6853846153846154 0.39173640167364016 0.016923076923076923 0.02615062761506276
0 0.7546153846153846 0.40481171548117156 0.013846153846153847 0.02301255230125523
0 0.855 0.42207112970711297 0.019230769230769232 0.032426778242677826
0 0.8138461538461539 0.3760460251046025 0.015384615384615385 0.021966527196652718
0 0.8369230769230769 0.38023012552301255 0.012307692307692308 0.01778242677824268
0 0.8669230769230769 0.35355648535564854 0.015384615384615385 0.01882845188284519
0 0.9015384615384615 0.36610878661087864 0.009230769230769232 0.014644351464435146
0 0.9753846153846154 0.3561715481171548 0.006153846153846154 0.009414225941422594
0 0.7542307692307693 0.36767782426778245 0.008461538461538461 0.011506276150627616
0 0.735 0.3682008368200837 0.008461538461538461 0.012552301255230125
0 0.735 0.3598326359832636 0.006923076923076923 0.010460251046025104
0 0.7661538461538462 0.3577405857740586 0.006153846153846154 0.010460251046025104
0 0.7992307692307692 0.3530334728033473 0.004615384615384616 0.007322175732217573
0 0.8092307692307692 0.3514644351464435 0.004615384615384616 0.006276150627615063
0 0.8157692307692308 0.3514644351464435 0.005384615384615384 0.008368200836820083
0 0.8257692307692308 0.350418410041841 0.0038461538461538464 0.006276150627615063
0 0.931923076923077 0.34989539748953974 0.006923076923076923 0.032426778242677826
0 0.9242307692307692 0.3493723849372385 0.006923076923076923 0.027196652719665274
0 0.8338461538461538 0.3514644351464435 0.004615384615384616 0.006276150627615063
0 0.8576923076923076 0.34623430962343094 0.003076923076923077 0.0041841004184100415
0 0.8415384615384616 0.34518828451882844 0.004615384615384616 0.006276150627615063
0 0.8488461538461538 0.34414225941422594 0.0038461538461538464 0.006276150627615063
0 0.8973076923076924 0.3608786610878661 0.01 0.03347280334728033
0 0.9053846153846153 0.34623430962343094 0.004615384615384616 0.006276150627615063
0 0.91 0.3446652719665272 0.004615384615384616 0.007322175732217573
0 0.8896153846153846 0.3389121338912134 0.0038461538461538464 0.006276150627615063
0 0.8769230769230769 0.34989539748953974 0.004615384615384616 0.007322175732217573
0 0.8765384615384615 0.33838912133891214 0.005384615384615384 0.007322175732217573
0 0.8826923076923077 0.36401673640167365 0.01 0.0397489539748954
