0 0.33775 0.4264502762430939 0.0075 0.013121546961325966
0 0.346 0.4261049723756906 0.007 0.011049723756906077
0 0.35575 0.43439226519337015 0.0075 0.013812154696132596
0 0.35425 0.4036602209944751 0.0035 0.004834254143646409
0 0.43675 0.42921270718232046 0.0065 0.010359116022099447
0 0.44925 0.417817679558011 0.0055 0.009668508287292817
0 0.4455 0.4285220994475138 0.006 0.010359116022099447
0 0.4845 0.42679558011049723 0.007 0.012430939226519336
0 0.48425 0.42679558011049723 0.0065 0.011049723756906077
0 0.52375 0.42714088397790057 0.0075 0.011740331491712707
0 0.53175 0.425414364640884 0.0065 0.011049723756906077
0 0.499 0.39088397790055246 0.003 0.004143646408839779
0 0.574 0.4008977900552486 0.004 0.006215469613259668
0 0.62075 0.4095303867403315 0.0055 0.008287292817679558
0 0.63575 0.41263812154696133 0.0045 0.006215469613259668
0 0.7985 0.4191988950276243 0.005 0.006906077348066298
0 0.832 0.40400552486187846 0.004 0.006906077348066298
0 0.60075 0.46374309392265195 0.0405 0.06698895027624309
0 0.47975 0.5379834254143646 0.0415 0.052486187845303865
0 0.40975 0.4647790055248619 0.0475 0.0787292817679558
