0 0.975 0.5423728813559322 0.055 0.08286252354048965
0 0.806875 0.4670433145009416 0.03375 0.05649717514124294
0 0.415625 0.6026365348399246 0.05125 0.1016949152542373
0 0.583125 0.532015065913371 0.05875 0.09981167608286252
0 0.64625 0.4783427495291902 0.0525 0.1016949152542373
0 0.686875 0.332391713747646 0.01625 0.02824858757062147
0 0.7 0.4406779661016949 0.0225 0.03389830508474576
0 0.675 0.4510357815442561 0.0225 0.04331450094161959
0 0.5775 0.3935969868173258 0.015 0.026365348399246705
0 0.555625 0.4030131826741996 0.01625 0.022598870056497175
0 0.510625 0.5 0.03625 0.0696798493408663
0 0.444375 0.5310734463276836 0.04125 0.05649717514124294
0 0.470625 0.4303201506591337 0.02375 0.035781544256120526
0 0.484375 0.4369114877589454 0.01625 0.022598870056497175
0 0.488125 0.4124293785310734 0.01625 0.026365348399246705
0 0.52 0.4105461393596987 0.02 0.030131826741996232
0 0.50875 0.3973634651600753 0.01 0.018832391713747645
0 0.48375 0.3691148775894539 0.0075 0.011299435028248588
0 0.3675 0.4322033898305085 0.015 0.02448210922787194
0 0.383125 0.4209039548022599 0.01125 0.01694915254237288
0 0.398125 0.4067796610169492 0.01375 0.026365348399246705
0 0.15 0.6242937853107344 0.0725 0.096045197740113
0 0.248125 0.5772128060263654 0.05375 0.096045197740113
0 -0.009375 0.4943502824858757 0.04625 0.07721280602636535
0 0.053125 0.5225988700564972 0.04375 0.07344632768361582
0 0.03375 0.5037664783427496 0.0425 0.0696798493408663
0 0.125 0.4924670433145009 0.0375 0.054613935969868174
0 0.175625 0.4971751412429379 0.02875 0.04896421845574388
0 0.305 0.4500941619585687 0.0225 0.030131826741996232
0 0.240625 0.4397363465160075 0.02375 0.035781544256120526
0 0.223125 0.4717514124293785 0.02625 0.032015065913371
0 0.19375 0.4764595103578154 0.0275 0.04519774011299435
0 0.316875 0.4265536723163842 0.01375 0.02071563088512241
0 0.34 0.4096045197740113 0.0125 0.02071563088512241
0 0.273125 0.4397363465160075 0.01375 0.02071563088512241
0 0.313125 0.4397363465160075 0.01375 0.02071563088512241
