0 0.9189655172413793 0.5625899280575539 0.07241379310344828 0.058992805755395686
0 0.714367816091954 0.560431654676259 0.03333333333333333 0.030215827338129497
0 0.6057471264367816 0.5582733812949641 0.034482758620689655 0.025899280575539568
0 0.5149425287356322 0.5363309352517985 0.041379310344827586 0.03381294964028777
0 0.3994252873563218 0.5517985611510792 0.047126436781609195 0.034532374100719423
0 0.2706896551724138 0.5611510791366906 0.04942528735632184 0.03597122302158273
0 0.135632183908046 0.5719424460431655 0.04367816091954023 0.033093525179856115
0 0.08333333333333333 0.5553956834532374 0.05862068965517241 0.0460431654676259
0 -0.0005747126436781609 0.6161870503597122 0.01264367816091954 0.00935251798561151
0 0.25 0.5446043165467626 0.03103448275862069 0.02158273381294964
0 0.20057471264367815 0.5787769784172662 0.028735632183908046 0.022302158273381296
0 0.1810344827586207 0.5701438848920863 0.01954022988505747 0.013669064748201438
0 0.35344827586206895 0.5982014388489209 0.02413793103448276 0.015107913669064749
0 0.34195402298850575 0.5949640287769784 0.01264367816091954 0.011510791366906475
0 0.482183908045977 0.5669064748201439 0.014942528735632184 0.008633093525179856
0 0.46091954022988507 0.6003597122302158 0.006896551724137931 0.005035971223021582
0 0.6367816091954023 0.5723021582733813 0.011494252873563218 0.007913669064748202
