0 0.1845703125 0.4830729166666667 0.013671875 0.0234375
0 0.15087890625 0.4661458333333333 0.0146484375 0.0234375
0 0.04443359375 0.4166666666666667 0.0126953125 0.015625
0 0.228515625 0.5397135416666666 0.046875 0.06380208333333333
0 0.14306640625 0.5494791666666666 0.0322265625 0.046875
0 0.09326171875 0.533203125 0.0732421875 0.10807291666666667
0 0.28564453125 0.5533854166666666 0.0224609375 0.036458333333333336
0 0.3056640625 0.5651041666666666 0.03515625 0.049479166666666664
0 0.35302734375 0.568359375 0.0361328125 0.061197916666666664
0 0.3876953125 0.5625 0.025390625 0.03125
0 0.4248046875 0.5709635416666666 0.04296875 0.05078125
0 0.44287109375 0.5696614583333334 0.0205078125 0.032552083333333336
0 0.4638671875 0.5494791666666666 0.01171875 0.018229166666666668
0 0.48583984375 0.5651041666666666 0.0126953125 0.015625
0 0.5166015625 0.55078125 0.04296875 0.057291666666666664
0 0.54296875 0.568359375 0.044921875 0.05859375
0 0.5732421875 0.548828125 0.013671875 0.022135416666666668
0 0.59228515625 0.5611979166666666 0.0087890625 0.013020833333333334
0 0.6298828125 0.5716145833333334 0.044921875 0.057291666666666664
0 0.66162109375 0.544921875 0.0185546875 0.032552083333333336
0 0.6826171875 0.5618489583333334 0.015625 0.022135416666666668
0 0.71142578125 0.541015625 0.0166015625 0.02734375
0 0.73876953125 0.529296875 0.0185546875 0.029947916666666668
0 0.7490234375 0.5442708333333334 0.02734375 0.041666666666666664
0 0.70947265625 0.666015625 0.0341796875 0.045572916666666664
0 0.74853515625 0.6002604166666666 0.0341796875 0.059895833333333336
0 0.78759765625 0.5045572916666666 0.0068359375 0.009114583333333334
0 0.8125 0.4973958333333333 0.015625 0.0234375
0 0.84375 0.484375 0.01953125 0.028645833333333332
0 0.86083984375 0.4837239583333333 0.0087890625 0.014322916666666666
0 0.87158203125 0.48046875 0.0205078125 0.028645833333333332
0 0.88525390625 0.48046875 0.0146484375 0.026041666666666668
0 0.916015625 0.505859375 0.041015625 0.06380208333333333
0 0.87841796875 0.5729166666666666 0.0419921875 0.06510416666666667
0 0.826171875 0.576171875 0.056640625 0.08463541666666667
0 0.9189453125 0.478515625 0.017578125 0.024739583333333332
0 0.9140625 0.4427083333333333 0.017578125 0.018229166666666668
0 0.95654296875 0.4466145833333333 0.0146484375 0.020833333333333332
0 0.94287109375 0.4485677083333333 0.0166015625 0.024739583333333332
0 0.9833984375 0.4680989583333333 0.0234375 0.04296875
