0 0.9210069444444444 0.7237654320987654 0.024305555555555556 0.05246913580246913
0 0.044270833333333336 0.7268518518518519 0.020833333333333332 0.037037037037037035
0 0.1328125 0.7438271604938271 0.015625 0.027777777777777776
0 0.2907986111111111 0.7253086419753086 0.015625 0.027777777777777776
0 0.3216145833333333 0.7399691358024691 0.014756944444444444 0.026234567901234566
0 0.3832465277777778 0.7214506172839507 0.014756944444444444 0.029320987654320986
0 0.4227430555555556 0.7399691358024691 0.015625 0.029320987654320986
0 0.640625 0.7422839506172839 0.022569444444444444 0.046296296296296294
0 0.5950520833333334 0.7476851851851852 0.006076388888888889 0.010802469135802469
0 0.58984375 0.7291666666666666 0.006076388888888889 0.010802469135802469
0 0.5572916666666666 0.7245370370370371 0.005208333333333333 0.010802469135802469
0 0.546875 0.7430555555555556 0.010416666666666666 0.05401234567901234
0 0.5455729166666666 0.7229938271604939 0.006076388888888889 0.010802469135802469
0 0.51171875 0.7214506172839507 0.006076388888888889 0.010802469135802469
0 0.5034722222222222 0.7175925925925926 0.006944444444444444 0.012345679012345678
0 0.4978298611111111 0.7577160493827161 0.011284722222222222 0.05864197530864197
0 0.48828125 0.7222222222222222 0.006076388888888889 0.009259259259259259
0 0.76171875 0.7368827160493827 0.016493055555555556 0.029320987654320986
