0 0.4237037037037037 0.9177777777777778 0.014814814814814815 0.015555555555555555
0 0.397037037037037 0.8894444444444445 0.017777777777777778 0.021111111111111112
0 0.4318518518518519 0.8483333333333334 0.01925925925925926 0.016666666666666666
0 0.24814814814814815 0.6716666666666666 0.013333333333333334 0.012222222222222223
0 0.19703703703703704 0.6711111111111111 0.014814814814814815 0.017777777777777778
0 0.11481481481481481 0.6783333333333333 0.01925925925925926 0.014444444444444444
0 0.5962962962962963 0.5738888888888889 0.01037037037037037 0.01
0 0.36592592592592593 0.32 0.008888888888888889 0.006666666666666667
0 0.3466666666666667 0.31722222222222224 0.005925925925925926 0.005555555555555556
0 0.40370370370370373 0.28833333333333333 0.007407407407407408 0.005555555555555556
0 0.4140740740740741 0.2866666666666667 0.0044444444444444444 0.0044444444444444444
0 0.4444444444444444 0.2822222222222222 0.011851851851851851 0.02666666666666667
