0 0.8974609375 0.56982421875 0.016276041666666668 0.0146484375
0 0.80859375 0.619384765625 0.013020833333333334 0.00927734375
0 0.7415364583333334 0.617919921875 0.014322916666666666 0.01123046875
0 0.7112630208333334 0.624755859375 0.013671875 0.01123046875
0 0.6966145833333334 0.576171875 0.015625 0.013671875
0 0.6276041666666666 0.612548828125 0.01171875 0.01025390625
0 0.5830078125 0.573974609375 0.007161458333333333 0.00634765625
0 0.54296875 0.569580078125 0.006510416666666667 0.00537109375
0 0.5250651041666666 0.57080078125 0.004557291666666667 0.00390625
0 0.51171875 0.5673828125 0.006510416666666667 0.0048828125
0 0.5052083333333334 0.569091796875 0.006510416666666667 0.00634765625
0 0.5550130208333334 0.586669921875 0.021484375 0.01806640625
0 0.4921875 0.579345703125 0.015625 0.01220703125
0 0.4742838541666667 0.5947265625 0.024088541666666668 0.01953125
0 0.4580078125 0.5712890625 0.008463541666666666 0.0068359375
0 0.4192708333333333 0.572265625 0.006510416666666667 0.0048828125
0 0.208984375 0.577880859375 0.006510416666666667 0.00537109375
0 0.2041015625 0.607666015625 0.009765625 0.00830078125
0 0.115234375 0.606201171875 0.009114583333333334 0.00634765625
0 0.2688802083333333 0.594970703125 0.037760416666666664 0.03173828125
0 0.17415364583333334 0.62890625 0.035807291666666664 0.0302734375
