0 0.9030769230769231 0.3601063829787234 0.055384615384615386 0.07553191489361702
0 0.7284615384615385 0.43563829787234043 0.04923076923076923 0.08829787234042553
0 0.5769230769230769 0.4117021276595745 0.052307692307692305 0.1
0 0.46307692307692305 0.3819148936170213 0.04 0.07234042553191489
0 0.2915384615384615 0.4319148936170213 0.038461538461538464 0.06170212765957447
0 0.20192307692307693 0.41436170212765955 0.06846153846153846 0.10319148936170212
0 0.07884615384615384 0.4186170212765957 0.013076923076923076 0.018085106382978722
0 0.2519230769230769 0.39361702127659576 0.023846153846153847 0.03829787234042553
0 0.34115384615384614 0.373936170212766 0.019230769230769232 0.02872340425531915
0 0.30538461538461537 0.3941489361702128 0.021538461538461538 0.035106382978723406
0 0.25884615384615384 0.36648936170212765 0.016153846153846154 0.02872340425531915
0 0.16230769230769232 0.36542553191489363 0.027692307692307693 0.05
0 0.125 0.3718085106382979 0.019230769230769232 0.02872340425531915
