0 0.042916666666666665 0.6813125695216907 0.010833333333333334 0.014460511679644048
0 0.0425 0.6507230255839822 0.013333333333333334 0.020022246941045607
0 0.06916666666666667 0.9471635150166852 0.055 0.08342602892102335
0 0.6266666666666667 0.5723025583982202 0.005 0.012235817575083427
0 0.6429166666666667 0.5684093437152391 0.005833333333333334 0.020022246941045607
0 0.6483333333333333 0.567853170189099 0.005 0.018909899888765295
0 0.7679166666666667 0.5656284760845384 0.0025 0.0033370411568409346
0 0.77625 0.5656284760845384 0.0025 0.0033370411568409346
0 0.7779166666666667 0.585650723025584 0.004166666666666667 0.0055617352614015575
0 0.7725 0.5906562847608454 0.005 0.006674082313681869
0 0.7366666666666667 0.5923248053392659 0.006666666666666667 0.01668520578420467
0 0.7925 0.5773081201334817 0.0033333333333333335 0.004449388209121246
0 0.7954166666666667 0.5761957730812013 0.0025 0.004449388209121246
0 0.8075 0.5778642936596218 0.0033333333333333335 0.0033370411568409346
0 0.8116666666666666 0.5672969966629589 0.0033333333333333335 0.004449388209121246
0 0.8041666666666667 0.5956618464961068 0.006666666666666667 0.00778642936596218
0 0.8158333333333333 0.5895439377085651 0.006666666666666667 0.008898776418242492
0 0.8270833333333333 0.5901001112347052 0.005833333333333334 0.00778642936596218
0 0.835 0.5806451612903226 0.005 0.006674082313681869
0 0.8529166666666667 0.5778642936596218 0.005833333333333334 0.00778642936596218
0 0.8679166666666667 0.5800889877641824 0.019166666666666665 0.01668520578420467
0 0.8841666666666667 0.5867630700778643 0.008333333333333333 0.0389321468298109
0 0.8875 0.5517241379310345 0.0033333333333333335 0.004449388209121246
0 0.7095833333333333 0.578420467185762 0.005833333333333334 0.008898776418242492
0 0.695 0.5812013348164627 0.011666666666666667 0.018909899888765295
0 0.6654166666666667 0.5773081201334817 0.010833333333333334 0.020022246941045607
0 0.6395833333333333 0.5800889877641824 0.005833333333333334 0.00778642936596218
0 0.6445833333333333 0.5901001112347052 0.010833333333333334 0.014460511679644048
0 0.575 0.5951056729699666 0.0033333333333333335 0.006674082313681869
0 0.5841666666666666 0.5951056729699666 0.0033333333333333335 0.004449388209121246
0 0.6279166666666667 0.5962180200222469 0.0275 0.04449388209121246
0 0.5929166666666666 0.6384872080088988 0.009166666666666667 0.01557285873192436
0 0.5925 0.660734149054505 0.02 0.024471635150166853
0 0.5720833333333334 0.6774193548387096 0.0175 0.03337041156840934
0 0.545 0.6273637374860956 0.01 0.017797552836484983
0 0.42291666666666666 0.646273637374861 0.010833333333333334 0.013348164627363738
0 0.40208333333333335 0.6473859844271412 0.010833333333333334 0.013348164627363738
0 0.38375 0.6012235817575083 0.009166666666666667 0.014460511679644048
0 0.32416666666666666 0.6379310344827587 0.015 0.02335928809788654
0 0.275 0.6045606229143493 0.016666666666666666 0.02335928809788654
0 0.28208333333333335 0.6167964404894327 0.0275 0.041156840934371525
