0 0.16845703125 0.5266927083333334 0.0244140625 0.06640625
0 0.3037109375 0.5234375 0.005859375 0.0078125
0 0.35693359375 0.552734375 0.0595703125 0.07161458333333333
0 0.4990234375 0.3932291666666667 0.041015625 0.07552083333333333
0 0.52197265625 0.416015625 0.0283203125 0.04296875
0 0.57421875 0.3912760416666667 0.048828125 0.08984375
0 0.66162109375 0.2897135416666667 0.0458984375 0.07421875
0 0.73291015625 0.4342447916666667 0.1064453125 0.3294270833333333
0 0.69091796875 0.3723958333333333 0.0634765625 0.1015625
0 0.8056640625 0.3919270833333333 0.056640625 0.09375
0 0.89794921875 0.2994791666666667 0.0791015625 0.12239583333333333
