0 0.185 0.485625 0.051666666666666666 0.09375
0 0.3070833333333333 0.445625 0.04583333333333333 0.08125
0 0.5633333333333334 0.4425 0.043333333333333335 0.075
0 0.5454166666666667 0.296875 0.05416666666666667 0.07375
0 0.9629166666666666 0.406875 0.05416666666666667 0.08625
0 0.9041666666666667 0.3375 0.05333333333333334 0.0775
0 0.925 0.2175 0.041666666666666664 0.0725
0 0.6058333333333333 0.1375 0.03166666666666667 0.0575
0 0.5204166666666666 0.1675 0.034166666666666665 0.055
0 0.34625 0.195625 0.0325 0.04875
0 0.23583333333333334 0.21125 0.035 0.0525
