0 0.965625 0.5580524344569289 0.01875 0.0299625468164794
0 0.98375 0.549625468164794 0.0175 0.028089887640449437
0 0.9225 0.5739700374531835 0.0225 0.035580524344569285
0 0.889375 0.5580524344569289 0.01625 0.02247191011235955
0 0.868125 0.5702247191011236 0.01375 0.024344569288389514
0 0.83375 0.5936329588014981 0.01 0.0149812734082397
0 0.786875 0.5543071161048689 0.01625 0.026217228464419477
0 0.726875 0.5627340823970037 0.00875 0.013108614232209739
0 0.71125 0.596441947565543 0.01 0.016853932584269662
0 0.693125 0.5711610486891385 0.01125 0.018726591760299626
0 0.715625 0.5589887640449438 0.00625 0.009363295880149813
0 0.7025 0.5655430711610487 0.0075 0.011235955056179775
0 0.686875 0.5561797752808989 0.00875 0.0149812734082397
0 0.725 0.5552434456928839 0.0075 0.013108614232209739
0 0.735 0.5599250936329588 0.0075 0.011235955056179775
0 0.67 0.5655430711610487 0.0125 0.02247191011235955
0 0.651875 0.5580524344569289 0.00875 0.0149812734082397
0 0.625625 0.5720973782771536 0.01625 0.028089887640449437
0 0.59875 0.6020599250936329 0.0075 0.009363295880149813
0 0.589375 0.5589887640449438 0.00625 0.009363295880149813
0 0.57375 0.5955056179775281 0.01 0.0149812734082397
0 0.575 0.5692883895131086 0.0075 0.011235955056179775
0 0.58125 0.5664794007490637 0.0075 0.009363295880149813
0 0.56 0.5870786516853933 0.01 0.016853932584269662
0 0.553125 0.5711610486891385 0.00875 0.0149812734082397
0 0.536875 0.5561797752808989 0.01125 0.018726591760299626
0 0.5075 0.5674157303370787 0.015 0.026217228464419477
0 0.458125 0.5692883895131086 0.00875 0.0149812734082397
0 0.48 0.5758426966292135 0.01 0.013108614232209739
0 0.460625 0.5795880149812734 0.00875 0.013108614232209739
0 0.39375 0.5702247191011236 0.0075 0.013108614232209739
0 0.385625 0.5646067415730337 0.00625 0.009363295880149813
0 0.325 0.5636704119850188 0.0075 0.011235955056179775
0 0.3275 0.5627340823970037 0.0075 0.013108614232209739
0 0.28 0.5823970037453183 0.0075 0.0149812734082397
0 0.295625 0.6039325842696629 0.02125 0.06928838951310862
0 0.27125 0.5823970037453183 0.01 0.02247191011235955
0 0.2475 0.5674157303370787 0.015 0.026217228464419477
0 0.219375 0.5795880149812734 0.01625 0.031835205992509365
0 0.203125 0.5730337078651685 0.01125 0.02247191011235955
0 0.160625 0.5533707865168539 0.01375 0.024344569288389514
0 0.13125 0.6207865168539326 0.01 0.020599250936329586
0 0.106875 0.5767790262172284 0.00875 0.0149812734082397
0 0.19125 0.5730337078651685 0.005 0.011235955056179775
0 0.088125 0.5589887640449438 0.02125 0.035580524344569285
0 0.183125 0.5852059925093633 0.01125 0.016853932584269662
0 0.3725 0.5777153558052435 0.01 0.016853932584269662
