0 0.224609375 0.40347222222222223 0.02109375 0.04583333333333333
0 0.26796875 0.4083333333333333 0.0203125 0.041666666666666664
0 0.334375 0.4048611111111111 0.0171875 0.029166666666666667
0 0.33515625 0.39305555555555555 0.0140625 0.025
0 0.377734375 0.4125 0.01640625 0.030555555555555555
0 0.401953125 0.39444444444444443 0.01328125 0.027777777777777776
0 0.5140625 0.42569444444444443 0.025 0.04583333333333333
0 0.559765625 0.40347222222222223 0.03359375 0.05138888888888889
0 0.62265625 0.41597222222222224 0.03125 0.05416666666666667
0 0.691015625 0.34652777777777777 0.04140625 0.0763888888888889
0 0.846484375 0.38472222222222224 0.03046875 0.075
0 0.880078125 0.3111111111111111 0.08359375 0.15833333333333333
0 0.65 0.40208333333333335 0.0046875 0.009722222222222222
