0 0.0224609375 0.0513950073421439 0.072265625 0.13803230543318648
0 0.12109375 0.14537444933920704 0.076171875 0.11160058737151249
0 0.25830078125 0.13362701908957417 0.0732421875 0.12041116005873716
0 0.43701171875 0.2422907488986784 0.0654296875 0.13803230543318648
0 0.2939453125 0.13582966226138032 0.04296875 0.08076358296622614
0 0.35302734375 0.24375917767988253 0.0458984375 0.0881057268722467
0 0.39111328125 0.21879588839941264 0.0322265625 0.0881057268722467
0 0.4716796875 0.12261380323054331 0.056640625 0.09251101321585903
0 0.5107421875 0.22026431718061673 0.03515625 0.06461086637298091
0 0.59375 0.19383259911894274 0.044921875 0.07929515418502203
0 0.599609375 0.16005873715124816 0.04296875 0.07048458149779736
0 0.6982421875 0.19016152716593246 0.0546875 0.08663729809104258
0 0.6708984375 0.20704845814977973 0.0390625 0.07342143906020558
0 0.732421875 0.2944199706314244 0.02734375 0.06020558002936858
0 0.791015625 0.1828193832599119 0.04296875 0.08370044052863436
0 0.822265625 0.20190895741556533 0.03125 0.0631424375917768
0 0.86328125 0.23127753303964757 0.033203125 0.07195301027900147
0 0.896484375 0.20851688693098386 0.05078125 0.0763582966226138
0 0.9267578125 0.23788546255506607 0.0390625 0.07342143906020558
0 0.9541015625 0.22834067547723935 0.03515625 0.06901615271659324
