0 1.0154891304347826 0.4270833333333333 0.0483695652173913 0.030637254901960783
0 0.8464673913043478 0.5517769607843137 0.044021739130434785 0.026348039215686275
0 0.8657608695652174 0.43075980392156865 0.051086956521739134 0.027573529411764705
0 0.8255434782608696 0.4260110294117647 0.04456521739130435 0.02665441176470588
0 0.785054347826087 0.42356004901960786 0.00923913043478261 0.005821078431372549
0 0.7160326086956522 0.41574754901960786 0.04728260869565217 0.022058823529411766
0 0.6929347826086957 0.43596813725490197 0.05 0.027573529411764705
0 0.654891304347826 0.4255514705882353 0.010869565217391304 0.007965686274509803
0 0.6255434782608695 0.4410232843137255 0.05652173913043478 0.035845588235294115
0 0.5872282608695653 0.4018075980392157 0.049456521739130434 0.024816176470588234
0 0.5733695652173914 0.42141544117647056 0.04782608695652174 0.026041666666666668
0 0.5019021739130435 0.42325367647058826 0.057065217391304345 0.03707107843137255
0 0.4592391304347826 0.42172181372549017 0.0391304347826087 0.023590686274509803
0 0.4032608695652174 0.4224877450980392 0.04891304347826087 0.025122549019607844
0 0.36494565217391306 0.4128370098039216 0.045108695652173916 0.02665441176470588
0 0.37228260869565216 0.43183210784313725 0.06956521739130435 0.033394607843137254
0 0.3108695652173913 0.42080269607843135 0.051086956521739134 0.033394607843137254
0 0.17201086956521738 0.4252450980392157 0.07119565217391305 0.04718137254901961
0 0.20516304347826086 0.4465379901960784 0.07228260869565217 0.040747549019607844
0 0.12771739130434784 0.43795955882352944 0.05652173913043478 0.030330882352941176
0 0.03451086956521739 0.41513480392156865 0.07880434782608696 0.04840686274509804
