0 0.9226666666666666 0.6322049405306496 0.014666666666666666 0.020128087831655993
0 0.9023333333333333 0.6143641354071363 0.016666666666666666 0.022872827081427266
0 0.9076666666666666 0.6267154620311071 0.014 0.018298261665141813
0 0.8786666666666667 0.6225983531564502 0.010666666666666666 0.01555352241537054
0 0.8593333333333333 0.6244281793229643 0.013333333333333334 0.0192131747483989
0 0.7426666666666667 0.6152790484903934 0.008 0.011893870082342177
0 0.7376666666666667 0.6212259835315646 0.004666666666666667 0.007319304666056725
0 0.7083333333333334 0.6312900274473925 0.01 0.01463860933211345
0 0.6606666666666666 0.6230558096980787 0.005333333333333333 0.007319304666056725
0 0.648 0.62580054894785 0.006666666666666667 0.009149130832570906
0 0.6396666666666667 0.6473010064043916 0.01 0.05032021957913998
0 0.613 0.6216834400731931 0.007333333333333333 0.011893870082342177
0 0.6056666666666667 0.631747483989021 0.006 0.010064043915827997
0 0.587 0.6601097895699909 0.022 0.08691674290942361
0 0.558 0.6290027447392498 0.004 0.006404391582799634
0 0.5446666666666666 0.6244281793229643 0.008 0.01555352241537054
0 0.535 0.6619396157365051 0.020666666666666667 0.09606587374199452
0 0.5276666666666666 0.6299176578225069 0.008666666666666666 0.01555352241537054
0 0.5126666666666667 0.6216834400731931 0.006666666666666667 0.011893870082342177
0 0.5053333333333333 0.6267154620311071 0.008 0.012808783165599268
0 0.49266666666666664 0.6212259835315646 0.006666666666666667 0.009149130832570906
0 0.4836666666666667 0.6212259835315646 0.01 0.01463860933211345
0 0.46 0.6198536139066788 0.010666666666666666 0.013723696248856358
0 0.42433333333333334 0.6193961573650503 0.01 0.018298261665141813
0 0.432 0.6212259835315646 0.006666666666666667 0.010978956999085087
0 0.399 0.6221408966148216 0.019333333333333334 0.025617566331198535
0 0.38 0.6280878316559927 0.005333333333333333 0.008234217749313814
0 0.3586666666666667 0.6271729185727356 0.006666666666666667 0.010064043915827997
0 0.35 0.631747483989021 0.006666666666666667 0.010064043915827997
0 0.3333333333333333 0.6276303751143641 0.013333333333333334 0.025617566331198535
0 0.31266666666666665 0.6322049405306496 0.014666666666666666 0.023787740164684355
0 0.2926666666666667 0.6262580054894785 0.008 0.011893870082342177
0 0.30033333333333334 0.6235132662397073 0.006 0.008234217749313814
0 0.271 0.6189387008234217 0.006 0.008234217749313814
0 0.2613333333333333 0.630832570905764 0.010666666666666666 0.01738334858188472
0 0.24333333333333335 0.6171088746569076 0.013333333333333334 0.028362305580969808
0 0.22066666666666668 0.616651418115279 0.014666666666666666 0.021957913998170174
0 0.217 0.6271729185727356 0.011333333333333334 0.01555352241537054
0 0.21 0.6271729185727356 0.006666666666666667 0.010064043915827997
0 0.193 0.6212259835315646 0.014 0.018298261665141813
0 0.182 0.6248856358645929 0.013333333333333334 0.01646843549862763
0 0.17033333333333334 0.6120768526989936 0.012666666666666666 0.018298261665141813
0 0.14766666666666667 0.6152790484903934 0.012666666666666666 0.021043000914913082
0 0.14533333333333334 0.6372369624885635 0.012 0.0192131747483989
0 0.15766666666666668 0.6541628545288197 0.014 0.020128087831655993
0 0.12766666666666668 0.6189387008234217 0.014 0.021043000914913082
0 0.115 0.6349496797804208 0.016666666666666666 0.021957913998170174
0 0.08633333333333333 0.6418115279048491 0.014 0.021043000914913082
0 0.05466666666666667 0.6280878316559927 0.013333333333333334 0.021043000914913082
0 0.8863333333333333 0.616651418115279 0.01 0.01646843549862763
