0 0.07058823529411765 0.167 0.08705882352941176 0.162
0 0.18294117647058825 0.198 0.08588235294117647 0.172
0 0.26235294117647057 0.187 0.058823529411764705 0.102
0 0.2164705882352941 0.233 0.04941176470588235 0.126
0 0.3623529411764706 0.153 0.06352941176470588 0.158
0 0.43117647058823527 0.167 0.052941176470588235 0.114
0 0.4758823529411765 0.308 0.06470588235294118 0.124
0 0.4688235294117647 0.219 0.03411764705882353 0.078
0 0.5041176470588236 0.244 0.041176470588235294 0.088
0 0.5688235294117647 0.252 0.06235294117647059 0.112
0 0.6411764705882353 0.227 0.06352941176470588 0.126
0 0.6911764705882353 0.267 0.05529411764705883 0.11
0 0.7911764705882353 0.151 0.06941176470588235 0.142
0 0.94 0.255 0.0611764705882353 0.134
0 0.8782352941176471 0.253 0.05529411764705883 0.11
0 0.8588235294117647 0.204 0.03294117647058824 0.08
