0 0.2758333333333333 0.698125 0.03 0.05875
0 0.31333333333333335 0.674375 0.03333333333333333 0.06125
0 0.4270833333333333 0.66625 0.0275 0.0525
0 0.435 0.66 0.021666666666666667 0.04
0 0.4816666666666667 0.67875 0.03166666666666667 0.0525
0 0.4816666666666667 0.679375 0.03 0.05375
0 0.5554166666666667 0.5825 0.020833333333333332 0.03
0 0.58375 0.6375 0.0175 0.03
0 0.6208333333333333 0.68375 0.028333333333333332 0.055
0 0.6466666666666666 0.69125 0.023333333333333334 0.0425
0 0.65625 0.5875 0.0075 0.0125
0 0.6741666666666667 0.583125 0.016666666666666666 0.02875
0 0.6895833333333333 0.62375 0.0125 0.025
0 0.6958333333333333 0.621875 0.01 0.01875
0 0.7179166666666666 0.608125 0.0125 0.01875
0 0.7495833333333334 0.57625 0.0075 0.01
0 0.75125 0.611875 0.010833333333333334 0.01625
0 0.7666666666666667 0.605625 0.01 0.01625
0 0.7695833333333333 0.61375 0.010833333333333334 0.02
0 0.78125 0.62625 0.0125 0.02
0 0.7925 0.603125 0.01 0.01625
0 0.7920833333333334 0.60375 0.009166666666666667 0.015
0 0.8020833333333334 0.604375 0.009166666666666667 0.01375
0 0.8241666666666667 0.598125 0.006666666666666667 0.01125
0 0.825 0.59875 0.006666666666666667 0.01
0 0.8533333333333334 0.5925 0.005 0.0075
0 0.9179166666666667 0.579375 0.005833333333333334 0.00875
0 0.9391666666666667 0.58 0.013333333333333334 0.02
0 0.95375 0.60375 0.015833333333333335 0.065
0 0.96375 0.5775 0.004166666666666667 0.0075
0 0.9441666666666667 0.594375 0.016666666666666666 0.02625
0 0.9641666666666666 0.58125 0.0033333333333333335 0.0075
0 0.9933333333333333 0.575 0.006666666666666667 0.01
0 0.9795833333333334 0.581875 0.010833333333333334 0.01875
0 0.97875 0.585 0.0125 0.0175
