0 0.6780478395061729 0.2587448559670782 0.0783179012345679 0.14094650205761317
0 0.8707561728395061 0.2898662551440329 0.05324074074074074 0.08281893004115226
0 0.9076003086419753 0.29449588477366256 0.04282407407407408 0.06944444444444445
0 0.7970679012345679 0.24819958847736626 0.04243827160493827 0.05915637860082305
0 0.767554012345679 0.2654320987654321 0.016589506172839507 0.02880658436213992
0 0.9602623456790124 0.26440329218106995 0.006944444444444444 0.01131687242798354
0 0.5688657407407407 0.27391975308641975 0.010416666666666666 0.01800411522633745
0 0.543016975308642 0.25128600823045266 0.03202160493827161 0.055041152263374485
0 0.5978009259259259 0.2569444444444444 0.04359567901234568 0.07047325102880658
0 0.5125385802469136 0.28060699588477367 0.01273148148148148 0.02109053497942387
0 0.48900462962962965 0.27752057613168724 0.010416666666666666 0.016975308641975308
0 0.4637345679012346 0.27289094650205764 0.019290123456790122 0.028292181069958847
0 0.4211033950617284 0.2788065843621399 0.016589506172839507 0.02880658436213992
0 0.41280864197530864 0.2605452674897119 0.020061728395061727 0.03343621399176955
0 0.43036265432098764 0.2718621399176955 0.016589506172839507 0.03137860082304527
0 0.4637345679012346 0.27109053497942387 0.018518518518518517 0.029835390946502057
0 0.34239969135802467 0.2692901234567901 0.07523148148148148 0.12294238683127572
0 0.2708333333333333 0.29963991769547327 0.06404320987654322 0.12088477366255145
0 0.22916666666666666 0.2404835390946502 0.03009259259259259 0.044753086419753084
0 0.21045524691358025 0.2631172839506173 0.021219135802469136 0.030349794238683128
0 0.13580246913580246 0.264917695473251 0.021604938271604937 0.03497942386831276
0 0.10185185185185185 0.28600823045267487 0.020061728395061727 0.03292181069958848
0 0.024498456790123458 0.23405349794238683 0.07060185185185185 0.11934156378600823
