0 0.06307692307692307 0.7143684820393974 0.04 0.07068366164542295
0 0.12653846153846154 0.7526071842410197 0.011538461538461539 0.019698725376593278
0 0.13307692307692306 0.7195828505214369 0.006153846153846154 0.009269988412514484
0 0.14923076923076922 0.7195828505214369 0.007692307692307693 0.011587485515643106
0 0.17884615384615385 0.7340672074159907 0.022307692307692306 0.031286210892236384
0 0.21884615384615386 0.7294322132097335 0.019230769230769232 0.031286210892236384
0 0.22653846153846155 0.7375434530706837 0.031538461538461536 0.056778679026651215
0 0.2153846153846154 0.7068366164542295 0.006153846153846154 0.009269988412514484
0 0.23153846153846153 0.7027809965237544 0.006153846153846154 0.010428736964078795
0 0.2853846153846154 0.7925840092699884 0.052307692307692305 0.10660486674391657
0 0.26576923076923076 0.7010428736964078 0.03923076923076923 0.06488991888760139
0 0.28807692307692306 0.7288528389339514 0.019230769230769232 0.03244495944380069
0 0.30923076923076925 0.7062572421784473 0.012307692307692308 0.019698725376593278
0 0.3680769230769231 0.7103128621089224 0.013076923076923076 0.02085747392815759
0 0.3869230769230769 0.7219003476245655 0.009230769230769232 0.016222479721900347
0 0.40384615384615385 0.7172653534183082 0.009230769230769232 0.016222479721900347
0 0.43884615384615383 0.727694090382387 0.05923076923076923 0.10196987253765932
0 0.5515384615384615 0.7491309385863267 0.05384615384615385 0.10081112398609501
0 0.4530769230769231 0.7155272305909618 0.010769230769230769 0.01738122827346466
0 0.4707692307692308 0.7213209733487833 0.012307692307692308 0.0220162224797219
0 0.4946153846153846 0.7294322132097335 0.015384615384615385 0.026651216685979143
0 0.57 0.7184241019698725 0.015384615384615385 0.027809965237543453
0 0.5826923076923077 0.7137891077636153 0.0038461538461538464 0.006952491309385863
0 0.5923076923076923 0.7149478563151797 0.004615384615384616 0.006952491309385863
0 0.6030769230769231 0.7137891077636153 0.009230769230769232 0.013904982618771726
0 0.6234615384615385 0.7369640787949016 0.02076923076923077 0.030127462340672075
0 0.6673076923076923 0.7699884125144844 0.025384615384615384 0.03592120509849363
0 0.6311538461538462 0.7184241019698725 0.01 0.016222479721900347
0 0.6492307692307693 0.7132097334878331 0.009230769230769232 0.015063731170336037
0 0.6607692307692308 0.7143684820393974 0.006153846153846154 0.010428736964078795
0 0.6807692307692308 0.7184241019698725 0.007692307692307693 0.013904982618771726
0 0.6923076923076923 0.7166859791425261 0.003076923076923077 0.005793742757821553
0 0.7461538461538462 0.7230590961761297 0.024615384615384615 0.039397450753186555
0 0.8530769230769231 0.7253765932792584 0.033846153846153845 0.04866743916570104
