0 0.07916666666666666 0.793010752688172 0.017857142857142856 0.044802867383512544
0 0.0875 0.7732974910394266 0.005952380952380952 0.008960573476702509
0 0.17202380952380952 0.7786738351254481 0.005952380952380952 0.008960573476702509
0 0.19226190476190477 0.78584229390681 0.005952380952380952 0.008960573476702509
0 0.2011904761904762 0.7795698924731183 0.007142857142857143 0.010752688172043012
0 0.22023809523809523 0.7813620071684588 0.007142857142857143 0.010752688172043012
0 0.3494047619047619 0.7974910394265233 0.008333333333333333 0.014336917562724014
0 0.3625 0.7948028673835126 0.008333333333333333 0.012544802867383513
0 0.46726190476190477 0.7885304659498208 0.008333333333333333 0.02867383512544803
0 0.4880952380952381 0.78584229390681 0.007142857142857143 0.012544802867383513
0 0.4785714285714286 0.7974910394265233 0.014285714285714285 0.043010752688172046
0 0.4976190476190476 0.7786738351254481 0.007142857142857143 0.008960573476702509
0 0.5154761904761904 0.7867383512544803 0.007142857142857143 0.010752688172043012
0 0.4880952380952381 0.7885304659498208 0.007142857142857143 0.010752688172043012
0 0.5607142857142857 0.7831541218637993 0.007142857142857143 0.014336917562724014
0 0.5696428571428571 0.796594982078853 0.015476190476190477 0.044802867383512544
0 0.6041666666666666 0.7777777777777778 0.0035714285714285713 0.007168458781362007
0 0.6726190476190477 0.7956989247311828 0.009523809523809525 0.017921146953405017
0 0.781547619047619 0.7840501792114696 0.0035714285714285713 0.005376344086021506
0 0.7892857142857143 0.7939068100358423 0.011904761904761904 0.035842293906810034
0 0.8797619047619047 0.7903225806451613 0.009523809523809525 0.043010752688172046
0 0.8851190476190476 0.7768817204301075 0.0035714285714285713 0.005376344086021506
0 0.8964285714285715 0.7759856630824373 0.004761904761904762 0.007168458781362007
0 0.9273809523809524 0.775089605734767 0.004761904761904762 0.005376344086021506
0 0.8184523809523809 0.7894265232974911 0.008333333333333333 0.03046594982078853
