0 0.8986232790988736 0.2870544090056285 0.10513141426783479 0.1275797373358349
0 0.7934918648310388 0.2945590994371482 0.08010012515644556 0.1425891181988743
0 0.7440550688360451 0.3227016885553471 0.058823529411764705 0.11632270168855535
0 0.7309136420525657 0.28142589118198874 0.0625782227784731 0.10131332082551595
0 0.6595744680851063 0.274859287054409 0.06758448060075094 0.11444652908067542
0 0.6401752190237797 0.2701688555347092 0.04881101376720901 0.10131332082551595
0 0.6408010012515645 0.2701688555347092 0.05006257822277847 0.10131332082551595
0 0.5707133917396746 0.2861163227016886 0.03254067584480601 0.06566604127579738
0 0.47434292866082606 0.2129455909943715 0.1251564455569462 0.2607879924953096
0 0.30100125156445556 0.28330206378986866 0.07384230287859825 0.13883677298311445
0 0.23591989987484355 0.2692307692307692 0.026282853566958697 0.04690431519699812
0 0.19962453066332916 0.2795497185741088 0.028785982478097622 0.04878048780487805
0 0.16645807259073842 0.2776735459662289 0.02252816020025031 0.0375234521575985
0 0.1251564455569462 0.2879924953095685 0.02002503128911139 0.039399624765478425
