0 0.36770833333333336 0.4476851851851852 0.021875 0.041666666666666664
0 0.45989583333333334 0.4476851851851852 0.023958333333333335 0.05277777777777778
0 0.5205729166666667 0.4935185185185185 0.022395833333333334 0.044444444444444446
0 0.5541666666666667 0.5106481481481482 0.0125 0.028703703703703703
0 0.7434895833333334 0.36712962962962964 0.0067708333333333336 0.012037037037037037
0 0.76875 0.36435185185185187 0.00625 0.010185185185185186
0 0.7875 0.375 0.004166666666666667 0.009259259259259259
0 0.79921875 0.3731481481481482 0.0046875 0.009259259259259259
0 0.8036458333333333 0.37222222222222223 0.004166666666666667 0.009259259259259259
0 0.8122395833333333 0.37824074074074077 0.0046875 0.008333333333333333
0 0.31015625 0.36527777777777776 0.0026041666666666665 0.004629629629629629
