0 0.05038461538461538 0.6114044350580782 0.019230769230769232 0.027455121436114043
0 0.02423076923076923 0.6019007391763463 0.016153846153846154 0.027455121436114043
0 0.07 0.6209081309398099 0.016923076923076923 0.029567053854276663
0 0.165 0.616156282998944 0.023846153846153847 0.03695881731784583
0 0.25961538461538464 0.619324181626188 0.031538461538461536 0.0559662090813094
0 0.25346153846153846 0.6351636747624076 0.026923076923076925 0.03695881731784583
0 0.29384615384615387 0.6066525871172123 0.004615384615384616 0.007391763463569166
0 0.30653846153846154 0.6055966209081309 0.0038461538461538464 0.005279831045406547
0 0.34692307692307695 0.6114044350580782 0.004615384615384616 0.006335797254487857
0 0.4976923076923077 0.6256599788806758 0.02 0.028511087645195353
0 0.5442307692307692 0.6267159450897571 0.016153846153846154 0.028511087645195353
0 0.5626923076923077 0.6515311510031679 0.022307692307692306 0.03590285110876452
0 0.5726923076923077 0.6884899683210137 0.02846153846153846 0.046462513199577615
0 0.625 0.7159450897571278 0.031538461538461536 0.046462513199577615
0 0.5926923076923077 0.6314677930306231 0.008461538461538461 0.012671594508975714
0 0.6096153846153847 0.6367476240760296 0.016153846153846154 0.025343189017951427
0 0.6215384615384615 0.6304118268215417 0.013846153846153847 0.01900739176346357
0 0.665 0.6372756071805702 0.014615384615384615 0.022175290390707498
0 0.715 0.617740232312566 0.0038461538461538464 0.006335797254487857
0 0.7203846153846154 0.6203801478352693 0.0038461538461538464 0.005279831045406547
0 0.7276923076923076 0.6362196409714889 0.009230769230769232 0.03273495248152059
0 0.7580769230769231 0.6288278775079198 0.031538461538461536 0.05174234424498416
0 0.7876923076923077 0.6282998944033791 0.013846153846153847 0.023231256599788808
0 0.801923076923077 0.6219640971488912 0.005384615384615384 0.008447729672650475
0 0.8542307692307692 0.6351636747624076 0.011538461538461539 0.03695881731784583
0 0.8696153846153846 0.6203801478352693 0.0038461538461538464 0.005279831045406547
0 0.8807692307692307 0.622492080253432 0.004615384615384616 0.005279831045406547
0 0.9015384615384615 0.6356916578669483 0.012307692307692308 0.0337909186906019
0 0.9126923076923077 0.6457233368532207 0.008461538461538461 0.022175290390707498
0 0.9123076923076923 0.6388595564941922 0.009230769230769232 0.025343189017951427
0 0.9180769230769231 0.622492080253432 0.0038461538461538464 0.005279831045406547
0 0.92 0.6272439281942978 0.004615384615384616 0.006335797254487857
0 0.9334615384615385 0.6341077085533263 0.005384615384615384 0.007391763463569166
0 0.9403846153846154 0.6372756071805702 0.008461538461538461 0.030623020063357972
0 0.9523076923076923 0.6425554382259767 0.010769230769230769 0.024287222808870117
0 0.9661538461538461 0.6383315733896515 0.015384615384615385 0.03907074973600845
0 0.9788461538461538 0.6383315733896515 0.014615384615384615 0.0454065469904963
0 0.8619230769230769 0.6314677930306231 0.016153846153846154 0.021119324181626188
0 0.8923076923076924 0.6393875395987328 0.015384615384615385 0.022175290390707498
0 0.34923076923076923 0.6246040126715945 0.009230769230769232 0.03484688489968321
0 0.6684615384615384 0.6230200633579726 0.004615384615384616 0.006335797254487857
0 0.7365384615384616 0.6309398099260823 0.002307692307692308 0.0031678986272439284
0 0.7065384615384616 0.6182682154171066 0.0038461538461538464 0.005279831045406547
0 0.696923076923077 0.6319957761351637 0.007692307692307693 0.026399155227032733
0 0.6946153846153846 0.6282998944033791 0.006153846153846154 0.025343189017951427
0 0.7088461538461538 0.6288278775079198 0.008461538461538461 0.028511087645195353
0 0.6673076923076923 0.6304118268215417 0.008461538461538461 0.03167898627243928
0 0.9534615384615385 0.6425554382259767 0.01 0.022175290390707498
