0 0.37447916666666664 0.6472222222222223 0.005208333333333333 0.009259259259259259
0 0.3848958333333333 0.6425925925925926 0.005208333333333333 0.007407407407407408
0 0.41354166666666664 0.6620370370370371 0.00625 0.012962962962962963
0 0.41875 0.6370370370370371 0.004166666666666667 0.007407407407407408
0 0.428125 0.6953703703703704 0.016666666666666666 0.07592592592592592
0 0.4270833333333333 0.65 0.00625 0.011111111111111112
0 0.44479166666666664 0.6648148148148149 0.00625 0.011111111111111112
0 0.4875 0.675 0.00625 0.012962962962962963
0 0.5151041666666667 0.6759259259259259 0.005208333333333333 0.011111111111111112
0 0.5208333333333334 0.662962962962963 0.00625 0.014814814814814815
0 0.6223958333333334 0.6805555555555556 0.009375 0.016666666666666666
0 0.6255208333333333 0.6777777777777778 0.007291666666666667 0.011111111111111112
0 0.6604166666666667 0.6657407407407407 0.00625 0.012962962962962963
0 0.7671875 0.7083333333333334 0.011458333333333333 0.020370370370370372
0 0.7473958333333334 0.687037037037037 0.007291666666666667 0.014814814814814815
0 0.7692708333333333 0.6842592592592592 0.007291666666666667 0.012962962962962963
0 0.7927083333333333 0.6722222222222223 0.008333333333333333 0.014814814814814815
0 0.8104166666666667 0.675 0.008333333333333333 0.016666666666666666
0 0.8005208333333333 0.7416666666666667 0.021875 0.11296296296296296
0 0.8390625 0.6916666666666667 0.009375 0.016666666666666666
0 0.8494791666666667 0.674074074074074 0.007291666666666667 0.014814814814814815
0 0.178125 0.6666666666666666 0.008333333333333333 0.011111111111111112
