0 0.08846153846153847 0.7306122448979592 0.013846153846153847 0.022448979591836733
0 0.17346153846153847 0.7581632653061224 0.014615384615384615 0.02040816326530612
0 0.22192307692307692 0.746938775510204 0.013076923076923076 0.02040816326530612
0 0.27192307692307693 0.7494897959183674 0.013076923076923076 0.02142857142857143
0 0.16307692307692306 0.7301020408163266 0.009230769230769232 0.013265306122448979
0 0.14692307692307693 0.6964285714285714 0.007692307692307693 0.013265306122448979
0 0.19230769230769232 0.7209183673469388 0.010769230769230769 0.015306122448979591
0 0.21961538461538463 0.7214285714285714 0.011538461538461539 0.018367346938775512
0 0.23038461538461538 0.6887755102040817 0.008461538461538461 0.0163265306122449
0 0.1753846153846154 0.7005102040816327 0.012307692307692308 0.017346938775510204
0 0.17653846153846153 0.6943877551020409 0.01 0.015306122448979591
0 0.02576923076923077 0.6505102040816326 0.005384615384615384 0.009183673469387756
0 0.040769230769230766 0.639795918367347 0.004615384615384616 0.00816326530612245
0 0.03923076923076923 0.6428571428571429 0.004615384615384616 0.006122448979591836
0 0.08192307692307692 0.6224489795918368 0.005384615384615384 0.00816326530612245
0 0.135 0.6260204081632653 0.005384615384615384 0.007142857142857143
0 0.1523076923076923 0.6260204081632653 0.004615384615384616 0.007142857142857143
0 0.17807692307692308 0.6535714285714286 0.006923076923076923 0.011224489795918367
0 0.19153846153846155 0.6540816326530612 0.007692307692307693 0.012244897959183673
0 0.19576923076923078 0.6270408163265306 0.005384615384615384 0.009183673469387756
0 0.18846153846153846 0.6275510204081632 0.004615384615384616 0.006122448979591836
0 0.17615384615384616 0.6183673469387755 0.004615384615384616 0.006122448979591836
0 0.16576923076923078 0.6188775510204082 0.005384615384615384 0.007142857142857143
0 0.2026923076923077 0.6408163265306123 0.011538461538461539 0.04285714285714286
0 0.20846153846153845 0.625 0.010769230769230769 0.03775510204081633
0 0.21307692307692308 0.6198979591836735 0.004615384615384616 0.00510204081632653
0 0.2226923076923077 0.6204081632653061 0.005384615384615384 0.00816326530612245
0 0.2653846153846154 0.6474489795918368 0.006153846153846154 0.007142857142857143
0 0.2423076923076923 0.628061224489796 0.006153846153846154 0.009183673469387756
0 0.23 0.6377551020408163 0.009230769230769232 0.03877551020408163
0 0.25653846153846155 0.6168367346938776 0.0038461538461538464 0.00510204081632653
0 0.2673076923076923 0.6168367346938776 0.0038461538461538464 0.00510204081632653
0 0.2857692307692308 0.7336734693877551 0.011538461538461539 0.02040816326530612
0 0.5538461538461539 0.6795918367346939 0.009230769230769232 0.012244897959183673
0 0.5453846153846154 0.6816326530612244 0.007692307692307693 0.012244897959183673
0 0.5296153846153846 0.6811224489795918 0.006923076923076923 0.009183673469387756
0 0.5169230769230769 0.6795918367346939 0.007692307692307693 0.012244897959183673
0 0.4946153846153846 0.6704081632653062 0.007692307692307693 0.01020408163265306
0 0.46807692307692306 0.6775510204081633 0.008461538461538461 0.01020408163265306
0 0.44461538461538463 0.6760204081632653 0.009230769230769232 0.011224489795918367
0 0.4207692307692308 0.675 0.007692307692307693 0.011224489795918367
0 0.46384615384615385 0.6719387755102041 0.007692307692307693 0.011224489795918367
0 0.4511538461538461 0.6510204081632653 0.008461538461538461 0.01020408163265306
0 0.4430769230769231 0.6627551020408163 0.007692307692307693 0.011224489795918367
0 0.41846153846153844 0.6540816326530612 0.006153846153846154 0.01020408163265306
0 0.31423076923076926 0.6520408163265307 0.006923076923076923 0.01020408163265306
0 0.325 0.6556122448979592 0.005384615384615384 0.009183673469387756
0 0.3792307692307692 0.6540816326530612 0.006153846153846154 0.00816326530612245
0 0.36653846153846154 0.6556122448979592 0.006923076923076923 0.009183673469387756
0 0.35 0.6525510204081633 0.006153846153846154 0.009183673469387756
0 0.36230769230769233 0.6321428571428571 0.003076923076923077 0.00510204081632653
0 0.2846153846153846 0.638265306122449 0.006153846153846154 0.007142857142857143
0 0.2976923076923077 0.6234693877551021 0.004615384615384616 0.006122448979591836
0 0.335 0.6326530612244898 0.0038461538461538464 0.006122448979591836
0 0.3261538461538461 0.6285714285714286 0.006153846153846154 0.00816326530612245
0 0.31653846153846155 0.6403061224489796 0.01 0.04183673469387755
0 0.3026923076923077 0.6336734693877552 0.01 0.04693877551020408
0 0.2896153846153846 0.6091836734693877 0.0038461538461538464 0.006122448979591836
0 0.2803846153846154 0.6214285714285714 0.005384615384615384 0.00816326530612245
