0 0.04453125 0.35833333333333334 0.0171875 0.03611111111111111
0 0.009765625 0.3875 0.01484375 0.022222222222222223
0 0.0875 0.46041666666666664 0.046875 0.09305555555555556
0 0.18046875 0.375 0.0296875 0.06388888888888888
0 0.2234375 0.39652777777777776 0.025 0.04583333333333333
0 0.27265625 0.41597222222222224 0.009375 0.018055555555555554
0 0.323828125 0.4236111111111111 0.01484375 0.03333333333333333
0 0.34453125 0.41388888888888886 0.0109375 0.025
0 0.367578125 0.4173611111111111 0.01484375 0.02638888888888889
0 0.415625 0.41944444444444445 0.015625 0.025
0 0.44296875 0.41041666666666665 0.0078125 0.015277777777777777
0 0.4625 0.4097222222222222 0.0109375 0.025
0 0.476953125 0.4097222222222222 0.01328125 0.025
0 0.5078125 0.4097222222222222 0.0125 0.022222222222222223
0 0.53125 0.39791666666666664 0.0140625 0.029166666666666667
0 0.555078125 0.40555555555555556 0.02578125 0.05
0 0.5625 0.41388888888888886 0.015625 0.03611111111111111
0 0.608984375 0.41458333333333336 0.01328125 0.02361111111111111
0 0.627734375 0.3888888888888889 0.01953125 0.041666666666666664
0 0.64296875 0.3972222222222222 0.025 0.04722222222222222
0 0.6703125 0.4152777777777778 0.0140625 0.027777777777777776
0 0.6828125 0.4201388888888889 0.0109375 0.020833333333333332
0 0.696484375 0.40555555555555556 0.01328125 0.030555555555555555
0 0.7390625 0.4236111111111111 0.015625 0.027777777777777776
0 0.728125 0.41944444444444445 0.0109375 0.022222222222222223
0 0.73984375 0.42291666666666666 0.0140625 0.029166666666666667
0 0.7765625 0.4236111111111111 0.015625 0.030555555555555555
0 0.776953125 0.42291666666666666 0.01484375 0.029166666666666667
0 0.88359375 0.4236111111111111 0.04375 0.08611111111111111
0 0.86171875 0.4 0.034375 0.07222222222222222
0 0.811328125 0.41180555555555554 0.02734375 0.05138888888888889
0 0.823828125 0.38333333333333336 0.02578125 0.05277777777777778
0 0.8640625 0.40555555555555556 0.0328125 0.06944444444444445
0 0.99453125 0.4173611111111111 0.00625 0.009722222222222222
