0 0.87841796875 0.3629976580796253 0.0068359375 0.0117096018735363
0 0.85888671875 0.3366510538641686 0.0068359375 0.00819672131147541
0 0.88232421875 0.32903981264637 0.0068359375 0.00936768149882904
0 0.8837890625 0.3360655737704918 0.00390625 0.00468384074941452
0 0.99267578125 0.319672131147541 0.0068359375 0.00936768149882904
0 0.978515625 0.32669789227166274 0.00390625 0.00468384074941452
0 0.97021484375 0.3149882903981265 0.0029296875 0.00468384074941452
0 0.96337890625 0.31323185011709603 0.0048828125 0.00585480093676815
0 0.94775390625 0.31030444964871196 0.0048828125 0.00702576112412178
0 0.9296875 0.31440281030444966 0.005859375 0.00819672131147541
0 0.916015625 0.319672131147541 0.005859375 0.00702576112412178
0 0.93701171875 0.29215456674473067 0.0048828125 0.00585480093676815
0 0.94775390625 0.31440281030444966 0.0087890625 0.026932084309133488
0 0.93994140625 0.303864168618267 0.0068359375 0.00819672131147541
0 0.93408203125 0.31791569086651056 0.0087890625 0.03395784543325527
0 0.93896484375 0.3231850117096019 0.0087890625 0.03278688524590164
0 0.9287109375 0.3167447306791569 0.009765625 0.02927400468384075
0 0.9228515625 0.30327868852459017 0.005859375 0.00702576112412178
0 0.9150390625 0.31030444964871196 0.00390625 0.00468384074941452
0 0.9091796875 0.31791569086651056 0.009765625 0.03161592505854801
0 0.927734375 0.3003512880562061 0.0078125 0.01990632318501171
0 0.921875 0.3009367681498829 0.0078125 0.0234192037470726
0 0.64501953125 0.5456674473067916 0.0498046875 0.07259953161592506
0 0.65771484375 0.5017564402810304 0.0478515625 0.05269320843091335
0 0.6875 0.45843091334894615 0.03125 0.03864168618266979
0 0.71142578125 0.46955503512880564 0.0341796875 0.04449648711943794
0 0.7041015625 0.40339578454332553 0.015625 0.01756440281030445
0 0.67578125 0.3975409836065574 0.013671875 0.02224824355971897
0 0.47705078125 0.5304449648711944 0.0419921875 0.0468384074941452
0 0.484375 0.47306791569086654 0.037109375 0.0468384074941452
0 0.42041015625 0.49882903981264637 0.0322265625 0.0468384074941452
0 0.3818359375 0.502927400468384 0.037109375 0.05737704918032787
0 0.31884765625 0.5357142857142857 0.0400390625 0.059718969555035126
0 0.310546875 0.4672131147540984 0.041015625 0.053864168618266976
0 0.314453125 0.4490632318501171 0.025390625 0.03864168618266979
0 0.28466796875 0.4455503512880562 0.0283203125 0.03864168618266979
0 0.1943359375 0.4970725995316159 0.037109375 0.03864168618266979
0 0.17724609375 0.47365339578454335 0.0361328125 0.05035128805620609
0 0.21923828125 0.4677985948477752 0.0263671875 0.03629976580796253
0 0.1591796875 0.446135831381733 0.033203125 0.0468384074941452
0 0.2509765625 0.42505854800936765 0.029296875 0.0351288056206089
0 0.05859375 0.4344262295081967 0.041015625 0.05152224824355972
0 0.07177734375 0.45550351288056207 0.0244140625 0.0468384074941452
0 0.18310546875 0.3618266978922717 0.0126953125 0.01639344262295082
0 0.396484375 0.32786885245901637 0.0078125 0.00936768149882904
0 0.08837890625 0.3711943793911007 0.0146484375 0.01639344262295082
0 0.078125 0.3624121779859485 0.009765625 0.01288056206088993
0 0.03125 0.3799765807962529 0.01171875 0.01522248243559719
0 0.04443359375 0.3747072599531616 0.0107421875 0.01639344262295082
0 0.02783203125 0.3553864168618267 0.0126953125 0.01756440281030445
