0 0.9945248337895972 0.46519959058341864 0.032068830660930775 0.05424769703172978
0 0.8799374266718811 0.4728761514841351 0.032068830660930775 0.042988741044012284
0 0.7929213922565507 0.4759467758444217 0.03402424716464607 0.048106448311156604
0 0.7477512710207275 0.4611054247697032 0.02033633163863903 0.028659160696008188
0 0.6621040281579976 0.4245138178096213 0.04771216269065311 0.06704196519959059
0 0.5017598748533437 0.41760491299897645 0.04380132968322253 0.0767656090071648
0 0.39342980054751664 0.4260491299897646 0.049276495893625344 0.06601842374616172
0 0.56394211967149 0.46903787103377687 0.02111849824012515 0.030194472876151485
0 0.5887759092686742 0.4805527123848516 0.01134141572154869 0.01842374616171955
0 0.42373875635510366 0.4257932446264074 0.023073914743840438 0.038894575230296824
0 0.3181462651544779 0.4646878198567042 0.01994524833789597 0.033776867963152504
0 0.3504106374657802 0.4518935516888434 0.010950332420805632 0.016376663254861822
0 0.2792334767305436 0.4828556806550665 0.01564333202972233 0.022006141248720572
0 0.29096597575283534 0.4631525076765609 0.014078998826750098 0.02354145342886387
0 0.2675009777082519 0.4718526100307062 0.010168165819319515 0.01842374616171955
0 0.2295658975361752 0.44319344933469806 0.016425498631208447 0.027635619242579325
0 0.25537739538521703 0.4631525076765609 0.007821666014861166 0.011258955987717503
0 0.23875635510363707 0.4646878198567042 0.007430582714118107 0.011258955987717503
0 0.23914743840438013 0.4672466734902764 0.009777082518576457 0.014329580348004094
0 0.208056315995307 0.4470317297850563 0.012514665623777864 0.01791197543500512
0 0.1906531091122409 0.46750255885363357 0.01134141572154869 0.01586489252814739
0 0.1689479859210012 0.4718526100307062 0.011732499022291749 0.019447287615148412
0 0.13453265545561205 0.4424257932446264 0.018771998435666796 0.028147389969293755
0 0.11067657411028549 0.46852610030706243 0.010950332420805632 0.014841351074718526
0 0.0885803676183027 0.45112589559877175 0.019163081736409855 0.026100307062436028
0 0.06570199452483379 0.46289662231320367 0.018771998435666796 0.022006141248720572
0 0.04947203754399687 0.4641760491299898 0.00899491591709034 0.014329580348004094
0 0.02072741493938209 0.45138178096212894 0.011732499022291749 0.017400204708290685
0 0.008408290965975753 0.4521494370522006 0.019163081736409855 0.030194472876151485
0 0.39675400860383264 0.4672466734902764 0.02933124755572937 0.042988741044012284
