0 0.25884615384615384 0.5047071129707112 0.019230769230769232 0.028242677824267783
0 0.37038461538461537 0.5005230125523012 0.02076923076923077 0.028242677824267783
0 0.3992307692307692 0.4932008368200837 0.010769230769230769 0.015690376569037656
0 0.41884615384615387 0.49267782426778245 0.005384615384615384 0.008368200836820083
0 0.4230769230769231 0.5 0.004615384615384616 0.006276150627615063
0 0.4492307692307692 0.4989539748953975 0.003076923076923077 0.0041841004184100415
0 0.4653846153846154 0.49947698744769875 0.004615384615384616 0.007322175732217573
0 0.4703846153846154 0.49267782426778245 0.008461538461538461 0.014644351464435146
0 0.48307692307692307 0.5 0.004615384615384616 0.008368200836820083
0 0.4826923076923077 0.5010460251046025 0.0038461538461538464 0.006276150627615063
0 0.5003846153846154 0.5198744769874477 0.014615384615384615 0.02092050209205021
0 0.5157692307692308 0.4905857740585774 0.005384615384615384 0.008368200836820083
0 0.5311538461538462 0.5177824267782427 0.011538461538461539 0.014644351464435146
0 0.5338461538461539 0.4942468619246862 0.009230769230769232 0.015690376569037656
0 0.5769230769230769 0.48640167364016734 0.015384615384615385 0.02301255230125523
0 0.8884615384615384 0.46809623430962344 0.03230769230769231 0.04497907949790795
0 0.9857692307692307 0.4382845188284519 0.03769230769230769 0.06903765690376569
