0 0.5903846153846154 0.34942287513116477 0.03461538461538462 0.05036726128016789
0 0.6815384615384615 0.419202518363064 0.016923076923076923 0.02833158447009444
0 0.9857692307692307 0.35047219307450156 0.006923076923076923 0.01049317943336831
0 0.9626923076923077 0.3515215110178384 0.011538461538461539 0.016789087093389297
0 0.9534615384615385 0.35991605456453307 0.008461538461538461 0.012591815320041973
0 0.9323076923076923 0.3483735571878279 0.010769230769230769 0.016789087093389297
0 0.94 0.3515215110178384 0.009230769230769232 0.014690451206715634
0 0.8976923076923077 0.3551941238195173 0.007692307692307693 0.00944386149003148
0 0.885 0.34312696747114374 0.013076923076923076 0.01888772298006296
0 0.865 0.3426023084994753 0.01 0.015739769150052464
0 0.8307692307692308 0.34889821615949634 0.010769230769230769 0.013641133263378805
0 0.8188461538461539 0.34889821615949634 0.008461538461538461 0.015739769150052464
0 0.7946153846153846 0.3483735571878279 0.010769230769230769 0.016789087093389297
0 0.7815384615384615 0.3473242392444911 0.010769230769230769 0.014690451206715634
0 0.7561538461538462 0.34679958027282265 0.009230769230769232 0.013641133263378805
0 0.7346153846153847 0.33473242392444913 0.010769230769230769 0.01888772298006296
0 0.7023076923076923 0.33683105981112277 0.012307692307692308 0.01888772298006296
0 0.6557692307692308 0.34679958027282265 0.011538461538461539 0.01993704092339979
0 0.6211538461538462 0.34312696747114374 0.013076923076923076 0.016789087093389297
0 0.6353846153846154 0.34365162644281216 0.007692307692307693 0.011542497376705142
0 0.645 0.35047219307450156 0.006923076923076923 0.01049317943336831
0 0.686923076923077 0.3478488982161595 0.009230769230769232 0.011542497376705142
0 0.6942307692307692 0.34522560335781743 0.008461538461538461 0.01049317943336831
0 0.5734615384615385 0.3441762854144806 0.01 0.014690451206715634
0 0.5484615384615384 0.35729275970619095 0.02 0.030430220356768102
0 0.5165384615384615 0.3530954879328437 0.006923076923076923 0.00944386149003148
0 0.49615384615384617 0.3614900314795383 0.007692307692307693 0.011542497376705142
0 0.4819230769230769 0.3515215110178384 0.013076923076923076 0.02098635886673662
0 0.46307692307692305 0.3530954879328437 0.012307692307692308 0.017838405036726127
0 0.43653846153846154 0.3483735571878279 0.01769230769230769 0.025183630640083946
0 0.36153846153846153 0.3426023084994753 0.023076923076923078 0.03672612801678909
0 0.33115384615384613 0.4108079748163694 0.019230769230769232 0.030430220356768102
0 0.2703846153846154 0.36253934942287513 0.01769230769230769 0.030430220356768102
0 0.25461538461538463 0.36988457502623295 0.016923076923076923 0.024134312696747113
0 0.23153846153846153 0.3740818467995803 0.007692307692307693 0.013641133263378805
0 0.31115384615384617 0.35991605456453307 0.01 0.016789087093389297
0 0.3976923076923077 0.35362014690451204 0.012307692307692308 0.02098635886673662
0 0.4169230769230769 0.36935991605456453 0.012307692307692308 0.01888772298006296
0 0.3415384615384615 0.35414480587618047 0.012307692307692308 0.015739769150052464
0 0.13 0.378803777544596 0.015384615384615385 0.023084994753410283
0 0.1280769230769231 0.36778593913955926 0.014615384615384615 0.022035676810073453
0 0.15346153846153845 0.37145855194123817 0.036153846153846154 0.06925498426023086
0 0.08384615384615385 0.37303252885624344 0.03076923076923077 0.04512067156348373
0 -0.006538461538461538 0.391395592864638 0.022307692307692306 0.035676810073452254
0 0.008461538461538461 0.3719832109129066 0.010769230769230769 0.013641133263378805
