0 -0.0107421875 0.3559225512528474 0.0234375 0.03302961275626424
0 0.05224609375 0.36674259681093396 0.0341796875 0.04555808656036447
0 0.1171875 0.3735763097949886 0.03515625 0.05011389521640091
0 0.2392578125 0.3547835990888383 0.056640625 0.0785876993166287
0 0.46533203125 0.3593394077448747 0.0615234375 0.08769931662870159
0 0.65576171875 0.32574031890660593 0.0615234375 0.09567198177676538
0 0.736328125 0.32687927107061504 0.052734375 0.07972665148063782
0 0.857421875 0.3547835990888383 0.068359375 0.08769931662870159
0 0.912109375 0.321753986332574 0.052734375 0.07630979498861047
0 0.68408203125 0.321753986332574 0.0380859375 0.06492027334851937
0 0.80224609375 0.35193621867881547 0.0107421875 0.01366742596810934
0 0.5966796875 0.38610478359908884 0.021484375 0.02733485193621868
0 0.5517578125 0.3764236902050114 0.01953125 0.023917995444191344
0 0.5234375 0.3798405466970387 0.015625 0.023917995444191344
0 0.51171875 0.3547835990888383 0.01953125 0.02164009111617312
0 0.5693359375 0.3542141230068337 0.015625 0.022779043280182234
0 0.4326171875 0.36104783599088835 0.021484375 0.03416856492027335
0 0.35595703125 0.35876993166287013 0.0263671875 0.03644646924829157
0 0.41455078125 0.36560364464692485 0.0205078125 0.02733485193621868
0 0.30322265625 0.3775626423690205 0.0205078125 0.023917995444191344
0 0.32568359375 0.3809794988610478 0.0126953125 0.0193621867881549
0 0.26318359375 0.3604783599088838 0.0283203125 0.04214123006833713
0 0.22314453125 0.37414578587699315 0.0263671875 0.04214123006833713
0 0.1650390625 0.4048974943052392 0.01953125 0.02164009111617312
0 0.18798828125 0.37186788154897493 0.0126953125 0.017084282460136675
0 0.8359375 0.37186788154897493 0.0234375 0.03530751708428246
0 0.48828125 0.3582004555808656 0.013671875 0.017084282460136675
