0 0.63671875 0.8638360175695461 0.00390625 0.005856515373352855
0 0.6328125 0.8660322108345534 0.009765625 0.036603221083455345
0 0.5322265625 0.8879941434846267 0.00390625 0.007320644216691069
0 0.5283203125 0.7818448023426061 0.00390625 0.005856515373352855
0 0.75 0.9253294289897511 0.00390625 0.005856515373352855
0 0.7587890625 0.9326500732064422 0.00390625 0.005856515373352855
0 0.765625 0.9377745241581259 0.00390625 0.007320644216691069
0 0.84521484375 0.9377745241581259 0.0048828125 0.007320644216691069
0 0.931640625 0.7540263543191801 0.00390625 0.005856515373352855
0 0.92041015625 0.6683748169838946 0.0185546875 0.03074670571010249
0 0.96142578125 0.616398243045388 0.0029296875 0.005856515373352855
0 0.9765625 0.6134699853587116 0.00390625 0.005856515373352855
0 0.9150390625 0.5973645680819912 0.00390625 0.005856515373352855
0 0.91064453125 0.6010248901903368 0.0107421875 0.021961932650073207
0 0.89990234375 0.5695461200585652 0.0029296875 0.005856515373352855
0 0.99072265625 0.5117130307467057 0.0029296875 0.004392386530014641
0 0.98095703125 0.5058565153733529 0.0029296875 0.004392386530014641
0 0.935546875 0.5021961932650073 0.00390625 0.005856515373352855
0 0.859375 0.4699853587115666 0.005859375 0.017569546120058566
0 0.86376953125 0.46046852122986826 0.0029296875 0.004392386530014641
0 0.88232421875 0.4663250366032211 0.0146484375 0.021961932650073207
0 0.884765625 0.4538799414348463 0.00390625 0.005856515373352855
0 0.97265625 0.3367496339677892 0.00390625 0.005856515373352855
0 0.974609375 0.33382137628111275 0.00390625 0.005856515373352855
0 0.986328125 0.30307467057101023 0.009765625 0.029282576866764276
0 0.99658203125 0.30307467057101023 0.0087890625 0.029282576866764276
0 0.8330078125 0.31771595900439237 0.00390625 0.005856515373352855
0 0.82421875 0.3308931185944363 0.0078125 0.02635431918008785
0 0.82958984375 0.39751098096632503 0.0068359375 0.024890190336749635
0 0.71875 0.4033674963396779 0.0078125 0.024890190336749635
0 0.71533203125 0.39824304538799415 0.0029296875 0.005856515373352855
0 0.74462890625 0.37554904831625185 0.0029296875 0.004392386530014641
0 0.73388671875 0.34992679355783307 0.0029296875 0.005856515373352855
0 0.72509765625 0.3506588579795022 0.0029296875 0.004392386530014641
0 0.71337890625 0.3609077598828697 0.0029296875 0.004392386530014641
0 0.6875 0.3923865300146413 0.00390625 0.005856515373352855
0 0.6875 0.37920937042459735 0.00390625 0.005856515373352855
0 0.67529296875 0.3850658857979502 0.0029296875 0.005856515373352855
0 0.701171875 0.34553440702781846 0.00390625 0.005856515373352855
0 0.68603515625 0.33455344070278187 0.0029296875 0.004392386530014641
0 0.68359375 0.32650073206442165 0.00390625 0.005856515373352855
0 0.6767578125 0.3191800878477306 0.009765625 0.032210834553440704
0 0.66357421875 0.31991215226939973 0.0087890625 0.027818448023426062
0 0.6669921875 0.3089311859443631 0.009765625 0.032210834553440704
0 0.6181640625 0.390190336749634 0.00390625 0.007320644216691069
0 0.615234375 0.37042459736456806 0.0078125 0.017569546120058566
0 0.6123046875 0.34699853587115664 0.00390625 0.005856515373352855
0 0.5869140625 0.38872620790629575 0.009765625 0.01903367496339678
0 0.58154296875 0.38872620790629575 0.0068359375 0.021961932650073207
0 0.57861328125 0.3396778916544656 0.0048828125 0.005856515373352855
0 0.568359375 0.3806734992679356 0.0078125 0.029282576866764276
0 0.56494140625 0.3711566617862372 0.0029296875 0.004392386530014641
0 0.5576171875 0.37920937042459735 0.009765625 0.029282576866764276
0 0.533203125 0.39604685212298685 0.00390625 0.007320644216691069
0 0.51806640625 0.4019033674963397 0.0107421875 0.024890190336749635
0 0.51806640625 0.4011713030746706 0.0068359375 0.017569546120058566
0 0.51708984375 0.38433382137628114 0.0029296875 0.004392386530014641
0 0.50634765625 0.38433382137628114 0.0029296875 0.004392386530014641
0 0.47314453125 0.39092240117130306 0.0029296875 0.005856515373352855
0 0.482421875 0.3953147877013177 0.01171875 0.02635431918008785
0 0.5439453125 0.33528550512445093 0.00390625 0.005856515373352855
0 0.54736328125 0.3389458272327965 0.0126953125 0.036603221083455345
0 0.54541015625 0.33382137628111275 0.0126953125 0.03513909224011713
0 0.5322265625 0.3411420204978038 0.009765625 0.029282576866764276
0 0.5302734375 0.33382137628111275 0.013671875 0.032210834553440704
0 0.40234375 0.3945827232796486 0.013671875 0.024890190336749635
0 0.37646484375 0.4033674963396779 0.0087890625 0.027818448023426062
0 0.36865234375 0.3923865300146413 0.0029296875 0.005856515373352855
0 0.36279296875 0.3931185944363104 0.0029296875 0.004392386530014641
0 0.3603515625 0.3923865300146413 0.009765625 0.02635431918008785
0 0.35400390625 0.390190336749634 0.0087890625 0.024890190336749635
0 0.3193359375 0.3235724743777452 0.00390625 0.005856515373352855
0 0.31640625 0.328696925329429 0.01171875 0.03367496339677892
0 0.2841796875 0.30234260614934116 0.01171875 0.036603221083455345
0 0.31005859375 0.39092240117130306 0.0068359375 0.020497803806734993
0 0.306640625 0.3938506588579795 0.0078125 0.020497803806734993
0 0.2890625 0.3953147877013177 0.00390625 0.005856515373352855
0 0.29541015625 0.38653001464128844 0.0029296875 0.005856515373352855
0 0.2861328125 0.3850658857979502 0.00390625 0.005856515373352855
0 0.25146484375 0.3323572474377745 0.0048828125 0.005856515373352855
0 0.25634765625 0.38433382137628114 0.0029296875 0.004392386530014641
0 0.248046875 0.3916544655929722 0.01171875 0.021961932650073207
0 0.19482421875 0.30161054172767204 0.0087890625 0.029282576866764276
0 0.18994140625 0.29209370424597364 0.0029296875 0.004392386530014641
0 0.12939453125 0.3784773060029283 0.0029296875 0.004392386530014641
0 0.12451171875 0.37920937042459735 0.0029296875 0.005856515373352855
0 0.0205078125 0.37994143484626647 0.00390625 0.004392386530014641
0 0.00537109375 0.4333821376281113 0.0029296875 0.005856515373352855
0 0.04931640625 0.45168374816983897 0.0107421875 0.021961932650073207
0 0.03564453125 0.45168374816983897 0.0107421875 0.021961932650073207
0 0.025390625 0.44875549048316254 0.009765625 0.021961932650073207
0 0.0146484375 0.45900439238653 0.0078125 0.03367496339677892
0 0.0166015625 0.46266471449487556 0.01171875 0.020497803806734993
0 0.009765625 0.4743777452415813 0.01171875 0.020497803806734993
0 0.07373046875 0.46046852122986826 0.0126953125 0.021961932650073207
0 0.0693359375 0.46925329428989754 0.00390625 0.007320644216691069
0 0.103515625 0.4670571010248902 0.00390625 0.005856515373352855
0 0.0166015625 0.5036603221083455 0.00390625 0.005856515373352855
0 0.10400390625 0.5658857979502196 0.0048828125 0.007320644216691069
0 0.08642578125 0.5541727672035139 0.0048828125 0.007320644216691069
0 0.0888671875 0.5592972181551976 0.00390625 0.005856515373352855
0 0.05078125 0.6837481698389458 0.00390625 0.005856515373352855
0 0.05517578125 0.7042459736456809 0.0126953125 0.029282576866764276
0 0.05810546875 0.6939970717423133 0.0029296875 0.005856515373352855
0 0.08837890625 0.7306002928257687 0.0048828125 0.005856515373352855
0 0.09375 0.7291361639824304 0.00390625 0.005856515373352855
0 0.1142578125 0.7115666178623719 0.00390625 0.005856515373352855
0 0.1259765625 0.7137628111273792 0.00390625 0.004392386530014641
0 0.1650390625 0.7972181551976574 0.00390625 0.007320644216691069
0 0.1494140625 0.8433382137628112 0.00390625 0.005856515373352855
0 0.1640625 0.8477306002928258 0.00390625 0.005856515373352855
0 0.1708984375 0.8557833089311859 0.009765625 0.03074670571010249
0 0.185546875 0.8513909224011713 0.00390625 0.007320644216691069
0 0.17431640625 0.8587115666178624 0.0048828125 0.007320644216691069
0 0.1689453125 0.8696925329428989 0.00390625 0.005856515373352855
0 0.17529296875 0.931185944363104 0.0029296875 0.005856515373352855
0 0.162109375 0.9224011713030746 0.00390625 0.005856515373352855
0 0.150390625 0.9253294289897511 0.00390625 0.005856515373352855
0 0.13330078125 0.9341142020497804 0.0029296875 0.005856515373352855
0 0.10546875 0.9348462664714495 0.00390625 0.007320644216691069
0 0.07568359375 0.9436310395314788 0.0048828125 0.007320644216691069
0 0.03759765625 0.9956076134699854 0.0087890625 0.03513909224011713
0 0.2255859375 0.9428989751098097 0.00390625 0.005856515373352855
0 0.2333984375 0.9341142020497804 0.00390625 0.005856515373352855
0 0.2978515625 0.8872620790629575 0.00390625 0.005856515373352855
0 0.34033203125 0.8777452415812591 0.0087890625 0.03367496339677892
0 0.39306640625 0.8748169838945827 0.0029296875 0.004392386530014641
0 0.27880859375 0.808199121522694 0.0029296875 0.005856515373352855
0 0.265625 0.8067349926793558 0.00390625 0.005856515373352855
0 0.20068359375 0.7379209370424598 0.0048828125 0.005856515373352855
0 0.20166015625 0.7423133235724744 0.0087890625 0.02342606149341142
0 0.21533203125 0.7415812591508053 0.0107421875 0.024890190336749635
0 0.3466796875 0.7306002928257687 0.00390625 0.005856515373352855
0 0.3564453125 0.7306002928257687 0.00390625 0.005856515373352855
0 0.40234375 0.7276720351390923 0.00390625 0.005856515373352855
0 0.39990234375 0.7306002928257687 0.0087890625 0.029282576866764276
0 0.412109375 0.8257686676427526 0.00390625 0.005856515373352855
0 0.4189453125 0.8345534407027818 0.00390625 0.005856515373352855
0 0.43505859375 0.8206442166910688 0.0029296875 0.004392386530014641
0 0.01123046875 0.12884333821376281 0.0029296875 0.005856515373352855
0 0.0029296875 0.14128843338213762 0.009765625 0.027818448023426062
0 0.01220703125 0.0746705710102489 0.0087890625 0.029282576866764276
0 0.02392578125 0.08565153733528551 0.0029296875 0.004392386530014641
0 0.03662109375 0.07833089311859444 0.0029296875 0.004392386530014641
0 0.0419921875 0.08638360175695461 0.0078125 0.032210834553440704
0 0.048828125 0.09150805270863836 0.009765625 0.024890190336749635
0 0.05419921875 0.08931185944363104 0.0107421875 0.029282576866764276
0 0.02099609375 0.09150805270863836 0.0068359375 0.024890190336749635
0 0.021484375 0.08125915080527087 0.0078125 0.024890190336749635
0 0.07373046875 0.07833089311859444 0.0029296875 0.004392386530014641
0 0.08203125 0.09077598828696926 0.00390625 0.005856515373352855
0 0.08642578125 0.07759882869692533 0.0029296875 0.005856515373352855
0 0.138671875 0.08345534407027819 0.00390625 0.005856515373352855
0 0.1142578125 0.06588579795021962 0.00390625 0.005856515373352855
0 0.134765625 0.18594436310395315 0.005859375 0.020497803806734993
0 0.2021484375 0.13103953147877012 0.001953125 0.004392386530014641
0 0.2470703125 0.057833089311859445 0.00390625 0.007320644216691069
0 0.2431640625 0.09370424597364568 0.0078125 0.029282576866764276
0 0.24462890625 0.08784773060029283 0.0068359375 0.02635431918008785
0 0.24462890625 0.08272327964860908 0.0068359375 0.027818448023426062
0 0.2587890625 0.1061493411420205 0.0078125 0.024890190336749635
0 0.26171875 0.10175695461200586 0.009765625 0.027818448023426062
0 0.443359375 0.0849194729136164 0.009765625 0.029282576866764276
0 0.55419921875 0.14128843338213762 0.0068359375 0.024890190336749635
0 0.56201171875 0.13543191800878476 0.0029296875 0.004392386530014641
0 0.59033203125 0.09370424597364568 0.0068359375 0.02635431918008785
0 0.6015625 0.09077598828696926 0.0078125 0.02635431918008785
0 0.611328125 0.09004392386530015 0.0078125 0.027818448023426062
0 0.6494140625 0.2042459736456808 0.00390625 0.007320644216691069
0 0.873046875 0.0739385065885798 0.009765625 0.024890190336749635
0 0.00537109375 0.06515373352855051 0.0068359375 0.027818448023426062
0 0.0029296875 0.7701317715959004 0.0078125 0.032210834553440704
0 0.474609375 0.7349926793557833 0.00390625 0.005856515373352855
0 0.48828125 0.7313323572474377 0.00390625 0.007320644216691069
0 0.5732421875 0.7445095168374817 0.009765625 0.03074670571010249
0 0.66796875 0.7408491947291361 0.0078125 0.02635431918008785
0 0.67578125 0.7357247437774525 0.00390625 0.007320644216691069
0 0.68505859375 0.7357247437774525 0.0048828125 0.007320644216691069
0 0.6845703125 0.7540263543191801 0.01171875 0.03513909224011713
0 0.724609375 0.7357247437774525 0.00390625 0.004392386530014641
0 0.7421875 0.7335285505124451 0.00390625 0.005856515373352855
0 0.75146484375 0.7349926793557833 0.0029296875 0.005856515373352855
0 0.7861328125 0.7576866764275256 0.0078125 0.021961932650073207
0 0.7841796875 0.753294289897511 0.01171875 0.03074670571010249
0 0.79443359375 0.7430453879941434 0.0029296875 0.004392386530014641
0 0.845703125 0.7430453879941434 0.009765625 0.027818448023426062
0 0.8564453125 0.7437774524158126 0.009765625 0.02342606149341142
0 0.873046875 0.7445095168374817 0.0078125 0.027818448023426062
0 0.880859375 0.753294289897511 0.009765625 0.013177159590043924
0 0.71484375 0.7833089311859444 0.00390625 0.005856515373352855
0 0.03173828125 0.08345534407027819 0.0107421875 0.032210834553440704
