0 0.034210526315789476 0.6364406779661017 0.010526315789473684 0.015254237288135594
0 0.05263157894736842 0.6169491525423729 0.007894736842105263 0.010169491525423728
0 0.07039473684210526 0.6186440677966102 0.009210526315789473 0.013559322033898305
0 0.11776315789473685 0.6169491525423729 0.009210526315789473 0.013559322033898305
0 0.125 0.6237288135593221 0.010526315789473684 0.013559322033898305
0 0.15789473684210525 0.5915254237288136 0.007894736842105263 0.010169491525423728
0 0.19342105263157894 0.6440677966101694 0.010526315789473684 0.013559322033898305
0 0.18223684210526317 0.588135593220339 0.009210526315789473 0.013559322033898305
0 0.22960526315789473 0.6042372881355932 0.009210526315789473 0.011864406779661017
0 0.19342105263157894 0.7508474576271187 0.013157894736842105 0.01694915254237288
0 0.23223684210526316 0.7567796610169492 0.017105263157894738 0.025423728813559324
0 0.4039473684210526 0.8491525423728814 0.021052631578947368 0.02711864406779661
0 0.3993421052631579 0.9610169491525423 0.019736842105263157 0.03389830508474576
0 0.3782894736842105 0.6067796610169491 0.009210526315789473 0.013559322033898305
0 0.36907894736842106 0.7457627118644068 0.011842105263157895 0.020338983050847456
0 0.3223684210526316 0.5677966101694916 0.007894736842105263 0.010169491525423728
0 0.3125 0.5711864406779661 0.006578947368421052 0.010169491525423728
0 0.2986842105263158 0.5677966101694916 0.007894736842105263 0.010169491525423728
0 0.27631578947368424 0.5940677966101695 0.015789473684210527 0.059322033898305086
0 0.2835526315789474 0.5703389830508474 0.006578947368421052 0.00847457627118644
0 0.2894736842105263 0.588135593220339 0.010526315789473684 0.0576271186440678
0 0.3651315789473684 0.5440677966101695 0.006578947368421052 0.010169491525423728
0 0.38092105263157894 0.5516949152542373 0.006578947368421052 0.00847457627118644
0 0.39276315789473687 0.5550847457627118 0.006578947368421052 0.00847457627118644
0 0.4375 0.5432203389830509 0.006578947368421052 0.00847457627118644
0 0.4236842105263158 0.5449152542372881 0.007894736842105263 0.00847457627118644
0 0.44605263157894737 0.5364406779661017 0.007894736842105263 0.00847457627118644
0 0.4710526315789474 0.535593220338983 0.005263157894736842 0.006779661016949152
0 0.48355263157894735 0.5322033898305085 0.006578947368421052 0.010169491525423728
0 0.5611842105263158 0.5991525423728814 0.009210526315789473 0.011864406779661017
0 0.5276315789473685 0.535593220338983 0.005263157894736842 0.006779661016949152
0 0.8 0.9440677966101695 0.02368421052631579 0.030508474576271188
0 0.7743421052631579 0.8627118644067797 0.017105263157894738 0.02711864406779661
0 0.7309210526315789 0.7974576271186441 0.017105263157894738 0.022033898305084745
0 0.8282894736842106 0.7847457627118644 0.011842105263157895 0.020338983050847456
0 0.7789473684210526 0.7415254237288136 0.018421052631578946 0.022033898305084745
0 0.6953947368421053 0.7076271186440678 0.011842105263157895 0.01864406779661017
0 0.7447368421052631 0.6686440677966101 0.010526315789473684 0.015254237288135594
0 0.7901315789473684 0.6245762711864407 0.011842105263157895 0.015254237288135594
0 0.7217105263157895 0.6262711864406779 0.009210526315789473 0.015254237288135594
0 0.7578947368421053 0.6127118644067797 0.010526315789473684 0.015254237288135594
0 0.655921052631579 0.5966101694915255 0.006578947368421052 0.010169491525423728
0 0.7078947368421052 0.6067796610169491 0.007894736842105263 0.010169491525423728
0 0.6282894736842105 0.5847457627118644 0.003947368421052632 0.003389830508474576
0 0.6368421052631579 0.5771186440677966 0.005263157894736842 0.005084745762711864
0 0.6480263157894737 0.5822033898305085 0.006578947368421052 0.00847457627118644
0 0.7736842105263158 0.6008474576271187 0.007894736842105263 0.011864406779661017
0 0.6868421052631579 0.5491525423728814 0.005263157894736842 0.006779661016949152
0 0.6638157894736842 0.535593220338983 0.006578947368421052 0.010169491525423728
0 0.5868421052631579 0.5042372881355932 0.010526315789473684 0.03220338983050847
0 0.6131578947368421 0.511864406779661 0.005263157894736842 0.006779661016949152
0 0.675 0.5338983050847458 0.005263157894736842 0.006779661016949152
0 0.6671052631578948 0.5186440677966102 0.005263157894736842 0.006779661016949152
0 0.6592105263157895 0.5093220338983051 0.005263157894736842 0.00847457627118644
0 0.7493421052631579 0.6084745762711864 0.009210526315789473 0.013559322033898305
