0 0.18872549019607843 0.5833333333333334 0.017973856209150325 0.0196078431372549
0 0.40441176470588236 0.5735294117647058 0.011437908496732025 0.013071895424836602
0 0.5008169934640523 0.5694444444444444 0.014705882352941176 0.017973856209150325
0 0.5081699346405228 0.571078431372549 0.013071895424836602 0.017973856209150325
0 0.5490196078431373 0.5179738562091504 0.006535947712418301 0.006535947712418301
0 0.5620915032679739 0.5187908496732027 0.006535947712418301 0.008169934640522876
0 0.5400326797385621 0.5759803921568627 0.008169934640522876 0.008169934640522876
0 0.559640522875817 0.5718954248366013 0.014705882352941176 0.016339869281045753
0 0.5808823529411765 0.5906862745098039 0.021241830065359478 0.024509803921568627
0 0.6838235294117647 0.5678104575163399 0.011437908496732025 0.014705882352941176
0 0.8071895424836601 0.6078431372549019 0.0196078431372549 0.0196078431372549
0 0.9093137254901961 0.5808823529411765 0.014705882352941176 0.017973856209150325
