0 0.8166666666666667 0.46296296296296297 0.00625 0.012962962962962963
0 0.8518229166666667 0.39537037037037037 0.022395833333333334 0.05185185185185185
0 0.7778645833333333 0.3648148148148148 0.0234375 0.05555555555555555
0 0.728125 0.46435185185185185 0.007291666666666667 0.01574074074074074
0 0.6934895833333333 0.3814814814814815 0.025520833333333333 0.053703703703703705
0 0.66328125 0.40046296296296297 0.0578125 0.14537037037037037
0 0.6002604166666666 0.3990740740740741 0.033854166666666664 0.06481481481481481
0 0.6169270833333333 0.38935185185185184 0.022395833333333334 0.06018518518518518
0 0.5833333333333334 0.3824074074074074 0.022916666666666665 0.04814814814814815
0 0.53515625 0.3861111111111111 0.049479166666666664 0.10925925925925926
0 0.48932291666666666 0.3541666666666667 0.03177083333333333 0.06574074074074074
0 0.47552083333333334 0.4675925925925926 0.05416666666666667 0.13148148148148148
0 0.41901041666666666 0.3537037037037037 0.04739583333333333 0.1259259259259259
0 0.3190104166666667 0.42083333333333334 0.058854166666666666 0.1398148148148148
0 0.35234375 0.40925925925925927 0.04635416666666667 0.11296296296296296
0 0.24739583333333334 0.36898148148148147 0.046875 0.10462962962962963
0 0.18229166666666666 0.4476851851851852 0.052083333333333336 0.12129629629629629
0 0.10286458333333333 0.38333333333333336 0.059895833333333336 0.14629629629629629
