0 0.04115384615384615 0.475418410041841 0.02076923076923077 0.02405857740585774
0 0.09153846153846154 0.4811715481171548 0.016923076923076923 0.02092050209205021
0 0.10961538461538461 0.4764644351464435 0.013076923076923076 0.0198744769874477
0 0.12115384615384615 0.47960251046025104 0.008461538461538461 0.013598326359832637
0 0.13346153846153846 0.47855648535564854 0.005384615384615384 0.007322175732217573
0 0.14576923076923076 0.47960251046025104 0.006923076923076923 0.009414225941422594
0 0.14692307692307693 0.49006276150627615 0.009230769230769232 0.013598326359832637
0 0.18269230769230768 0.4764644351464435 0.016153846153846154 0.02405857740585774
0 0.20653846153846153 0.4722803347280335 0.019230769230769232 0.02615062761506276
0 0.24923076923076923 0.4780334728033473 0.023076923076923078 0.03347280334728033
0 0.2680769230769231 0.47960251046025104 0.006923076923076923 0.009414225941422594
0 0.275 0.4790794979079498 0.005384615384615384 0.008368200836820083
0 0.2826923076923077 0.4858786610878661 0.006923076923076923 0.009414225941422594
0 0.2846153846153846 0.48064853556485354 0.006153846153846154 0.009414225941422594
0 0.30230769230769233 0.48797071129707115 0.009230769230769232 0.013598326359832637
0 0.30923076923076925 0.47751046025104604 0.006153846153846154 0.009414225941422594
0 0.3296153846153846 0.4895397489539749 0.022307692307692306 0.03556485355648536
0 0.3496153846153846 0.48535564853556484 0.013076923076923076 0.016736401673640166
0 0.4076923076923077 0.4895397489539749 0.015384615384615385 0.027196652719665274
0 0.4246153846153846 0.48901673640167365 0.010769230769230769 0.015690376569037656
0 0.44153846153846155 0.4837866108786611 0.013846153846153847 0.0198744769874477
0 0.45692307692307693 0.48430962343096234 0.009230769230769232 0.014644351464435146
0 0.4726923076923077 0.5067991631799164 0.013076923076923076 0.05543933054393305
0 0.4807692307692308 0.48640167364016734 0.006153846153846154 0.008368200836820083
0 0.48346153846153844 0.4869246861924686 0.008461538461538461 0.013598326359832637
0 0.4973076923076923 0.48326359832635984 0.008461538461538461 0.012552301255230125
0 0.5038461538461538 0.5287656903765691 0.03230769230769231 0.09728033472803348
0 0.5057692307692307 0.49476987447698745 0.019230769230769232 0.029288702928870293
0 0.5307692307692308 0.4895397489539749 0.015384615384615385 0.02301255230125523
0 0.535 0.49110878661087864 0.011538461538461539 0.01778242677824268
0 0.5553846153846154 0.48797071129707115 0.006153846153846154 0.009414225941422594
0 0.573076923076923 0.48430962343096234 0.004615384615384616 0.008368200836820083
0 0.5823076923076923 0.4895397489539749 0.007692307692307693 0.012552301255230125
0 0.6234615384615385 0.4869246861924686 0.011538461538461539 0.01778242677824268
0 0.655 0.4769874476987448 0.014615384615384615 0.027196652719665274
0 0.6984615384615385 0.49686192468619245 0.013846153846153847 0.03556485355648536
0 0.686923076923077 0.48430962343096234 0.003076923076923077 0.0041841004184100415
0 0.6788461538461539 0.48535564853556484 0.02076923076923077 0.027196652719665274
0 0.708076923076923 0.49006276150627615 0.013076923076923076 0.021966527196652718
0 0.7976923076923077 0.48640167364016734 0.012307692307692308 0.016736401673640166
0 0.7776923076923077 0.4811715481171548 0.02 0.027196652719665274
