0 0.0975 0.509009009009009 0.031 0.06606606606606606
0 0.1055 0.5007507507507507 0.023 0.04354354354354354
0 0.1925 0.4346846846846847 0.049 0.07657657657657657
0 0.2175 0.6358858858858859 0.043 0.05555555555555555
0 0.255 0.4271771771771772 0.042 0.07657657657657657
0 0.2995 0.47822822822822825 0.031 0.052552552552552555
0 0.3145 0.521021021021021 0.037 0.06306306306306306
0 0.3295 0.4924924924924925 0.031 0.06906906906906907
0 0.385 0.5127627627627628 0.036 0.07657657657657657
0 0.449 0.4369369369369369 0.044 0.07807807807807808
0 0.544 0.38813813813813813 0.044 0.08258258258258258
0 0.569 0.6336336336336337 0.034 0.06906906906906907
0 0.777 0.35735735735735735 0.052 0.1111111111111111
0 0.7935 0.3611111111111111 0.039 0.08558558558558559
0 0.9085 0.49774774774774777 0.043 0.07057057057057058
0 1.0325 0.3205705705705706 0.049 0.07357357357357357
0 0.5555 0.4039039039039039 0.035 0.06306306306306306
