0 0.9150537634408602 0.5 0.021505376344086023 0.03767123287671233
0 0.9408602150537635 0.4914383561643836 0.015053763440860216 0.023972602739726026
0 0.8112903225806452 0.4948630136986301 0.01827956989247312 0.03767123287671233
0 0.49946236559139784 0.6147260273972602 0.04408602150537634 0.08561643835616438
0 0.30806451612903224 0.5470890410958904 0.03118279569892473 0.05650684931506849
0 0.26505376344086023 0.5967465753424658 0.046236559139784944 0.07705479452054795
0 0.6473118279569893 0.4888698630136986 0.017204301075268817 0.032534246575342464
0 0.6263440860215054 0.4820205479452055 0.013978494623655914 0.025684931506849314
0 0.7139784946236559 0.4691780821917808 0.015053763440860216 0.023972602739726026
0 0.7548387096774194 0.4708904109589041 0.008602150537634409 0.0136986301369863
0 0.7666666666666667 0.4623287671232877 0.008602150537634409 0.0136986301369863
0 0.7903225806451613 0.461472602739726 0.008602150537634409 0.015410958904109588
0 0.843010752688172 0.4657534246575342 0.0064516129032258064 0.010273972602739725
0 0.8661290322580645 0.4794520547945205 0.007526881720430108 0.010273972602739725
0 0.8564516129032258 0.461472602739726 0.007526881720430108 0.011986301369863013
0 0.8295698924731183 0.4657534246575342 0.007526881720430108 0.0136986301369863
0 0.8946236559139785 0.473458904109589 0.008602150537634409 0.015410958904109588
0 0.8876344086021506 0.4743150684931507 0.007526881720430108 0.0136986301369863
0 0.9354838709677419 0.4751712328767123 0.010752688172043012 0.018835616438356163
0 0.9881720430107527 0.4751712328767123 0.008602150537634409 0.011986301369863013
0 0.4349462365591398 0.4914383561643836 0.016129032258064516 0.023972602739726026
0 0.5586021505376344 0.5051369863013698 0.024731182795698924 0.04452054794520548
0 0.603225806451613 0.4666095890410959 0.012903225806451613 0.02226027397260274
0 0.5338709677419354 0.4828767123287671 0.011827956989247311 0.02054794520547945
0 0.4806451612903226 0.461472602739726 0.0064516129032258064 0.011986301369863013
0 0.5026881720430108 0.4546232876712329 0.007526881720430108 0.011986301369863013
0 0.44946236559139785 0.473458904109589 0.008602150537634409 0.015410958904109588
0 0.40483870967741936 0.4623287671232877 0.007526881720430108 0.0136986301369863
0 0.3903225806451613 0.4683219178082192 0.010752688172043012 0.018835616438356163
0 0.3575268817204301 0.4811643835616438 0.013978494623655914 0.02054794520547945
0 0.36129032258064514 0.4768835616438356 0.008602150537634409 0.018835616438356163
0 0.3327956989247312 0.4905821917808219 0.016129032258064516 0.025684931506849314
0 0.2989247311827957 0.5051369863013698 0.01935483870967742 0.03424657534246575
0 0.22741935483870968 0.5068493150684932 0.013978494623655914 0.02054794520547945
0 0.17634408602150536 0.4957191780821918 0.012903225806451613 0.02226027397260274
0 0.2010752688172043 0.4777397260273973 0.008602150537634409 0.017123287671232876
0 0.260752688172043 0.4743150684931507 0.007526881720430108 0.0136986301369863
0 0.1403225806451613 0.541095890410959 0.02043010752688172 0.03767123287671233
0 0.0935483870967742 0.5171232876712328 0.015053763440860216 0.023972602739726026
0 0.11881720430107527 0.5068493150684932 0.013978494623655914 0.0273972602739726
0 0.03870967741935484 0.5513698630136986 0.021505376344086023 0.03767123287671233
0 0.00967741935483871 0.5625 0.01935483870967742 0.03595890410958904
0 0.2817204301075269 0.4785958904109589 0.0064516129032258064 0.011986301369863013
0 0.3387096774193548 0.4674657534246575 0.008602150537634409 0.0136986301369863
0 0.6752688172043011 0.4606164383561644 0.008602150537634409 0.0136986301369863
0 0.6661290322580645 0.4623287671232877 0.007526881720430108 0.0136986301369863
0 0.7053763440860215 0.4674657534246575 0.010752688172043012 0.017123287671232876
0 0.7016129032258065 0.4554794520547945 0.00967741935483871 0.017123287671232876
0 0.7317204301075269 0.4597602739726027 0.00967741935483871 0.015410958904109588
0 0.4924731182795699 0.4409246575342466 0.0064516129032258064 0.011986301369863013
0 0.4768817204301075 0.4520547945205479 0.005376344086021506 0.010273972602739725
0 0.3951612903225806 0.4571917808219178 0.005376344086021506 0.010273972602739725
