0 0.715 0.7534102833158447 0.03769230769230769 0.07135362014690451
0 0.5188461538461538 0.6810073452256034 0.036153846153846154 0.05666316894018888
0 0.48307692307692307 0.7114375655823715 0.013846153846153847 0.02098635886673662
0 0.4592307692307692 0.7103882476390346 0.015384615384615385 0.02728226652675761
0 0.45884615384615385 0.6878279118572928 0.014615384615384615 0.022035676810073453
0 0.40307692307692305 0.70199370409234 0.027692307692307693 0.03987408184679958
0 0.41115384615384615 0.710912906610703 0.019230769230769232 0.030430220356768102
0 0.3346153846153846 0.7418677859391396 0.012307692307692308 0.02098635886673662
0 0.3434615384615385 0.7124868835257083 0.01 0.014690451206715634
0 0.3046153846153846 0.7166841552990556 0.009230769230769232 0.012591815320041973
0 0.28884615384615386 0.7030430220356768 0.01769230769230769 0.025183630640083946
0 0.2726923076923077 0.7140608604407135 0.008461538461538461 0.013641133263378805
0 0.26153846153846155 0.7124868835257083 0.007692307692307693 0.01049317943336831
0 0.24615384615384617 0.7082896117523609 0.010769230769230769 0.016789087093389297
0 0.23346153846153847 0.7156348373557188 0.01 0.016789087093389297
0 0.21115384615384616 0.6951731374606506 0.016153846153846154 0.024134312696747113
0 0.19192307692307692 0.7046169989506821 0.019230769230769232 0.030430220356768102
0 0.16923076923076924 0.7198321091290661 0.016923076923076923 0.02728226652675761
0 0.18307692307692308 0.7056663168940189 0.006153846153846154 0.00944386149003148
0 0.16115384615384615 0.7166841552990556 0.013076923076923076 0.023084994753410283
0 0.11576923076923076 0.7387198321091291 0.045384615384615384 0.07974816369359916
0 0.13115384615384615 0.6846799580272823 0.02076923076923077 0.03462749213011543
0 0.05384615384615385 0.7103882476390346 0.023076923076923078 0.03147953830010493
0 0.006923076923076923 0.7067156348373557 0.018461538461538463 0.03672612801678909
