0 0.9147619047619048 0.5033898305084745 0.014285714285714285 0.030508474576271188
0 0.8328571428571429 0.5084745762711864 0.010476190476190476 0.023728813559322035
0 0.768095238095238 0.523728813559322 0.010476190476190476 0.01694915254237288
0 0.789047619047619 0.5652542372881356 0.025714285714285714 0.08983050847457627
0 0.6504761904761904 0.3432203389830508 0.04 0.08644067796610169
0 0.4747619047619048 0.39915254237288134 0.035238095238095235 0.07966101694915254
0 0.5371428571428571 0.46864406779661016 0.02666666666666667 0.04576271186440678
0 0.5714285714285714 0.5245762711864407 0.005714285714285714 0.011864406779661017
0 0.5923809523809523 0.49745762711864405 0.017142857142857144 0.03220338983050847
0 0.39 0.5084745762711864 0.006666666666666667 0.013559322033898305
0 0.3819047619047619 0.5110169491525424 0.005714285714285714 0.011864406779661017
0 0.36952380952380953 0.5101694915254237 0.007619047619047619 0.013559322033898305
0 0.3628571428571429 0.511864406779661 0.007619047619047619 0.013559322033898305
0 0.3280952380952381 0.4576271186440678 0.021904761904761906 0.04406779661016949
0 0.28523809523809524 0.47372881355932206 0.01619047619047619 0.0288135593220339
0 0.24666666666666667 0.4669491525423729 0.017142857142857144 0.0288135593220339
0 0.21095238095238095 0.5127118644067796 0.008571428571428572 0.01864406779661017
0 0.14142857142857143 0.5203389830508475 0.006666666666666667 0.013559322033898305
0 0.12095238095238095 0.5161016949152543 0.009523809523809525 0.01864406779661017
0 0.034761904761904765 0.5338983050847458 0.014285714285714285 0.06779661016949153
0 0.020476190476190478 0.5110169491525424 0.010476190476190476 0.022033898305084745
