0 0.973915592028136 0.003703703703703704 0.1025791324736225 0.1574074074074074
0 0.9044548651817116 0.274537037037037 0.044548651817116064 0.0712962962962963
0 0.7878077373974208 0.3523148148148148 0.03048065650644783 0.062037037037037036
0 0.697831184056272 0.37592592592592594 0.025205158264947247 0.05
0 0.6280773739742087 0.37222222222222223 0.020515826494724502 0.040740740740740744
0 0.5527549824150059 0.2851851851851852 0.038686987104337635 0.06851851851851852
0 0.45076201641266117 0.31157407407407406 0.03751465416178194 0.075
0 0.3883352872215709 0.3509259259259259 0.025205158264947247 0.044444444444444446
0 0.044548651817116064 0.43194444444444446 0.0668229777256741 0.11203703703703703
0 0.08851113716295428 0.44305555555555554 0.03399765533411489 0.08796296296296297
0 0.022274325908558032 0.40324074074074073 0.04572098475967175 0.09166666666666666
0 0.08763188745603752 0.44351851851851853 0.03575615474794842 0.08888888888888889
0 0.1694021101992966 0.46111111111111114 0.026963657678780773 0.044444444444444446
0 0.13159437280187572 0.42962962962962964 0.03223915592028136 0.05740740740740741
0 0.30041031652989447 0.33564814814814814 0.028722157092614303 0.05092592592592592
0 0.3578546307151231 0.39861111111111114 0.015826494724501757 0.030555555555555555
0 0.33264947245017584 0.4023148148148148 0.00996483001172333 0.017592592592592594
0 0.3563892145369285 0.3875 0.011723329425556858 0.019444444444444445
0 0.34232121922626024 0.40370370370370373 0.008206330597889801 0.014814814814814815
0 0.3300117233294256 0.39166666666666666 0.010550996483001172 0.018518518518518517
0 0.29572098475967173 0.38287037037037036 0.013481828839390387 0.023148148148148147
0 0.27139507620164127 0.39861111111111114 0.012895662368112544 0.021296296296296296
0 0.25703399765533413 0.3888888888888889 0.014654161781946073 0.025925925925925925
0 0.23593200468933176 0.39351851851851855 0.014654161781946073 0.025925925925925925
0 0.24765533411488863 0.38981481481481484 0.00996483001172333 0.020370370370370372
0 0.23036342321219228 0.39537037037037037 0.012895662368112544 0.022222222222222223
0 0.2224501758499414 0.3972222222222222 0.008792497069167644 0.014814814814814815
0 0.20691676436107856 0.37083333333333335 0.016412661195779603 0.028703703703703703
0 0.08440797186400938 0.38287037037037036 0.016412661195779603 0.028703703703703703
0 0.05949589683470106 0.36574074074074076 0.019343493552168817 0.02962962962962963
0 0.01846424384525205 0.3486111111111111 0.01817116060961313 0.032407407407407406
0 0.08001172332942556 0.3675925925925926 0.016998827667057445 0.03518518518518519
0 0.11811254396248534 0.4083333333333333 0.006447831184056272 0.012962962962962963
