0 0.05269230769230769 0.2604602510460251 0.025384615384615384 0.03765690376569038
0 0.085 0.27039748953974896 0.023846153846153847 0.036610878661087864
0 0.12115384615384615 0.276673640167364 0.023846153846153847 0.04079497907949791
0 0.1723076923076923 0.22646443514644352 0.03230769230769231 0.051255230125523014
0 0.305 0.2442468619246862 0.025384615384615384 0.04497907949790795
0 0.32346153846153847 0.2547071129707113 0.022307692307692306 0.036610878661087864
0 0.3596153846153846 0.25889121338912136 0.022307692307692306 0.04288702928870293
0 0.3930769230769231 0.24947698744769875 0.021538461538461538 0.034518828451882845
0 0.44076923076923075 0.2688284518828452 0.012307692307692308 0.02301255230125523
0 0.4530769230769231 0.2672594142259414 0.015384615384615385 0.028242677824267783
0 0.52 0.27824267782426776 0.023076923076923078 0.03138075313807531
0 0.5515384615384615 0.25313807531380755 0.02 0.03347280334728033
0 0.5657692307692308 0.2850418410041841 0.019230769230769232 0.036610878661087864
0 0.5861538461538461 0.28085774058577406 0.027692307692307693 0.04707112970711297
0 0.6623076923076923 0.2583682008368201 0.027692307692307693 0.04602510460251046
0 0.7188461538461538 0.30073221757322177 0.03307692307692308 0.0596234309623431
0 0.7907692307692308 0.26778242677824265 0.04153846153846154 0.06903765690376569
0 0.8553846153846154 0.2777196652719665 0.05076923076923077 0.0700836820083682
0 0.905 0.29811715481171547 0.03923076923076923 0.06276150627615062
0 0.9053846153846153 0.2975941422594142 0.04 0.06380753138075314
0 0.7011538461538461 0.3206066945606695 0.040769230769230766 0.0700836820083682
0 0.14807692307692308 0.27719665271966526 0.040769230769230766 0.07322175732217573
0 0.2542307692307692 0.2594142259414226 0.03461538461538462 0.05230125523012552
