0 0.8642307692307692 0.5432989690721649 0.014615384615384615 0.02268041237113402
0 0.8173076923076923 0.561340206185567 0.02076923076923077 0.029896907216494847
0 0.8384615384615385 0.5639175257731959 0.007692307692307693 0.010309278350515464
0 0.7680769230769231 0.5701030927835051 0.016153846153846154 0.026804123711340205
0 0.7584615384615384 0.6077319587628865 0.026153846153846153 0.04845360824742268
0 0.7673076923076924 0.6335051546391752 0.019230769230769232 0.02577319587628866
0 0.7542307692307693 0.5623711340206186 0.03 0.0443298969072165
0 0.7096153846153846 0.5412371134020618 0.023846153846153847 0.03917525773195876
0 0.5415384615384615 0.6 0.012307692307692308 0.016494845360824743
0 0.37153846153846154 0.5922680412371134 0.009230769230769232 0.01134020618556701
0 0.3211538461538462 0.5695876288659794 0.02076923076923077 0.029896907216494847
0 0.29730769230769233 0.5716494845360824 0.01769230769230769 0.02577319587628866
0 0.2553846153846154 0.5458762886597938 0.010769230769230769 0.015463917525773196
0 0.1453846153846154 0.5530927835051547 0.015384615384615385 0.023711340206185566
0 0.1226923076923077 0.5541237113402062 0.013076923076923076 0.021649484536082474
0 0.09576923076923077 0.5489690721649485 0.014615384615384615 0.01958762886597938
0 0.006153846153846154 0.5551546391752578 0.013846153846153847 0.02577319587628866
0 0.1396153846153846 0.5577319587628866 0.011538461538461539 0.01443298969072165
