0 0.09425895765472313 0.5065217391304347 0.05741042345276873 0.10144927536231885
0 0.23534201954397393 0.42481884057971014 0.04519543973941368 0.0822463768115942
0 0.057919381107491855 0.4855072463768116 0.014861563517915309 0.030434782608695653
0 0.17956026058631921 0.4677536231884058 0.012622149837133551 0.02681159420289855
0 0.2087744299674267 0.4677536231884058 0.02015472312703583 0.03985507246376811
0 0.29020765472312704 0.46702898550724636 0.016083061889250815 0.028985507246376812
0 0.30588355048859933 0.48188405797101447 0.005496742671009772 0.010144927536231883
0 0.37235342019543977 0.4688405797101449 0.0036644951140065146 0.007246376811594203
0 0.3854845276872964 0.48206521739130437 0.0038680781758957655 0.006884057971014493
0 0.40716612377850164 0.451268115942029 0.011807817589576547 0.02282608695652174
0 0.4245724755700326 0.46105072463768115 0.009161237785016287 0.017753623188405798
0 0.43332654723127034 0.4702898550724638 0.0026465798045602605 0.005797101449275362
0 0.43556596091205213 0.46757246376811595 0.0026465798045602605 0.005434782608695652
0 0.4594869706840391 0.46594202898550724 0.0024429967426710096 0.004347826086956522
0 0.4457451140065147 0.47989130434782606 0.018933224755700327 0.04456521739130435
0 0.4719055374592834 0.45561594202898553 0.012214983713355049 0.02644927536231884
0 0.49022801302931596 0.4438405797101449 0.016693811074918567 0.031159420289855074
0 0.463864006514658 0.46992753623188405 0.008754071661237785 0.01956521739130435
0 0.5294177524429967 0.47282608695652173 0.004682410423452769 0.008695652173913044
0 0.5197475570032574 0.47282608695652173 0.004478827361563518 0.008695652173913044
0 0.5123167752442996 0.46304347826086956 0.002239413680781759 0.005072463768115942
0 0.5156758957654723 0.46394927536231884 0.002035830618892508 0.004710144927536232
0 0.5236156351791531 0.4601449275362319 0.0024429967426710096 0.004347826086956522
0 0.532064332247557 0.4585144927536232 0.0018322475570032573 0.003985507246376811
0 0.5371539087947883 0.4641304347826087 0.0030537459283387623 0.006521739130434782
0 0.5389861563517915 0.4603260869565217 0.0026465798045602605 0.004710144927536232
0 0.5442793159609121 0.4628623188405797 0.0026465798045602605 0.005434782608695652
0 0.5498778501628665 0.4795289855072464 0.005700325732899023 0.03876811594202899
0 0.5541530944625407 0.4653985507246377 0.0024429967426710096 0.003985507246376811
0 0.5596498371335505 0.4632246376811594 0.003257328990228013 0.005434782608695652
0 0.5613802931596091 0.45905797101449275 0.002239413680781759 0.005072463768115942
0 0.5656555374592834 0.46847826086956523 0.0038680781758957655 0.007971014492753623
0 0.5981270358306189 0.46141304347826084 0.005293159609120521 0.009782608695652175
0 0.5821457654723127 0.45416666666666666 0.021376221498371335 0.04963768115942029
0 0.6174674267100977 0.4346014492753623 0.02239413680781759 0.05036231884057971
0 0.7382939739413681 0.45760869565217394 0.023412052117263844 0.05579710144927536
0 0.7583469055374593 0.4702898550724638 0.012214983713355049 0.02463768115942029
0 0.8063925081433225 0.4543478260869565 0.01506514657980456 0.021014492753623187
0 0.8710301302931596 0.4708333333333333 0.025447882736156353 0.05181159420289855
0 1.010891693811075 0.47047101449275364 0.014861563517915309 0.025
0 0.3304153094462541 0.44764492753623186 0.026058631921824105 0.05181159420289855
0 0.5027483713355049 0.4257246376811594 0.023004885993485342 0.0536231884057971
0 0.5479438110749185 0.46358695652173915 0.0026465798045602605 0.005434782608695652
