0 0.8842307692307693 0.8820143884892087 0.03923076923076923 0.04460431654676259
0 0.8846153846153846 0.8280575539568346 0.033846153846153845 0.033093525179856115
0 0.8619230769230769 0.8050359712230216 0.02076923076923077 0.02014388489208633
0 0.9026923076923077 0.8014388489208633 0.01769230769230769 0.02158273381294964
0 0.9607692307692308 0.7971223021582734 0.033846153846153845 0.034532374100719423
0 0.9288461538461539 0.8115107913669065 0.01769230769230769 0.02014388489208633
0 0.75 0.8661870503597122 0.05846153846153846 0.06474820143884892
0 0.7769230769230769 0.839568345323741 0.033846153846153845 0.03884892086330935
0 0.7365384615384616 0.8237410071942446 0.02846153846153846 0.025899280575539568
0 0.6934615384615385 0.8161870503597123 0.016153846153846154 0.015107913669064749
0 0.5646153846153846 0.8755395683453238 0.05076923076923077 0.0618705035971223
0 0.5773076923076923 0.8082733812949641 0.02076923076923077 0.017985611510791366
0 0.5476923076923077 0.7719424460431654 0.009230769230769232 0.010071942446043165
0 0.5015384615384615 0.7852517985611511 0.010769230769230769 0.013669064748201438
0 0.48307692307692307 0.7794964028776978 0.012307692307692308 0.01223021582733813
0 0.4530769230769231 0.7737410071942447 0.012307692307692308 0.013669064748201438
0 0.41615384615384615 0.7830935251798561 0.010769230769230769 0.013669064748201438
0 0.35423076923076924 0.7776978417266187 0.01 0.011510791366906475
0 0.36923076923076925 0.7787769784172662 0.012307692307692308 0.01223021582733813
0 0.32576923076923076 0.7726618705035971 0.006923076923076923 0.008633093525179856
0 0.3726923076923077 0.7726618705035971 0.01 0.011510791366906475
0 -0.004615384615384616 0.7776978417266187 0.012307692307692308 0.011510791366906475
0 0.045 0.7805755395683454 0.011538461538461539 0.011510791366906475
0 0.08269230769230769 0.7949640287769785 0.013076923076923076 0.012949640287769784
0 0.10884615384615384 0.7748201438848921 0.011538461538461539 0.010071942446043165
0 0.1346153846153846 0.7737410071942447 0.010769230769230769 0.01223021582733813
0 0.16346153846153846 0.7719424460431654 0.008461538461538461 0.008633093525179856
0 0.19153846153846155 0.7712230215827338 0.009230769230769232 0.008633093525179856
0 0.1723076923076923 0.7730215827338129 0.006153846153846154 0.007913669064748202
0 0.22 0.7737410071942447 0.009230769230769232 0.00935251798561151
0 0.23384615384615384 0.7712230215827338 0.006153846153846154 0.007194244604316547
0 0.2773076923076923 0.7769784172661871 0.008461538461538461 0.008633093525179856
0 0.39192307692307693 0.7690647482014389 0.005384615384615384 0.0057553956834532375
0 0.45269230769230767 0.7723021582733813 0.011538461538461539 0.015107913669064749
0 0.4103846153846154 0.7773381294964029 0.01 0.00935251798561151
