0 0.9569230769230769 0.607514450867052 0.07230769230769231 0.33872832369942196
0 0.8507692307692307 0.4369942196531792 0.026153846153846153 0.048554913294797684
0 0.8065384615384615 0.43410404624277454 0.025384615384615384 0.04277456647398844
0 0.7726923076923077 0.43410404624277454 0.022307692307692306 0.04508670520231214
0 0.7311538461538462 0.44277456647398844 0.013076923076923076 0.023121387283236993
0 0.2907692307692308 0.9202312138728324 0.016923076923076923 0.03005780346820809
0 0.2703846153846154 0.8913294797687862 0.016153846153846154 0.025433526011560695
0 0.2561538461538462 0.8236994219653179 0.010769230769230769 0.021965317919075144
0 0.20461538461538462 0.7797687861271676 0.015384615384615385 0.021965317919075144
0 0.21653846153846154 0.7456647398843931 0.01 0.018497109826589597
0 0.21807692307692308 0.7202312138728324 0.011538461538461539 0.020809248554913295
0 0.24653846153846154 0.761849710982659 0.01 0.018497109826589597
0 0.27192307692307693 0.7520231213872832 0.006923076923076923 0.012716763005780347
0 0.25884615384615384 0.6289017341040463 0.006923076923076923 0.011560693641618497
0 0.25 0.6260115606936416 0.007692307692307693 0.012716763005780347
0 0.3280769230769231 0.8514450867052024 0.013076923076923076 0.024277456647398842
0 0.5307692307692308 0.8566473988439306 0.012307692307692308 0.023121387283236993
0 0.5584615384615385 0.846820809248555 0.013846153846153847 0.024277456647398842
0 0.5515384615384615 0.8092485549132948 0.013846153846153847 0.020809248554913295
0 0.5253846153846153 0.8057803468208092 0.012307692307692308 0.023121387283236993
0 0.5076923076923077 0.7739884393063584 0.009230769230769232 0.015028901734104046
0 0.48423076923076924 0.761849710982659 0.011538461538461539 0.018497109826589597
0 0.4307692307692308 0.7745664739884393 0.010769230769230769 0.018497109826589597
0 0.44346153846153846 0.7699421965317919 0.01 0.018497109826589597
0 0.4423076923076923 0.7578034682080925 0.009230769230769232 0.015028901734104046
0 0.4053846153846154 0.8225433526011561 0.015384615384615385 0.024277456647398842
0 0.3526923076923077 0.7508670520231214 0.011538461538461539 0.019653179190751446
0 0.4403846153846154 0.6445086705202312 0.008461538461538461 0.015028901734104046
0 0.44769230769230767 0.6780346820809249 0.006153846153846154 0.010404624277456647
0 0.4973076923076923 0.7346820809248555 0.008461538461538461 0.012716763005780347
0 0.4503846153846154 0.7346820809248555 0.008461538461538461 0.015028901734104046
