0 0.047526041666666664 0.6556420233463035 0.061197916666666664 0.10505836575875487
0 0.17350260416666666 0.9323929961089494 0.035807291666666664 0.057392996108949414
0 0.396484375 0.6483463035019456 0.045572916666666664 0.09046692607003891
0 0.5458984375 0.6138132295719845 0.042317708333333336 0.08365758754863813
0 0.8024088541666666 0.6556420233463035 0.055338541666666664 0.10505836575875487
0 0.927734375 0.43044747081712065 0.036458333333333336 0.0632295719844358
0 0.9986979166666666 0.4046692607003891 0.024739583333333332 0.05058365758754864
0 0.9453125 0.375 0.028645833333333332 0.04961089494163424
0 0.8307291666666666 0.4275291828793774 0.029947916666666668 0.053501945525291826
0 0.6220703125 0.5175097276264592 0.047526041666666664 0.07587548638132295
0 -0.0146484375 0.4377431906614786 0.034505208333333336 0.054474708171206226
0 0.12467447916666667 0.546692607003891 0.034505208333333336 0.0622568093385214
0 0.1875 0.5569066147859922 0.033854166666666664 0.0651750972762646
0 0.10188802083333333 0.41877431906614787 0.027994791666666668 0.04961089494163424
0 0.2119140625 0.44163424124513617 0.029296875 0.05058365758754864
0 0.2815755208333333 0.48151750972762647 0.027994791666666668 0.054474708171206226
0 0.2952473958333333 0.4382295719844358 0.025390625 0.05544747081712062
0 0.369140625 0.4800583657587549 0.03125 0.05544747081712062
0 0.43359375 0.4985408560311284 0.05078125 0.08852140077821012
0 0.3844401041666667 0.39299610894941633 0.025390625 0.054474708171206226
0 0.4915364583333333 0.46400778210116733 0.036458333333333336 0.0622568093385214
0 0.015299479166666666 0.3526264591439689 0.020182291666666668 0.03599221789883268
0 0.020182291666666668 0.2718871595330739 0.018229166666666668 0.032101167315175094
0 0.08658854166666667 0.2898832684824903 0.020833333333333332 0.029182879377431907
0 0.1474609375 0.3142023346303502 0.022786458333333332 0.03696498054474708
0 0.1591796875 0.3224708171206226 0.029296875 0.03988326848249027
0 0.248046875 0.3351167315175097 0.020833333333333332 0.03599221789883268
0 0.2939453125 0.4056420233463035 0.026692708333333332 0.04669260700389105
0 0.3121744791666667 0.3540856031128405 0.024088541666666668 0.042801556420233464
0 0.4029947916666667 0.36819066147859925 0.022135416666666668 0.047665369649805445
0 0.4723307291666667 0.3540856031128405 0.027994791666666668 0.048638132295719845
0 0.5423177083333334 0.3861867704280156 0.029947916666666668 0.05252918287937743
0 0.5641276041666666 0.36138132295719844 0.027994791666666668 0.047665369649805445
0 0.6302083333333334 0.48297665369649806 0.033854166666666664 0.057392996108949414
0 0.6630859375 0.46449416342412453 0.035807291666666664 0.06712062256809338
0 0.6969401041666666 0.46352140077821014 0.033203125 0.07101167315175097
0 0.7278645833333334 0.4100194552529183 0.032552083333333336 0.04182879377431906
0 0.8255208333333334 0.3132295719844358 0.024739583333333332 0.038910505836575876
0 0.9267578125 0.3093385214007782 0.022786458333333332 0.038910505836575876
0 0.9729817708333334 0.29571984435797666 0.030598958333333332 0.04669260700389105
0 0.9443359375 0.3745136186770428 0.026692708333333332 0.04669260700389105
0 0.884765625 0.2786964980544747 0.01953125 0.037937743190661476
0 0.9615885416666666 0.25729571984435795 0.020833333333333332 0.03599221789883268
0 0.9798177083333334 0.25729571984435795 0.01953125 0.037937743190661476
0 0.955078125 0.22616731517509728 0.015625 0.030155642023346304
0 0.8968098958333334 0.2446498054474708 0.022786458333333332 0.037937743190661476
0 0.8489583333333334 0.2845330739299611 0.016927083333333332 0.030155642023346304
0 0.8017578125 0.2928015564202335 0.022786458333333332 0.04085603112840467
0 0.8050130208333334 0.2782101167315175 0.021484375 0.03696498054474708
0 0.6875 0.34824902723735407 0.028645833333333332 0.04474708171206226
0 0.6988932291666666 0.33852140077821014 0.021484375 0.038910505836575876
0 0.6477864583333334 0.33608949416342415 0.024739583333333332 0.04182879377431906
0 0.5533854166666666 0.323443579766537 0.022135416666666668 0.03404669260700389
0 0.6168619791666666 0.2830739299610895 0.018880208333333332 0.03696498054474708
0 0.24869791666666666 0.313715953307393 0.026041666666666668 0.04377431906614786
0 0.3043619791666667 0.3205252918287938 0.021484375 0.03988326848249027
0 0.08040364583333333 0.2529182879377432 0.017578125 0.029182879377431907
0 0.119140625 0.21157587548638132 0.014322916666666666 0.026264591439688716
0 0.2568359375 0.27577821011673154 0.017578125 0.024319066147859923
0 0.412109375 0.28696498054474706 0.016927083333333332 0.029182879377431907
0 0.4778645833333333 0.27480544747081714 0.01953125 0.030155642023346304
0 0.5244140625 0.2689688715953307 0.017578125 0.02821011673151751
0 0.634765625 0.2786964980544747 0.016927083333333332 0.02821011673151751
0 0.6813151041666666 0.3005836575875486 0.021484375 0.03696498054474708
0 0.7591145833333334 0.23443579766536965 0.016927083333333332 0.027237354085603113
0 0.8059895833333334 0.23638132295719844 0.015625 0.02529182879377432
0 0.9283854166666666 0.21254863813229571 0.01171875 0.020428015564202335
0 0.9088541666666666 0.19795719844357976 0.016927083333333332 0.026264591439688716
0 0.8720703125 0.19503891050583658 0.016276041666666668 0.02821011673151751
0 0.82421875 0.21643968871595332 0.015625 0.02237354085603113
0 0.7952473958333334 0.23589494163424124 0.014973958333333334 0.024319066147859923
0 0.7490234375 0.22227626459143968 0.014973958333333334 0.02237354085603113
0 0.7093098958333334 0.20379377431906615 0.016276041666666668 0.032101167315175094
0 0.6546223958333334 0.245136186770428 0.016276041666666668 0.02529182879377432
0 0.61328125 0.24221789883268482 0.018229166666666668 0.033073929961089495
0 0.6419270833333334 0.23589494163424124 0.014322916666666666 0.02821011673151751
0 0.671875 0.21498054474708173 0.016927083333333332 0.02529182879377432
0 0.7106119791666666 0.18093385214007782 0.012369791666666666 0.02529182879377432
0 0.7486979166666666 0.17023346303501946 0.014322916666666666 0.019455252918287938
0 0.7890625 0.21060311284046693 0.016927083333333332 0.030155642023346304
0 0.7867838541666666 0.1823929961089494 0.012369791666666666 0.020428015564202335
0 0.8499348958333334 0.1823929961089494 0.016276041666666668 0.024319066147859923
0 0.6178385416666666 0.17217898832684825 0.013020833333333334 0.023346303501945526
0 0.5686848958333334 0.23297665369649806 0.014973958333333334 0.032101167315175094
0 0.5852864583333334 0.22859922178988326 0.013020833333333334 0.023346303501945526
0 0.5380859375 0.22908560311284046 0.014973958333333334 0.03404669260700389
0 0.5074869791666666 0.26459143968871596 0.013671875 0.0311284046692607
0 0.4303385416666667 0.23638132295719844 0.014322916666666666 0.027237354085603113
0 0.4697265625 0.21546692607003892 0.012369791666666666 0.020428015564202335
0 0.4807942708333333 0.20136186770428016 0.012369791666666666 0.027237354085603113
0 0.5152994791666666 0.2135214007782101 0.012369791666666666 0.02237354085603113
0 0.5341796875 0.20087548638132297 0.011067708333333334 0.020428015564202335
0 0.4026692708333333 0.20914396887159534 0.012369791666666666 0.021400778210116732
0 0.3645833333333333 0.2227626459143969 0.010416666666666666 0.021400778210116732
0 0.3421223958333333 0.21011673151750973 0.012369791666666666 0.023346303501945526
0 0.2936197916666667 0.2169260700389105 0.015625 0.023346303501945526
0 0.314453125 0.22178988326848248 0.01171875 0.021400778210116732
0 0.21223958333333334 0.23686770428015563 0.013020833333333334 0.024319066147859923
0 0.17838541666666666 0.2441634241245136 0.015625 0.02529182879377432
0 0.15364583333333334 0.23005836575875485 0.014322916666666666 0.02237354085603113
0 0.19563802083333334 0.22568093385214008 0.013671875 0.02529182879377432
0 0.10026041666666667 0.18093385214007782 0.013020833333333334 0.023346303501945526
0 0.171875 0.1867704280155642 0.013020833333333334 0.02529182879377432
0 0.20865885416666666 0.17071984435797666 0.012369791666666666 0.020428015564202335
0 0.236328125 0.1882295719844358 0.014322916666666666 0.020428015564202335
0 0.2513020833333333 0.22178988326848248 0.014322916666666666 0.02529182879377432
0 0.6888020833333334 0.16780155642023345 0.0078125 0.014591439688715954
0 0.6549479166666666 0.1867704280155642 0.01171875 0.021400778210116732
0 0.5817057291666666 0.1930933852140078 0.009765625 0.020428015564202335
0 0.5514322916666666 0.16439688715953307 0.009114583333333334 0.019455252918287938
0 0.5211588541666666 0.17461089494163423 0.012369791666666666 0.024319066147859923
0 0.4879557291666667 0.18968871595330739 0.011067708333333334 0.023346303501945526
0 0.4609375 0.18482490272373542 0.01171875 0.019455252918287938
0 0.4352213541666667 0.18044747081712062 0.013671875 0.020428015564202335
0 0.408203125 0.19066147859922178 0.014322916666666666 0.02529182879377432
0 0.3720703125 0.20038910505836577 0.012369791666666666 0.019455252918287938
0 0.3229166666666667 0.19941634241245138 0.013020833333333334 0.02529182879377432
0 0.3134765625 0.17071984435797666 0.013671875 0.02237354085603113
0 0.2893880208333333 0.17266536964980544 0.013671875 0.020428015564202335
0 0.2529296875 0.16634241245136186 0.011067708333333334 0.021400778210116732
0 0.271484375 0.16391050583657588 0.010416666666666666 0.016536964980544747
0 0.0712890625 0.6906614785992218 0.043619791666666664 0.07392996108949416
0 0.642578125 0.20622568093385213 0.010416666666666666 0.019455252918287938
0 0.3971354166666667 0.17655642023346305 0.013020833333333334 0.02237354085603113
0 0.5530598958333334 0.19990272373540857 0.013671875 0.02237354085603113
