0 0.03625 0.21833333333333332 0.025833333333333333 0.034444444444444444
0 0.11125 0.2388888888888889 0.0175 0.024444444444444446
0 0.15333333333333332 0.23555555555555555 0.02 0.03333333333333333
0 0.19666666666666666 0.25666666666666665 0.011666666666666667 0.017777777777777778
0 0.28291666666666665 0.26611111111111113 0.0725 0.12777777777777777
0 0.3279166666666667 0.25055555555555553 0.014166666666666666 0.025555555555555557
0 0.3545833333333333 0.2633333333333333 0.009166666666666667 0.013333333333333334
0 0.36791666666666667 0.23333333333333334 0.019166666666666665 0.028888888888888888
0 0.3904166666666667 0.22944444444444445 0.0175 0.03
0 0.44625 0.25833333333333336 0.0225 0.03666666666666667
0 0.495 0.20944444444444443 0.03333333333333333 0.058888888888888886
0 0.5370833333333334 0.22722222222222221 0.04083333333333333 0.06333333333333334
0 0.5766666666666667 0.23055555555555557 0.05 0.07444444444444444
0 0.45208333333333334 0.23666666666666666 0.0175 0.02666666666666667
0 0.69125 0.20444444444444446 0.060833333333333336 0.09333333333333334
0 0.6945833333333333 0.20444444444444446 0.0675 0.08888888888888889
0 0.7779166666666667 0.26222222222222225 0.0625 0.09333333333333334
0 0.9791666666666666 0.13944444444444445 0.14166666666666666 0.2477777777777778
