0 0.061197916666666664 0.5923809523809523 0.03125 0.049523809523809526
0 0.3372395833333333 0.7314285714285714 0.03125 0.05333333333333334
0 0.4147135416666667 0.6133333333333333 0.032552083333333336 0.049523809523809526
0 0.44921875 0.6228571428571429 0.03125 0.05333333333333334
0 0.431640625 0.560952380952381 0.01953125 0.024761904761904763
0 0.4694010416666667 0.5771428571428572 0.01953125 0.030476190476190476
0 0.5325520833333334 0.5780952380952381 0.028645833333333332 0.04380952380952381
0 0.6197916666666666 0.5866666666666667 0.020833333333333332 0.045714285714285714
0 0.646484375 0.5628571428571428 0.02734375 0.05142857142857143
0 0.6979166666666666 0.5285714285714286 0.0234375 0.03619047619047619
0 0.7571614583333334 0.560952380952381 0.022135416666666668 0.03238095238095238
0 0.5807291666666666 0.5495238095238095 0.015625 0.024761904761904763
0 0.5227864583333334 0.5342857142857143 0.01171875 0.017142857142857144
0 0.54296875 0.5542857142857143 0.013020833333333334 0.01904761904761905
0 0.6673177083333334 0.5352380952380953 0.014322916666666666 0.01904761904761905
0 0.68359375 0.5323809523809524 0.013020833333333334 0.02095238095238095
0 0.5625 0.52 0.0078125 0.011428571428571429
0 0.9270833333333334 0.5685714285714286 0.0234375 0.04
