0 0.7125 0.155625 0.13166666666666665 0.13125
0 0.4083333333333333 0.4675 0.09333333333333334 0.1075
0 0.26666666666666666 0.363125 0.09 0.09375
0 0.14833333333333334 0.255 0.023333333333333334 0.0175
0 0.16583333333333333 0.259375 0.021666666666666667 0.01875
0 0.21583333333333332 0.255625 0.018333333333333333 0.01625
0 0.25333333333333335 0.26375 0.013333333333333334 0.01
0 0.29833333333333334 0.256875 0.016666666666666666 0.01375
0 0.3233333333333333 0.3025 0.013333333333333334 0.01
0 0.31166666666666665 0.26375 0.013333333333333334 0.01
0 0.3491666666666667 0.259375 0.018333333333333333 0.01625
0 0.5483333333333333 0.265 0.016666666666666666 0.015
0 0.6208333333333333 0.235 0.041666666666666664 0.0375
0 0.8766666666666667 0.278125 0.023333333333333334 0.06875
0 0.8975 0.284375 0.025 0.06625
0 0.9191666666666667 0.273125 0.008333333333333333 0.00875
0 0.9075 0.2775 0.021666666666666667 0.045
