0 0.06796875 0.554 0.0453125 0.064
0 0.23203125 0.615 0.0078125 0.01
0 0.2578125 0.614 0.009375 0.012
0 0.28125 0.613 0.009375 0.014
0 0.29453125 0.607 0.0078125 0.014
0 0.31171875 0.616 0.0046875 0.008
0 0.33984375 0.612 0.0109375 0.016
0 0.35546875 0.623 0.0140625 0.022
0 0.37265625 0.619 0.0109375 0.018
0 0.3859375 0.631 0.025 0.038
0 0.4015625 0.608 0.01875 0.028
0 0.46171875 0.617 0.0203125 0.03
0 0.446875 0.623 0.009375 0.014
0 0.5203125 0.62 0.009375 0.012
0 0.5375 0.616 0.009375 0.012
0 0.59296875 0.618 0.0109375 0.016
0 0.796875 0.606 0.040625 0.04
0 0.90546875 0.637 0.0203125 0.03
0 0.95234375 0.623 0.0265625 0.034
