0 0.1171875 0.43911007025761123 0.0375 0.07259953161592506
0 0.17265625 0.48711943793911006 0.0421875 0.07494145199063232
0 0.203125 0.4426229508196721 0.040625 0.07494145199063232
0 0.2640625 0.477751756440281 0.040625 0.08430913348946135
0 0.23671875 0.4637002341920375 0.0359375 0.0702576112412178
0 0.2625 0.4238875878220141 0.034375 0.06088992974238876
0 0.35546875 0.4894613583138173 0.0390625 0.07962529274004684
0 0.32265625 0.4098360655737705 0.0390625 0.07962529274004684
0 0.36484375 0.43676814988290397 0.0390625 0.06791569086651054
0 0.41875 0.49414519906323184 0.040625 0.07962529274004684
0 0.4375 0.4133489461358314 0.0375 0.07259953161592506
0 0.48984375 0.4414519906323185 0.0421875 0.06791569086651054
0 0.5484375 0.4648711943793911 0.040625 0.08196721311475409
0 0.59296875 0.44379391100702575 0.0359375 0.07259953161592506
0 0.63828125 0.4929742388758782 0.0421875 0.07728337236533958
0 0.66484375 0.4496487119437939 0.0328125 0.0702576112412178
0 0.62109375 0.40749414519906324 0.0390625 0.0702576112412178
0 0.721875 0.5257611241217799 0.0375 0.06791569086651054
0 0.7046875 0.4180327868852459 0.0375 0.06791569086651054
0 0.76015625 0.4566744730679157 0.0421875 0.0702576112412178
0 0.82578125 0.5023419203747073 0.0390625 0.07259953161592506
0 0.90234375 0.45784543325526933 0.0390625 0.06791569086651054
