0 0.6801643192488263 0.7479166666666667 0.008215962441314555 0.016666666666666666
0 0.70481220657277 0.7583333333333333 0.008215962441314555 0.0125
0 0.7312206572769953 0.7614583333333333 0.007042253521126761 0.010416666666666666
0 0.9413145539906104 0.765625 0.009389671361502348 0.01875
0 0.029342723004694836 0.753125 0.01643192488262911 0.027083333333333334
0 0.1396713615023474 0.840625 0.02112676056338028 0.03958333333333333
0 0.16960093896713616 0.8177083333333334 0.015258215962441314 0.03125
0 0.20422535211267606 0.7395833333333334 0.007042253521126761 0.0125
0 0.2136150234741784 0.7479166666666667 0.009389671361502348 0.016666666666666666
0 0.23591549295774647 0.7260416666666667 0.014084507042253521 0.03125
0 0.25234741784037557 0.7458333333333333 0.009389671361502348 0.016666666666666666
0 0.27406103286384975 0.7291666666666666 0.015258215962441314 0.025
0 0.2887323943661972 0.7364583333333333 0.014084507042253521 0.03125
0 0.32629107981220656 0.7260416666666667 0.014084507042253521 0.03125
0 0.3438967136150235 0.7333333333333333 0.011737089201877934 0.020833333333333332
0 0.31279342723004694 0.7854166666666667 0.0528169014084507 0.09166666666666666
0 0.414906103286385 0.75 0.04342723004694836 0.10833333333333334
0 0.5041079812206573 0.746875 0.022300469483568074 0.04791666666666667
0 0.44835680751173707 0.7583333333333333 0.007042253521126761 0.0125
0 0.4788732394366197 0.7583333333333333 0.004694835680751174 0.008333333333333333
0 0.45422535211267606 0.7760416666666666 0.011737089201877934 0.052083333333333336
0 0.9066901408450704 0.76875 0.005868544600938967 0.0125
