0 0.13262910798122066 0.81875 0.014084507042253521 0.025
0 0.2717136150234742 0.809375 0.008215962441314555 0.014583333333333334
0 0.25586854460093894 0.821875 0.007042253521126761 0.010416666666666666
0 0.37089201877934275 0.85 0.02112676056338028 0.041666666666666664
0 0.41607981220657275 0.815625 0.02699530516431925 0.03958333333333333
0 0.4565727699530516 0.809375 0.007042253521126761 0.014583333333333334
0 0.49002347417840375 0.8114583333333333 0.008215962441314555 0.014583333333333334
0 0.5046948356807511 0.8114583333333333 0.009389671361502348 0.014583333333333334
0 0.5352112676056338 0.7989583333333333 0.009389671361502348 0.01875
0 0.5598591549295775 0.8020833333333334 0.009389671361502348 0.020833333333333332
0 0.6860328638497653 0.8052083333333333 0.008215962441314555 0.014583333333333334
0 0.6813380281690141 0.7791666666666667 0.005868544600938967 0.0125
0 0.7183098591549296 0.8041666666666667 0.009389671361502348 0.020833333333333332
0 0.7365023474178404 0.784375 0.015258215962441314 0.027083333333333334
0 0.7552816901408451 0.7989583333333333 0.012910798122065728 0.022916666666666665
0 0.8022300469483568 0.7854166666666667 0.012910798122065728 0.029166666666666667
0 0.9143192488262911 0.7895833333333333 0.014084507042253521 0.025
0 0.9248826291079812 0.7927083333333333 0.011737089201877934 0.027083333333333334
0 0.9694835680751174 0.7854166666666667 0.01643192488262911 0.029166666666666667
0 0.3045774647887324 0.8072916666666666 0.005868544600938967 0.010416666666666666
0 0.3075117370892019 0.81875 0.007042253521126761 0.0125
0 0.6596244131455399 0.8052083333333333 0.007042253521126761 0.014583333333333334
0 0.9008215962441315 0.7885416666666667 0.015258215962441314 0.03125
