0 0.139375 0.7031835205992509 0.01125 0.016853932584269662
0 0.165 0.6844569288389513 0.02 0.035580524344569285
0 0.2325 0.6788389513108615 0.025 0.03932584269662921
0 0.271875 0.6647940074906367 0.01625 0.026217228464419477
0 0.320625 0.6882022471910112 0.00875 0.013108614232209739
0 0.335 0.6788389513108615 0.0075 0.013108614232209739
0 0.3475 0.6807116104868914 0.0075 0.016853932584269662
0 0.376875 0.6966292134831461 0.01625 0.0299625468164794
0 0.408125 0.6807116104868914 0.00875 0.013108614232209739
0 0.425 0.6853932584269663 0.01 0.0149812734082397
0 0.455625 0.6956928838951311 0.00875 0.013108614232209739
0 0.480625 0.6956928838951311 0.01625 0.028089887640449437
0 0.506875 0.6844569288389513 0.01125 0.016853932584269662
0 0.5225 0.7050561797752809 0.0175 0.028089887640449437
0 0.538125 0.6863295880149812 0.01125 0.016853932584269662
0 0.5725 0.6835205992509363 0.01 0.0149812734082397
0 0.598125 0.6816479400749064 0.00875 0.0149812734082397
0 0.6125 0.6797752808988764 0.01 0.0149812734082397
0 0.63875 0.6797752808988764 0.0175 0.026217228464419477
0 0.67625 0.6919475655430711 0.035 0.054307116104868915
0 0.741875 0.6647940074906367 0.03875 0.07116104868913857
0 0.814375 0.7097378277153558 0.04375 0.0599250936329588
0 0.868125 0.6666666666666666 0.03125 0.052434456928838954
0 0.876875 0.7059925093632958 0.03375 0.056179775280898875
0 0.935 0.6769662921348315 0.03 0.054307116104868915
0 0.955625 0.7509363295880149 0.03625 0.06741573033707865
0 0.43875 0.6741573033707865 0.005 0.00749063670411985
