0 0.974609375 0.493411420204978 0.015625 0.02635431918008785
0 0.97119140625 0.5058565153733529 0.0185546875 0.03074670571010249
0 0.8955078125 0.4838945827232797 0.0234375 0.036603221083455345
0 0.8046875 0.4992679355783309 0.025390625 0.04685212298682284
0 0.82861328125 0.5197657393850659 0.0302734375 0.0527086383601757
0 0.74365234375 0.4868228404099561 0.0244140625 0.036603221083455345
0 0.75634765625 0.479502196193265 0.0263671875 0.03953147877013177
0 0.720703125 0.5 0.0234375 0.036603221083455345
0 0.6923828125 0.5263543191800878 0.0234375 0.0424597364568082
0 0.62548828125 0.5124450951683748 0.0185546875 0.032210834553440704
0 0.64013671875 0.5204978038067349 0.0361328125 0.05417276720351391
0 0.55810546875 0.4787701317715959 0.0224609375 0.040995607613469986
0 0.513671875 0.48243045387994143 0.0234375 0.04538799414348463
0 0.572265625 0.48755490483162517 0.025390625 0.04685212298682284
0 0.45947265625 0.47144948755490484 0.0283203125 0.04978038067349927
0 0.4677734375 0.4780380673499268 0.02734375 0.048316251830161056
0 0.369140625 0.4751098096632504 0.021484375 0.03953147877013177
0 0.40673828125 0.4868228404099561 0.0244140625 0.0424597364568082
0 0.42822265625 0.4956076134699854 0.0263671875 0.04538799414348463
0 0.3720703125 0.5007320644216691 0.025390625 0.040995607613469986
0 0.20458984375 0.479502196193265 0.0224609375 0.03953147877013177
0 0.1923828125 0.47218155197657397 0.02734375 0.04538799414348463
0 0.19189453125 0.47218155197657397 0.0302734375 0.04538799414348463
0 0.1435546875 0.4568081991215227 0.0234375 0.040995607613469986
0 0.14404296875 0.47291361639824303 0.0283203125 0.04685212298682284
0 0.16943359375 0.46486090775988287 0.0283203125 0.05417276720351391
0 0.091796875 0.46266471449487556 0.025390625 0.043923865300146414
0 0.0673828125 0.4765739385065886 0.02734375 0.05124450951683748
0 0.00634765625 0.4677891654465593 0.0263671875 0.0424597364568082
0 0.02392578125 0.48316251830161056 0.0244140625 0.03806734992679356
0 0.05078125 0.48243045387994143 0.029296875 0.05124450951683748
