0 0.0357981220657277 0.5166666666666667 0.015258215962441314 0.029166666666666667
0 0.0 0.5020833333333333 0.01643192488262911 0.029166666666666667
0 0.08157276995305164 0.5104166666666666 0.01056338028169014 0.020833333333333332
0 0.10915492957746478 0.5125 0.007042253521126761 0.016666666666666666
0 0.18251173708920188 0.5291666666666667 0.012910798122065728 0.025
0 0.21009389671361503 0.521875 0.014084507042253521 0.027083333333333334
0 0.24237089201877934 0.49375 0.005868544600938967 0.0125
0 0.2828638497652582 0.4875 0.014084507042253521 0.020833333333333332
0 0.30809859154929575 0.5302083333333333 0.012910798122065728 0.027083333333333334
0 0.3456572769953052 0.5135416666666667 0.01995305164319249 0.035416666666666666
0 0.3597417840375587 0.5041666666666667 0.015258215962441314 0.029166666666666667
0 0.4471830985915493 0.509375 0.01643192488262911 0.03958333333333333
0 0.4706572769953052 0.5197916666666667 0.014084507042253521 0.03125
0 0.5046948356807511 0.546875 0.018779342723004695 0.035416666666666666
0 0.5363849765258216 0.5489583333333333 0.018779342723004695 0.03958333333333333
0 0.5886150234741784 0.546875 0.022300469483568074 0.035416666666666666
0 0.5692488262910798 0.496875 0.01643192488262911 0.03958333333333333
0 0.6390845070422535 0.515625 0.02464788732394366 0.03958333333333333
0 0.6825117370892019 0.5739583333333333 0.017605633802816902 0.03125
0 0.6748826291079812 0.5270833333333333 0.01643192488262911 0.029166666666666667
0 0.698943661971831 0.503125 0.015258215962441314 0.03125
0 0.721830985915493 0.5177083333333333 0.014084507042253521 0.027083333333333334
0 0.8685446009389671 0.5208333333333334 0.018779342723004695 0.0375
0 0.9272300469483568 0.521875 0.02112676056338028 0.035416666666666666
0 0.9647887323943662 0.5802083333333333 0.03755868544600939 0.052083333333333336
0 0.43485915492957744 0.5145833333333333 0.015258215962441314 0.029166666666666667
0 0.3855633802816901 0.5114583333333333 0.008215962441314555 0.014583333333333334
0 0.4014084507042254 0.5125 0.007042253521126761 0.0125
