0 0.018779342723004695 0.9197916666666667 0.03286384976525822 0.06458333333333334
0 0.06807511737089202 0.2677083333333333 0.007042253521126761 0.014583333333333334
0 0.32981220657276994 0.22291666666666668 0.004694835680751174 0.0125
0 0.46068075117370894 0.23958333333333334 0.005868544600938967 0.0125
0 0.48532863849765256 0.23229166666666667 0.005868544600938967 0.010416666666666666
0 0.5205399061032864 0.2604166666666667 0.005868544600938967 0.0125
0 0.6731220657276995 0.2604166666666667 0.005868544600938967 0.0125
0 0.6913145539906104 0.27708333333333335 0.007042253521126761 0.0125
0 0.653755868544601 0.315625 0.009389671361502348 0.01875
0 0.5563380281690141 0.26979166666666665 0.009389671361502348 0.01875
0 0.4953051643192488 0.29583333333333334 0.007042253521126761 0.0125
0 0.482981220657277 0.3333333333333333 0.008215962441314555 0.016666666666666666
0 0.46068075117370894 0.33645833333333336 0.008215962441314555 0.014583333333333334
0 0.36502347417840375 0.278125 0.007042253521126761 0.014583333333333334
0 0.3550469483568075 0.328125 0.008215962441314555 0.01875
0 0.3714788732394366 0.3802083333333333 0.008215962441314555 0.014583333333333334
0 0.40023474178403756 0.3625 0.007042253521126761 0.0125
0 0.36208920187793425 0.465625 0.012910798122065728 0.027083333333333334
0 0.664906103286385 0.3927083333333333 0.008215962441314555 0.014583333333333334
0 0.6995305164319249 0.40208333333333335 0.009389671361502348 0.016666666666666666
0 0.7194835680751174 0.4822916666666667 0.011737089201877934 0.027083333333333334
0 0.6473004694835681 0.4791666666666667 0.012910798122065728 0.029166666666666667
0 0.6026995305164319 0.4822916666666667 0.01056338028169014 0.027083333333333334
0 0.5481220657276995 0.46979166666666666 0.014084507042253521 0.027083333333333334
0 0.5211267605633803 0.5333333333333333 0.01643192488262911 0.029166666666666667
0 0.5393192488262911 0.5229166666666667 0.015258215962441314 0.029166666666666667
0 0.4894366197183099 0.66875 0.018779342723004695 0.04583333333333333
0 0.687793427230047 0.7260416666666667 0.018779342723004695 0.03958333333333333
0 0.8908450704225352 0.85625 0.023474178403755867 0.05416666666666667
0 0.653169014084507 0.25833333333333336 0.005868544600938967 0.0125
