0 0.06 0.5185 0.08533333333333333 0.077
0 0.12866666666666668 0.5585 0.017333333333333333 0.011
0 0.256 0.5415 0.20266666666666666 0.145
0 0.41933333333333334 0.507 0.06266666666666666 0.07
0 0.474 0.514 0.08133333333333333 0.084
0 0.5146666666666667 0.545 0.013333333333333334 0.012
0 0.5473333333333333 0.5465 0.017333333333333333 0.013
0 0.5846666666666667 0.543 0.025333333333333333 0.024
0 0.5893333333333334 0.593 0.02666666666666667 0.024
0 0.6426666666666667 0.5795 0.058666666666666666 0.057
0 0.6973333333333334 0.5355 0.016 0.015
0 0.7313333333333333 0.5385 0.017333333333333333 0.015
0 0.7593333333333333 0.525 0.05733333333333333 0.058
0 0.8606666666666667 0.5485 0.07333333333333333 0.075
0 0.8933333333333333 0.5095 0.05333333333333334 0.057
0 0.9473333333333334 0.479 0.132 0.102
