0 0.00234375 0.6822916666666666 0.0359375 0.05625
0 0.084375 0.646875 0.015625 0.022916666666666665
0 0.10546875 0.6458333333333334 0.0140625 0.016666666666666666
0 0.184375 0.6572916666666667 0.015625 0.022916666666666665
0 0.29453125 0.6145833333333334 0.0109375 0.016666666666666666
0 0.28359375 0.6208333333333333 0.0078125 0.0125
0 0.47578125 0.6291666666666667 0.0109375 0.016666666666666666
0 0.534375 0.6385416666666667 0.01875 0.027083333333333334
0 0.59765625 0.6375 0.0171875 0.025
0 0.73046875 0.5979166666666667 0.0046875 0.008333333333333333
0 0.80546875 0.5916666666666667 0.0078125 0.008333333333333333
0 0.82578125 0.59375 0.0078125 0.008333333333333333
0 0.8890625 0.6020833333333333 0.009375 0.0125
0 0.90625 0.6322916666666667 0.021875 0.08125
0 0.95703125 0.6145833333333334 0.0171875 0.06666666666666667
0 0.9859375 0.58125 0.00625 0.008333333333333333
0 0.303125 0.6114583333333333 0.00625 0.010416666666666666
