0 -0.0185 0.12012012012012012 0.075 0.16816816816816818
0 0.3145 0.24624624624624625 0.063 0.15315315315315314
0 0.4105 0.21696696696696696 0.045 0.0915915915915916
0 0.516 0.19594594594594594 0.066 0.1066066066066066
0 0.57 0.17867867867867868 0.056 0.08408408408408409
0 0.713 0.22972972972972974 0.04 0.08708708708708708
0 0.727 0.25225225225225223 0.06 0.12912912912912913
0 0.846 0.26126126126126126 0.034 0.07807807807807808
0 0.8955 0.21996996996996998 0.039 0.06156156156156156
0 0.955 0.283033033033033 0.044 0.08858858858858859
0 0.994 0.24924924924924924 0.032 0.08108108108108109
0 1.016 0.30705705705705705 0.046 0.09759759759759759
