0 0.04460093896713615 0.5166666666666667 0.0539906103286385 0.1125
0 0.02992957746478873 0.5229166666666667 0.03873239436619718 0.075
0 0.11150234741784038 0.5708333333333333 0.028169014084507043 0.06666666666666667
0 0.19072769953051644 0.5614583333333333 0.03403755868544601 0.06458333333333334
0 0.2476525821596244 0.6239583333333333 0.01643192488262911 0.027083333333333334
0 0.3198356807511737 0.51875 0.03169014084507042 0.07083333333333333
0 0.3914319248826291 0.578125 0.04342723004694836 0.09375
0 0.5158450704225352 0.41041666666666665 0.08333333333333333 0.15416666666666667
0 0.6085680751173709 0.5041666666666667 0.04342723004694836 0.07083333333333333
0 0.7183098591549296 0.42083333333333334 0.07511737089201878 0.2
0 0.886150234741784 0.49895833333333334 0.046948356807511735 0.10625
0 1.0023474178403755 0.496875 0.046948356807511735 0.09791666666666667
0 0.4477699530516432 0.5208333333333334 0.045774647887323945 0.08333333333333333
0 0.9495305164319249 0.55625 0.025821596244131457 0.05
0 0.9765258215962441 0.5177083333333333 0.023474178403755867 0.04791666666666667
0 0.2300469483568075 0.6072916666666667 0.01643192488262911 0.035416666666666666
