0 0.96484375 0.2679355783308931 0.0703125 0.13177159590043924
0 0.14306640625 0.287701317715959 0.0556640625 0.09809663250366032
0 0.275390625 0.27232796486090777 0.0390625 0.08199121522693997
0 0.1982421875 0.2708638360175695 0.01953125 0.032210834553440704
0 0.4775390625 0.31332357247437775 0.05078125 0.07613469985358712
0 0.48046875 0.2452415812591508 0.04296875 0.048316251830161056
0 0.669921875 0.26207906295754024 0.044921875 0.07027818448023426
0 0.71875 0.29502196193265007 0.033203125 0.05417276720351391
0 0.80078125 0.3330893118594436 0.033203125 0.04538799414348463
0 0.8642578125 0.31112737920937045 0.0234375 0.036603221083455345
