0 0.15375586854460094 0.5635416666666667 0.028169014084507043 0.05625
0 0.306924882629108 0.5333333333333333 0.017605633802816902 0.03333333333333333
0 0.34800469483568075 0.5885416666666666 0.02699530516431925 0.05625
0 0.49061032863849763 0.5916666666666667 0.028169014084507043 0.058333333333333334
0 0.6977699530516432 0.5395833333333333 0.022300469483568074 0.04583333333333333
0 0.9765258215962441 0.5666666666666667 0.06103286384976526 0.11666666666666667
0 0.8820422535211268 0.6541666666666667 0.06690140845070422 0.11666666666666667
0 0.7617370892018779 0.6270833333333333 0.051643192488262914 0.1125
0 0.7247652582159625 0.6760416666666667 0.062206572769953054 0.13125
0 0.613849765258216 0.5416666666666666 0.06338028169014084 0.12083333333333333
0 0.5498826291079812 0.6416666666666667 0.06924882629107981 0.11666666666666667
0 0.41431924882629106 0.64375 0.04929577464788732 0.09583333333333334
0 0.41784037558685444 0.6166666666666667 0.07511737089201878 0.1375
0 0.25528169014084506 0.6427083333333333 0.057511737089201875 0.11875
0 0.21009389671361503 0.646875 0.051643192488262914 0.11875
0 0.12089201877934272 0.7635416666666667 0.06807511737089202 0.16875
0 0.011150234741784037 0.7052083333333333 0.05516431924882629 0.13958333333333334
