0 0.3067375886524823 0.875 0.01773049645390071 0.0375
0 0.40425531914893614 0.9375 0.02127659574468085 0.041666666666666664
0 0.40721040189125296 0.9072916666666667 0.02009456264775414 0.035416666666666666
0 0.4066193853427896 0.8458333333333333 0.016548463356973995 0.03333333333333333
0 0.3888888888888889 0.78125 0.02127659574468085 0.03333333333333333
0 0.2576832151300236 0.6395833333333333 0.016548463356973995 0.041666666666666664
0 0.3959810874704492 0.6635416666666667 0.02364066193853428 0.03958333333333333
0 0.374113475177305 0.615625 0.01773049645390071 0.03125
0 0.4066193853427896 0.590625 0.018912529550827423 0.035416666666666666
0 0.4148936170212766 0.5666666666666667 0.018912529550827423 0.03333333333333333
0 0.41252955082742315 0.490625 0.018912529550827423 0.035416666666666666
0 0.4296690307328605 0.4666666666666667 0.01773049645390071 0.03333333333333333
0 0.43439716312056736 0.4 0.01773049645390071 0.03333333333333333
0 0.43439716312056736 0.27395833333333336 0.02009456264775414 0.03958333333333333
0 0.291371158392435 0.409375 0.01773049645390071 0.035416666666666666
0 0.324468085106383 0.38958333333333334 0.02009456264775414 0.0375
0 0.375886524822695 0.384375 0.02127659574468085 0.03958333333333333
0 0.3835697399527187 0.3458333333333333 0.01773049645390071 0.029166666666666667
0 0.39302600472813237 0.33958333333333335 0.01773049645390071 0.0375
0 0.19267139479905437 0.4114583333333333 0.016548463356973995 0.027083333333333334
0 0.2765957446808511 0.29375 0.014184397163120567 0.03333333333333333
0 0.29432624113475175 0.2760416666666667 0.014184397163120567 0.03125
0 0.23995271867612294 0.246875 0.02127659574468085 0.03958333333333333
0 0.34397163120567376 0.165625 0.02127659574468085 0.04375
0 0.43203309692671393 0.24583333333333332 0.015366430260047281 0.03333333333333333
0 0.3983451536643026 0.225 0.02127659574468085 0.03333333333333333
0 0.3764775413711584 0.12604166666666666 0.01773049645390071 0.035416666666666666
0 0.41430260047281325 0.16875 0.015366430260047281 0.03333333333333333
0 0.425531914893617 0.11666666666666667 0.016548463356973995 0.0375
0 0.43203309692671393 0.07083333333333333 0.015366430260047281 0.0375
0 0.44148936170212766 0.04895833333333333 0.010638297872340425 0.03125
0 0.4905437352245863 0.052083333333333336 0.016548463356973995 0.03333333333333333
0 0.2641843971631206 0.09583333333333334 0.01773049645390071 0.0375
0 0.28250591016548465 0.09895833333333333 0.014184397163120567 0.03125
0 0.21513002364066194 0.036458333333333336 0.01182033096926714 0.022916666666666665
0 0.32860520094562645 0.09375 0.018912529550827423 0.03333333333333333
0 0.3806146572104019 0.03125 0.018912529550827423 0.03333333333333333
0 0.3339243498817967 0.03958333333333333 0.01773049645390071 0.03333333333333333
0 0.35756501182033096 0.01875 0.01773049645390071 0.03333333333333333
0 0.4515366430260047 -0.036458333333333336 0.009456264775413711 0.01875
0 0.5390070921985816 0.00625 0.014184397163120567 0.025
0 0.5614657210401891 0.03333333333333333 0.014184397163120567 0.03333333333333333
0 0.5969267139479906 -0.008333333333333333 0.01182033096926714 0.025
0 0.6566193853427896 -0.025 0.015366430260047281 0.025
0 0.675531914893617 0.0375 0.01773049645390071 0.0375
0 0.7056737588652482 0.0375 0.016548463356973995 0.0375
0 0.7299054373522459 0.11770833333333333 0.01773049645390071 0.035416666666666666
0 0.789598108747045 0.030208333333333334 0.016548463356973995 0.035416666666666666
0 0.8557919621749409 -0.015625 0.016548463356973995 0.03125
0 0.8959810874704491 -0.020833333333333332 0.01182033096926714 0.025
0 0.9290780141843972 0.015625 0.014184397163120567 0.027083333333333334
0 0.8439716312056738 0.11666666666666667 0.014184397163120567 0.03333333333333333
0 0.7565011820330969 0.13125 0.018912529550827423 0.041666666666666664
0 0.7393617021276596 0.16875 0.022458628841607566 0.0375
0 0.7600472813238771 0.246875 0.016548463356973995 0.03958333333333333
0 0.799645390070922 0.23854166666666668 0.01773049645390071 0.03125
0 0.7907801418439716 0.21979166666666666 0.014184397163120567 0.03125
0 0.75177304964539 0.29270833333333335 0.016548463356973995 0.03958333333333333
0 0.7653664302600472 0.3802083333333333 0.02009456264775414 0.03958333333333333
0 0.7659574468085106 0.440625 0.014184397163120567 0.027083333333333334
0 0.776595744680851 0.48854166666666665 0.018912529550827423 0.03958333333333333
0 0.7919621749408984 0.5458333333333333 0.016548463356973995 0.03333333333333333
0 0.7966903073286052 0.58125 0.02364066193853428 0.041666666666666664
0 0.7559101654846335 0.6635416666666667 0.02009456264775414 0.03125
0 0.7576832151300237 0.7291666666666666 0.016548463356973995 0.029166666666666667
0 0.7836879432624113 0.8458333333333333 0.018912529550827423 0.041666666666666664
0 0.8421985815602837 0.715625 0.02009456264775414 0.035416666666666666
0 0.9013002364066194 0.61875 0.02009456264775414 0.03333333333333333
0 0.9042553191489362 0.7197916666666667 0.02127659574468085 0.035416666666666666
0 0.966903073286052 0.5479166666666667 0.02127659574468085 0.0375
0 0.9473995271867612 0.49166666666666664 0.02009456264775414 0.029166666666666667
0 0.8971631205673759 0.49270833333333336 0.02127659574468085 0.03958333333333333
0 0.549645390070922 0.5416666666666666 0.018912529550827423 0.0375
0 0.66548463356974 0.5520833333333334 0.016548463356973995 0.041666666666666664
0 0.6365248226950354 0.4166666666666667 0.013002364066193853 0.03333333333333333
0 0.6046099290780141 0.39375 0.01773049645390071 0.0375
0 0.5916075650118203 0.26458333333333334 0.01773049645390071 0.0375
0 0.6182033096926713 0.28229166666666666 0.014184397163120567 0.035416666666666666
0 0.6465721040189125 0.23125 0.014184397163120567 0.029166666666666667
0 0.58451536643026 0.21145833333333333 0.013002364066193853 0.027083333333333334
0 0.7884160756501182 0.6125 0.026004728132387706 0.041666666666666664
