0 0.03990610328638498 0.4864583333333333 0.02112676056338028 0.035416666666666666
0 0.17546948356807512 0.4822916666666667 0.02699530516431925 0.052083333333333336
0 0.24530516431924881 0.50625 0.025821596244131457 0.05
0 0.32629107981220656 0.48125 0.011737089201877934 0.025
0 0.36795774647887325 0.4791666666666667 0.008215962441314555 0.016666666666666666
0 0.4454225352112676 0.484375 0.008215962441314555 0.01875
0 0.8233568075117371 0.4635416666666667 0.022300469483568074 0.04791666666666667
0 0.846244131455399 0.44375 0.014084507042253521 0.03333333333333333
0 0.7529342723004695 0.471875 0.01056338028169014 0.01875
0 0.7142018779342723 0.471875 0.01056338028169014 0.01875
0 0.6860328638497653 0.47708333333333336 0.008215962441314555 0.016666666666666666
0 0.596830985915493 0.478125 0.005868544600938967 0.010416666666666666
0 0.5774647887323944 0.46979166666666666 0.007042253521126761 0.010416666666666666
0 0.5393192488262911 0.4822916666666667 0.005868544600938967 0.010416666666666666
0 0.5598591549295775 0.48020833333333335 0.007042253521126761 0.014583333333333334
0 0.5234741784037559 0.4708333333333333 0.007042253521126761 0.0125
0 0.5046948356807511 0.47708333333333336 0.007042253521126761 0.0125
0 0.482981220657277 0.4791666666666667 0.005868544600938967 0.0125
0 0.49471830985915494 0.471875 0.005868544600938967 0.010416666666666666
0 0.4788732394366197 0.471875 0.007042253521126761 0.010416666666666666
