0 0.02685546875 0.5461200585651538 0.0087890625 0.014641288433382138
0 0.013671875 0.5380673499267935 0.009765625 0.013177159590043924
0 0.001953125 0.5702781844802343 0.017578125 0.09224011713030747
0 0.21240234375 0.48316251830161056 0.0185546875 0.029282576866764276
0 0.25048828125 0.5007320644216691 0.0166015625 0.029282576866764276
0 0.2880859375 0.5117130307467057 0.017578125 0.027818448023426062
0 0.32080078125 0.541727672035139 0.0107421875 0.020497803806734993
0 0.33056640625 0.54099560761347 0.0107421875 0.01903367496339678
0 0.39306640625 0.5314787701317716 0.0107421875 0.017569546120058566
0 0.4033203125 0.541727672035139 0.005859375 0.008784773060029283
0 0.42626953125 0.5314787701317716 0.0107421875 0.017569546120058566
0 0.4697265625 0.43191800878477304 0.03125 0.06149341142020498
0 0.51025390625 0.40922401171303074 0.0322265625 0.05124450951683748
0 0.57080078125 0.42825768667642755 0.0302734375 0.060029282576866766
0 0.5439453125 0.5153733528550513 0.01171875 0.017569546120058566
0 0.6083984375 0.5336749633967789 0.009765625 0.01903367496339678
0 0.62646484375 0.513177159590044 0.0107421875 0.01903367496339678
0 0.642578125 0.5490483162518301 0.00390625 0.005856515373352855
0 0.666015625 0.513909224011713 0.01171875 0.020497803806734993
0 0.6806640625 0.5021961932650073 0.015625 0.02635431918008785
0 0.69873046875 0.554904831625183 0.0185546875 0.08784773060029283
0 0.71826171875 0.5497803806734992 0.0048828125 0.007320644216691069
0 0.72607421875 0.5534407027818448 0.0048828125 0.008784773060029283
0 0.7529296875 0.4912152269399707 0.013671875 0.021961932650073207
0 0.7822265625 0.4780380673499268 0.017578125 0.03367496339677892
0 0.8115234375 0.5175695461200586 0.013671875 0.01903367496339678
0 0.83837890625 0.4890190336749634 0.0224609375 0.03513909224011713
0 0.8505859375 0.5014641288433382 0.009765625 0.016105417276720352
0 0.88037109375 0.48975109809663253 0.0126953125 0.021961932650073207
0 0.9091796875 0.4575402635431918 0.021484375 0.03074670571010249
0 0.93505859375 0.4355783308931186 0.0224609375 0.036603221083455345
0 0.9462890625 0.4546120058565154 0.017578125 0.027818448023426062
0 0.986328125 0.4670571010248902 0.021484375 0.02635431918008785
0 0.9853515625 0.46925329428989754 0.01953125 0.03367496339677892
