0 0.9730046948356808 0.43645833333333334 0.035211267605633804 0.04375
0 0.875 0.45729166666666665 0.022300469483568074 0.04375
0 0.6338028169014085 0.4625 0.014084507042253521 0.020833333333333332
0 0.5874413145539906 0.44479166666666664 0.015258215962441314 0.027083333333333334
0 0.6044600938967136 0.4739583333333333 0.007042253521126761 0.014583333333333334
0 0.534037558685446 0.46875 0.004694835680751174 0.008333333333333333
0 0.4953051643192488 0.4708333333333333 0.007042253521126761 0.0125
0 0.482981220657277 0.471875 0.005868544600938967 0.014583333333333334
0 0.4413145539906103 0.46145833333333336 0.007042253521126761 0.014583333333333334
0 0.4107981220657277 0.4635416666666667 0.007042253521126761 0.014583333333333334
0 0.4231220657276995 0.4739583333333333 0.005868544600938967 0.010416666666666666
0 0.30164319248826293 0.46875 0.007042253521126761 0.0125
0 0.2863849765258216 0.46875 0.007042253521126761 0.0125
0 0.2546948356807512 0.48020833333333335 0.009389671361502348 0.014583333333333334
0 0.0534037558685446 0.4635416666666667 0.01995305164319249 0.03125
0 0.03227699530516432 0.4895833333333333 0.012910798122065728 0.020833333333333332
0 0.015258215962441314 0.49375 0.007042253521126761 0.0125
