0 0.0912087912087912 0.8541666666666666 0.01098901098901099 0.025
0 0.1912087912087912 0.89375 0.01098901098901099 0.025
0 0.23351648351648352 0.8583333333333333 0.00989010989010989 0.020833333333333332
0 0.27362637362637365 0.9458333333333333 0.01098901098901099 0.025
0 0.3620879120879121 0.7802083333333333 0.00989010989010989 0.022916666666666665
0 0.21208791208791208 0.646875 0.01098901098901099 0.022916666666666665
0 0.48406593406593407 0.975 0.012087912087912088 0.025
0 0.5483516483516484 0.915625 0.01098901098901099 0.022916666666666665
0 0.5483516483516484 0.8625 0.01098901098901099 0.020833333333333332
0 0.6175824175824176 0.8583333333333333 0.01098901098901099 0.029166666666666667
0 0.01868131868131868 0.365625 0.008791208791208791 0.014583333333333334
0 0.12472527472527473 0.46875 0.007692307692307693 0.016666666666666666
0 0.1401098901098901 0.45416666666666666 0.007692307692307693 0.016666666666666666
0 0.15989010989010988 0.44895833333333335 0.007692307692307693 0.01875
0 0.17197802197802198 0.465625 0.007692307692307693 0.01875
0 0.1813186813186813 0.41875 0.006593406593406593 0.016666666666666666
0 0.18956043956043955 0.4552083333333333 0.007692307692307693 0.014583333333333334
0 0.20824175824175825 0.47291666666666665 0.007692307692307693 0.016666666666666666
0 0.20604395604395603 0.4479166666666667 0.007692307692307693 0.016666666666666666
0 0.21483516483516482 0.3885416666666667 0.007692307692307693 0.01875
0 0.23351648351648352 0.425 0.007692307692307693 0.016666666666666666
0 0.2412087912087912 0.440625 0.007692307692307693 0.01875
0 0.2587912087912088 0.47291666666666665 0.007692307692307693 0.016666666666666666
0 0.26868131868131867 0.4239583333333333 0.007692307692307693 0.01875
0 0.2675824175824176 0.39166666666666666 0.007692307692307693 0.016666666666666666
0 0.2906593406593407 0.4583333333333333 0.007692307692307693 0.016666666666666666
0 0.2989010989010989 0.44375 0.008791208791208791 0.020833333333333332
0 0.317032967032967 0.4427083333333333 0.007692307692307693 0.01875
0 0.2967032967032967 0.40520833333333334 0.006593406593406593 0.01875
0 0.34175824175824177 0.39479166666666665 0.006593406593406593 0.01875
0 0.3648351648351648 0.4552083333333333 0.008791208791208791 0.022916666666666665
0 0.3648351648351648 0.44166666666666665 0.006593406593406593 0.020833333333333332
0 0.360989010989011 0.41041666666666665 0.007692307692307693 0.016666666666666666
0 0.40934065934065933 0.453125 0.007692307692307693 0.01875
0 0.40714285714285714 0.4239583333333333 0.007692307692307693 0.014583333333333334
0 0.42142857142857143 0.39791666666666664 0.007692307692307693 0.016666666666666666
0 0.41098901098901097 0.34791666666666665 0.006593406593406593 0.016666666666666666
0 0.4379120879120879 0.3614583333333333 0.007692307692307693 0.01875
0 0.33186813186813185 0.34270833333333334 0.006593406593406593 0.01875
0 0.2923076923076923 0.3125 0.006593406593406593 0.016666666666666666
0 0.2774725274725275 0.31666666666666665 0.007692307692307693 0.0125
0 0.31868131868131866 0.2635416666666667 0.008791208791208791 0.014583333333333334
0 0.11978021978021978 0.3177083333333333 0.008791208791208791 0.01875
0 0.1824175824175824 0.20208333333333334 0.006593406593406593 0.0125
0 0.24285714285714285 0.21875 0.006593406593406593 0.0125
0 0.29285714285714287 0.15208333333333332 0.005494505494505495 0.0125
0 0.4472527472527473 0.24791666666666667 0.006593406593406593 0.0125
0 0.48516483516483516 0.26145833333333335 0.007692307692307693 0.014583333333333334
0 0.46483516483516485 0.353125 0.008791208791208791 0.01875
0 0.4818681318681319 0.35208333333333336 0.007692307692307693 0.016666666666666666
0 0.5054945054945055 0.3697916666666667 0.006593406593406593 0.014583333333333334
0 0.4736263736263736 0.396875 0.006593406593406593 0.014583333333333334
0 0.4582417582417582 0.3854166666666667 0.008791208791208791 0.016666666666666666
0 0.46703296703296704 0.41875 0.006593406593406593 0.016666666666666666
0 0.4824175824175824 0.428125 0.008791208791208791 0.01875
0 0.5005494505494505 0.415625 0.007692307692307693 0.01875
0 0.4901098901098901 0.45625 0.008791208791208791 0.016666666666666666
0 0.47087912087912087 0.47708333333333336 0.00989010989010989 0.020833333333333332
0 0.4543956043956044 0.5447916666666667 0.007692307692307693 0.022916666666666665
0 0.47197802197802197 0.534375 0.007692307692307693 0.01875
0 0.5054945054945055 0.5458333333333333 0.008791208791208791 0.020833333333333332
0 0.5324175824175824 0.5072916666666667 0.00989010989010989 0.022916666666666665
0 0.5192307692307693 0.4625 0.007692307692307693 0.020833333333333332
0 0.5208791208791209 0.42604166666666665 0.006593406593406593 0.014583333333333334
0 0.5445054945054945 0.4125 0.007692307692307693 0.016666666666666666
0 0.5170329670329671 0.38333333333333336 0.005494505494505495 0.0125
0 0.567032967032967 0.38125 0.006593406593406593 0.016666666666666666
0 0.5741758241758241 0.43645833333333334 0.007692307692307693 0.01875
0 0.6021978021978022 0.46458333333333335 0.008791208791208791 0.020833333333333332
0 0.5895604395604396 0.403125 0.007692307692307693 0.01875
0 0.6065934065934065 0.4 0.008791208791208791 0.016666666666666666
0 0.6153846153846154 0.40729166666666666 0.008791208791208791 0.01875
0 0.6335164835164835 0.4114583333333333 0.007692307692307693 0.01875
0 0.639010989010989 0.36354166666666665 0.007692307692307693 0.01875
0 0.6291208791208791 0.38229166666666664 0.007692307692307693 0.01875
0 0.6137362637362638 0.36354166666666665 0.007692307692307693 0.014583333333333334
0 0.5873626373626374 0.3625 0.007692307692307693 0.016666666666666666
0 0.6032967032967033 0.334375 0.006593406593406593 0.014583333333333334
0 0.6203296703296703 0.3458333333333333 0.005494505494505495 0.0125
0 0.7087912087912088 0.45625 0.01098901098901099 0.020833333333333332
0 0.7373626373626374 0.4354166666666667 0.008791208791208791 0.016666666666666666
0 0.7428571428571429 0.3375 0.006593406593406593 0.0125
0 0.8164835164835165 0.365625 0.006593406593406593 0.014583333333333334
0 0.8384615384615385 0.37083333333333335 0.006593406593406593 0.016666666666666666
0 0.8906593406593407 0.2625 0.005494505494505495 0.016666666666666666
0 0.9543956043956044 0.28125 0.007692307692307693 0.016666666666666666
0 0.9851648351648352 0.246875 0.005494505494505495 0.014583333333333334
0 0.9912087912087912 0.23958333333333334 0.006593406593406593 0.016666666666666666
0 0.8093406593406594 0.1125 0.005494505494505495 0.0125
0 0.8346153846153846 0.17291666666666666 0.005494505494505495 0.0125
0 0.9747252747252747 0.071875 0.006593406593406593 0.010416666666666666
0 0.8269230769230769 0.041666666666666664 0.005494505494505495 0.0125
0 0.8005494505494506 0.017708333333333333 0.005494505494505495 0.010416666666666666
