0 0.287 0.756 0.038 0.04
0 0.354 0.648 0.016 0.016
0 0.404 0.629 0.012 0.014
0 0.433 0.614 0.014 0.016
0 0.486 0.597 0.012 0.014
0 0.496 0.618 0.012 0.012
0 0.502 0.605 0.012 0.014
0 0.518 0.605 0.012 0.014
0 0.567 0.625 0.014 0.014
0 0.598 0.629 0.012 0.014
0 0.624 0.623 0.016 0.018
0 0.669 0.659 0.014 0.014
0 0.708 0.634 0.012 0.012
0 0.712 0.621 0.008 0.01
0 0.754 0.641 0.012 0.014
0 0.747 0.609 0.01 0.01
0 0.824 0.609 0.012 0.01
0 0.826 0.638 0.012 0.012
0 0.855 0.63 0.014 0.012
0 0.853 0.608 0.014 0.012
0 0.874 0.643 0.012 0.014
0 0.905 0.651 0.014 0.014
0 0.903 0.642 0.01 0.012
0 0.93 0.706 0.04 0.056
0 0.982 0.804 0.048 0.056
0 0.911 0.63 0.01 0.012
0 0.28 0.618 0.012 0.012
