0 0.6772237196765498 0.23988195615514335 0.07142857142857142 0.11382799325463744
0 0.8241239892183289 0.1551433389544688 0.057951482479784364 0.09949409780775717
0 0.6765498652291105 0.19266441821247893 0.05929919137466307 0.0851602023608769
0 0.9150943396226415 0.21838111298482293 0.03638814016172507 0.048903878583473864
0 0.9390161725067385 0.10961214165261383 0.016846361185983826 0.02866779089376054
0 0.9922506738544474 0.05944350758853288 0.03032345013477089 0.03962900505902192
0 0.8898247978436657 0.06070826306913996 0.020889487870619946 0.02866779089376054
0 0.8035714285714286 0.02993254637436762 0.018194070080862535 0.022765598650927487
0 0.7345013477088949 0.04131534569983136 0.016172506738544475 0.026981450252951095
0 0.7085579514824798 0.12225969645868466 0.04784366576819407 0.17537942664418213
0 0.6644204851752021 0.045109612141652614 0.02425876010781671 0.02951096121416526
0 0.6115229110512129 0.045109612141652614 0.02223719676549865 0.02951096121416526
0 0.5037061994609164 0.20404721753794267 0.06805929919137467 0.09949409780775717
0 0.22473045822102425 0.1399662731871838 0.07884097035040431 0.13659359190556492
0 0.3507412398921833 0.13195615514333894 0.06671159029649595 0.1087689713322091
0 0.09231805929919137 0.18591905564924116 0.0673854447439353 0.09527824620573355
0 0.16442048517520216 0.1391231028667791 0.029649595687331536 0.05733558178752108
0 0.47371967654986524 0.19350758853288363 0.06334231805929919 0.09359190556492411
0 0.48247978436657685 0.1294266441821248 0.04582210242587601 0.0733558178752108
0 0.41206199460916443 0.15682967959527824 0.03975741239892183 0.050590219224283306
