0 0.0357981220657277 0.54375 0.017605633802816902 0.025
0 0.07453051643192488 0.546875 0.01995305164319249 0.03125
0 0.1449530516431925 0.6364583333333333 0.008215962441314555 0.014583333333333334
0 0.15845070422535212 0.6197916666666666 0.009389671361502348 0.01875
0 0.17077464788732394 0.6135416666666667 0.01056338028169014 0.01875
0 0.21889671361502347 0.6520833333333333 0.008215962441314555 0.016666666666666666
0 0.3949530516431925 0.6333333333333333 0.01056338028169014 0.020833333333333332
0 0.41607981220657275 0.634375 0.008215962441314555 0.01875
0 0.4242957746478873 0.646875 0.008215962441314555 0.01875
0 0.5381455399061033 0.671875 0.008215962441314555 0.014583333333333334
0 0.5522300469483568 0.6625 0.005868544600938967 0.0125
0 0.6097417840375586 0.5760416666666667 0.015258215962441314 0.027083333333333334
0 0.6390845070422535 0.6333333333333333 0.008215962441314555 0.016666666666666666
0 0.6584507042253521 0.6552083333333333 0.007042253521126761 0.014583333333333334
0 0.869131455399061 0.36875 0.04342723004694836 0.05416666666666667
0 0.9137323943661971 0.3260416666666667 0.036384976525821594 0.06875
