0 0.13732394366197184 0.865625 0.009389671361502348 0.014583333333333334
0 0.1431924882629108 0.865625 0.009389671361502348 0.014583333333333334
0 0.19131455399061034 0.84375 0.009389671361502348 0.016666666666666666
0 0.24061032863849766 0.85 0.009389671361502348 0.016666666666666666
0 0.3562206572769953 0.8364583333333333 0.008215962441314555 0.014583333333333334
0 0.36619718309859156 0.8458333333333333 0.007042253521126761 0.0125
0 0.3826291079812207 0.8375 0.007042253521126761 0.0125
0 0.409037558685446 0.840625 0.005868544600938967 0.014583333333333334
0 0.414906103286385 0.8333333333333334 0.005868544600938967 0.0125
0 0.5974178403755869 0.8177083333333334 0.007042253521126761 0.014583333333333334
0 0.7312206572769953 0.8395833333333333 0.018779342723004695 0.09583333333333334
0 0.738849765258216 0.7989583333333333 0.008215962441314555 0.014583333333333334
0 0.8814553990610329 0.7791666666666667 0.011737089201877934 0.025
0 0.9735915492957746 0.771875 0.01056338028169014 0.01875
