0 0.08098958333333334 0.49907407407407406 0.04010416666666667 0.08888888888888889
0 0.15859375 0.4925925925925926 0.0109375 0.027777777777777776
0 0.2518229166666667 0.48564814814814816 0.0171875 0.03796296296296296
0 0.2421875 0.4837962962962963 0.009375 0.019444444444444445
0 0.26588541666666665 0.47175925925925927 0.011979166666666667 0.023148148148148147
0 0.30859375 0.4740740740740741 0.0171875 0.03333333333333333
0 0.35494791666666664 0.6180555555555556 0.015104166666666667 0.026851851851851852
0 0.3528645833333333 0.45555555555555555 0.018229166666666668 0.03888888888888889
0 0.37942708333333336 0.4625 0.0109375 0.019444444444444445
0 0.39817708333333335 0.46805555555555556 0.0171875 0.03796296296296296
0 0.4354166666666667 0.48842592592592593 0.021875 0.03981481481481482
0 0.47161458333333334 0.4222222222222222 0.0265625 0.053703703703703705
0 0.5171875 0.46620370370370373 0.013541666666666667 0.023148148148148147
0 0.5395833333333333 0.4689814814814815 0.013541666666666667 0.023148148148148147
0 0.553125 0.48935185185185187 0.017708333333333333 0.03425925925925926
0 0.58828125 0.44675925925925924 0.0328125 0.05462962962962963
0 0.6265625 0.4726851851851852 0.027083333333333334 0.05277777777777778
0 0.675 0.4587962962962963 0.029166666666666667 0.062037037037037036
0 0.7330729166666666 0.43842592592592594 0.030729166666666665 0.062037037037037036
0 0.7653645833333333 0.4703703703703704 0.0171875 0.03148148148148148
0 0.7205729166666667 0.45416666666666666 0.025520833333333333 0.05092592592592592
0 0.8372395833333334 0.4324074074074074 0.016145833333333335 0.027777777777777776
0 0.8666666666666667 0.4439814814814815 0.03229166666666667 0.06018518518518518
0 0.9333333333333333 0.4615740740740741 0.00625 0.012037037037037037
0 0.6669270833333333 0.475462962962963 0.024479166666666666 0.05092592592592592
