0 0.014084507042253521 0.3729166666666667 0.035211267605633804 0.07916666666666666
0 0.04753521126760563 0.45625 0.015258215962441314 0.03333333333333333
0 0.06631455399061033 0.48020833333333335 0.015258215962441314 0.03125
0 0.1255868544600939 0.4114583333333333 0.025821596244131457 0.052083333333333336
0 0.15140845070422534 0.4479166666666667 0.018779342723004695 0.05
0 0.18251173708920188 0.41458333333333336 0.02699530516431925 0.05416666666666667
0 0.25410798122065725 0.35625 0.045774647887323945 0.0875
0 0.38321596244131456 0.5072916666666667 0.017605633802816902 0.035416666666666666
0 0.39436619718309857 0.4875 0.02112676056338028 0.0375
0 0.45129107981220656 0.484375 0.022300469483568074 0.04375
0 0.5076291079812206 0.5177083333333333 0.02464788732394366 0.04375
0 0.49061032863849763 0.5041666666666667 0.02112676056338028 0.0375
0 0.6097417840375586 0.4166666666666667 0.04107981220657277 0.07083333333333333
0 0.6156103286384976 0.453125 0.02464788732394366 0.04375
0 0.6455399061032864 0.5052083333333334 0.018779342723004695 0.035416666666666666
0 0.7347417840375586 0.5010416666666667 0.02112676056338028 0.03958333333333333
0 0.7341549295774648 0.5020833333333333 0.01995305164319249 0.041666666666666664
0 0.7869718309859155 0.5125 0.017605633802816902 0.0375
0 0.812793427230047 0.5145833333333333 0.02699530516431925 0.05
0 0.8679577464788732 0.540625 0.03169014084507042 0.06458333333333334
0 0.9061032863849765 0.5291666666666667 0.014084507042253521 0.025
0 0.9624413145539906 0.525 0.01643192488262911 0.029166666666666667
0 0.9958920187793427 0.5291666666666667 0.015258215962441314 0.0375
