0 0.03990610328638498 0.5489583333333333 0.01643192488262911 0.03125
0 0.056338028169014086 0.5989583333333334 0.02112676056338028 0.03125
0 0.11502347417840375 0.5614583333333333 0.02112676056338028 0.04375
0 0.13497652582159625 0.5541666666666667 0.014084507042253521 0.029166666666666667
0 0.16549295774647887 0.5677083333333334 0.009389671361502348 0.01875
0 0.1784037558685446 0.584375 0.01643192488262911 0.027083333333333334
0 0.2130281690140845 0.55625 0.017605633802816902 0.029166666666666667
0 0.2177230046948357 0.559375 0.015258215962441314 0.03125
0 0.23591549295774647 0.553125 0.007042253521126761 0.01875
0 0.24119718309859156 0.578125 0.01056338028169014 0.01875
0 0.2652582159624413 0.571875 0.011737089201877934 0.022916666666666665
0 0.284037558685446 0.5625 0.014084507042253521 0.025
0 0.3104460093896714 0.5625 0.012910798122065728 0.029166666666666667
0 0.3374413145539906 0.5635416666666667 0.02699530516431925 0.06458333333333334
0 0.44366197183098594 0.6020833333333333 0.03286384976525822 0.06666666666666667
0 0.5252347417840375 0.5875 0.03873239436619718 0.075
0 0.5745305164319249 0.5489583333333333 0.02699530516431925 0.05625
0 0.6390845070422535 0.5916666666666667 0.012910798122065728 0.025
0 0.6948356807511737 0.5760416666666667 0.035211267605633804 0.08125
0 0.8444835680751174 0.5729166666666666 0.062206572769953054 0.1125
