0 0.9606807511737089 0.5875 0.05046948356807512 0.09583333333333334
0 0.5539906103286385 0.5645833333333333 0.025821596244131457 0.058333333333333334
0 0.5011737089201878 0.584375 0.03051643192488263 0.05625
0 0.4653755868544601 0.6041666666666666 0.017605633802816902 0.029166666666666667
0 0.4395539906103286 0.5875 0.017605633802816902 0.041666666666666664
0 0.38791079812206575 0.625 0.022300469483568074 0.041666666666666664
0 0.778755868544601 0.665625 0.022300469483568074 0.03958333333333333
0 0.7640845070422535 0.6614583333333334 0.018779342723004695 0.04791666666666667
0 0.698943661971831 0.6604166666666667 0.01995305164319249 0.03333333333333333
0 0.6484741784037559 0.6447916666666667 0.017605633802816902 0.035416666666666666
0 0.7294600938967136 0.6416666666666667 0.01995305164319249 0.03333333333333333
0 0.7007042253521126 0.6166666666666667 0.011737089201877934 0.025
0 0.6132629107981221 0.6520833333333333 0.017605633802816902 0.03333333333333333
0 0.32981220657276994 0.60625 0.007042253521126761 0.0125
0 0.2852112676056338 0.603125 0.011737089201877934 0.022916666666666665
0 0.2811032863849765 0.5989583333333334 0.01056338028169014 0.01875
0 0.24882629107981222 0.6114583333333333 0.009389671361502348 0.014583333333333334
0 0.2282863849765258 0.61875 0.01056338028169014 0.016666666666666666
0 0.16255868544600938 0.6145833333333334 0.005868544600938967 0.0125
0 0.1742957746478873 0.6239583333333333 0.008215962441314555 0.014583333333333334
0 0.125 0.6145833333333334 0.01056338028169014 0.016666666666666666
0 0.10504694835680752 0.625 0.01056338028169014 0.020833333333333332
0 0.08744131455399061 0.6145833333333334 0.012910798122065728 0.025
