0 0.14553990610328638 0.029166666666666667 0.02112676056338028 0.03333333333333333
0 0.31220657276995306 -0.0375 0.01643192488262911 0.025
0 0.3392018779342723 0.24479166666666666 0.028169014084507043 0.05625
0 0.3926056338028169 0.153125 0.022300469483568074 0.052083333333333336
0 0.4184272300469484 0.06875 0.01995305164319249 0.041666666666666664
0 0.4618544600938967 0.075 0.017605633802816902 0.041666666666666664
0 0.511150234741784 0.09479166666666666 0.02464788732394366 0.04791666666666667
0 0.5563380281690141 -0.06354166666666666 0.014084507042253521 0.022916666666666665
0 0.5862676056338029 -0.03958333333333333 0.01056338028169014 0.016666666666666666
0 0.5669014084507042 0.13333333333333333 0.02112676056338028 0.05
0 0.5387323943661971 0.18020833333333333 0.023474178403755867 0.06041666666666667
0 0.607981220657277 0.023958333333333335 0.01643192488262911 0.03958333333333333
0 0.6643192488262911 0.1375 0.02112676056338028 0.05416666666666667
0 0.6467136150234741 0.265625 0.018779342723004695 0.03958333333333333
0 0.6619718309859155 0.24166666666666667 0.028169014084507043 0.05
0 0.6907276995305164 0.003125 0.012910798122065728 0.022916666666666665
0 0.7852112676056338 0.020833333333333332 0.018779342723004695 0.0375
0 0.8744131455399061 -0.022916666666666665 0.02112676056338028 0.03333333333333333
0 0.7130281690140845 0.24479166666666666 0.02699530516431925 0.04791666666666667
0 0.7852112676056338 0.15625 0.023474178403755867 0.05416666666666667
0 0.7852112676056338 0.13333333333333333 0.02112676056338028 0.04583333333333333
0 0.8028169014084507 0.303125 0.03051643192488263 0.052083333333333336
0 0.7916666666666666 0.203125 0.02464788732394366 0.04791666666666667
0 0.835093896713615 0.21770833333333334 0.02464788732394366 0.04375
0 0.8603286384976526 0.2604166666666667 0.03051643192488263 0.06666666666666667
0 0.857981220657277 0.11979166666666667 0.018779342723004695 0.03958333333333333
0 0.8714788732394366 -0.027083333333333334 0.015258215962441314 0.029166666666666667
0 0.9665492957746479 0.17395833333333333 0.02464788732394366 0.052083333333333336
0 0.9812206572769953 0.16354166666666667 0.023474178403755867 0.052083333333333336
0 0.9818075117370892 0.16354166666666667 0.022300469483568074 0.052083333333333336
0 1.0064553990610328 0.24895833333333334 0.01995305164319249 0.04375
0 0.9530516431924883 0.3541666666666667 0.03286384976525822 0.06666666666666667
0 1.0088028169014085 0.35 0.02699530516431925 0.05
0 0.1572769953051643 0.33541666666666664 0.025821596244131457 0.058333333333333334
0 0.1426056338028169 0.44479166666666664 0.04107981220657277 0.07708333333333334
0 0.19072769953051644 0.440625 0.04107981220657277 0.08541666666666667
0 0.2846244131455399 0.8552083333333333 0.045774647887323945 0.11458333333333333
0 0.41960093896713613 0.8989583333333333 0.04107981220657277 0.09791666666666667
0 0.590962441314554 0.6104166666666667 0.036384976525821594 0.07916666666666666
0 0.7934272300469484 0.9239583333333333 0.04460093896713615 0.08541666666666667
0 0.8949530516431925 0.6927083333333334 0.04342723004694836 0.08541666666666667
0 0.03051643192488263 0.0 0.01643192488262911 0.025
0 0.017605633802816902 0.14895833333333333 0.028169014084507043 0.24791666666666667
0 0.002347417840375587 0.14479166666666668 0.02112676056338028 0.23958333333333334
0 0.18896713615023475 -0.06041666666666667 0.014084507042253521 0.025
0 0.1742957746478873 -0.03229166666666667 0.017605633802816902 0.027083333333333334
0 0.1273474178403756 0.058333333333333334 0.03169014084507042 0.11666666666666667
0 0.40023474178403756 -0.11458333333333333 0.014084507042253521 0.025
0 0.4442488262910798 -0.10208333333333333 0.012910798122065728 0.020833333333333332
0 0.49589201877934275 -0.059375 0.008215962441314555 0.014583333333333334
0 0.5246478873239436 -0.078125 0.014084507042253521 0.027083333333333334
0 0.6737089201877934 -0.014583333333333334 0.014084507042253521 0.025
0 0.9131455399061033 0.004166666666666667 0.028169014084507043 0.15
