0 0.07570422535211267 0.4635416666666667 0.05046948356807512 0.11041666666666666
0 0.18251173708920188 0.4270833333333333 0.029342723004694836 0.06666666666666667
0 0.19190140845070422 0.390625 0.036384976525821594 0.08541666666666667
0 0.25 0.46458333333333335 0.025821596244131457 0.05416666666666667
0 0.3268779342723005 0.37916666666666665 0.03873239436619718 0.07916666666666666
0 0.39730046948356806 0.38958333333333334 0.03403755868544601 0.0625
0 0.4524647887323944 0.559375 0.012910798122065728 0.03125
0 0.573943661971831 0.5625 0.02112676056338028 0.041666666666666664
0 0.6326291079812206 0.5354166666666667 0.02112676056338028 0.041666666666666664
0 0.6443661971830986 0.5427083333333333 0.018779342723004695 0.035416666666666666
0 0.6643192488262911 0.5885416666666666 0.014084507042253521 0.022916666666666665
0 0.7095070422535211 0.5427083333333333 0.01995305164319249 0.03958333333333333
0 0.7235915492957746 0.53125 0.017605633802816902 0.03333333333333333
0 0.7904929577464789 0.478125 0.03169014084507042 0.04791666666666667
0 0.897887323943662 0.5354166666666667 0.018779342723004695 0.041666666666666664
0 0.9043427230046949 0.5427083333333333 0.01995305164319249 0.035416666666666666
0 0.9225352112676056 0.5135416666666667 0.028169014084507043 0.04791666666666667
0 0.9636150234741784 0.515625 0.018779342723004695 0.03958333333333333
