0 0.8036971830985915 0.6713615023474179 0.10035211267605634 0.13380281690140844
0 0.09110915492957747 0.5416666666666666 0.03433098591549296 0.0528169014084507
0 0.06558098591549295 0.545774647887324 0.025528169014084508 0.04460093896713615
0 0.25264084507042256 0.5481220657276995 0.02112676056338028 0.025821596244131457
0 0.3261443661971831 0.3597417840375587 0.032570422535211266 0.04342723004694836
0 0.40536971830985913 0.3386150234741784 0.030809859154929578 0.05046948356807512
0 0.49735915492957744 0.4894366197183099 0.04401408450704225 0.07981220657276995
0 0.7742077464788732 0.5193661971830986 0.07130281690140845 0.10211267605633803
0 0.6426056338028169 0.5223004694835681 0.058098591549295774 0.07981220657276995
0 0.875 0.511150234741784 0.045774647887323945 0.06924882629107981
0 0.9524647887323944 0.3685446009389671 0.028169014084507043 0.03990610328638498
0 0.7847711267605634 0.3720657276995305 0.018485915492957746 0.025821596244131457
0 0.4942781690140845 0.4413145539906103 0.037852112676056336 0.06338028169014084
0 0.16461267605633803 0.4765258215962441 0.022887323943661973 0.03990610328638498
0 0.17517605633802816 0.3685446009389671 0.014084507042253521 0.01643192488262911
0 0.3701584507042254 0.36971830985915494 0.020246478873239437 0.028169014084507043
0 0.5911091549295775 0.3585680751173709 0.016725352112676055 0.02464788732394366
0 0.5484154929577465 0.3562206572769953 0.01584507042253521 0.022300469483568074
0 0.5990316901408451 0.4448356807511737 0.032570422535211266 0.046948356807511735
0 0.5492957746478874 0.45892018779342725 0.03169014084507042 0.046948356807511735
0 0.8679577464788732 0.38380281690140844 0.014084507042253521 0.023474178403755867
0 0.7108274647887324 0.30985915492957744 0.011443661971830986 0.018779342723004695
0 0.6408450704225352 0.3245305164319249 0.008802816901408451 0.012910798122065728
0 0.27992957746478875 0.36561032863849763 0.01936619718309859 0.03403755868544601
0 0.15757042253521128 0.431924882629108 0.02640845070422535 0.03755868544600939
0 0.14656690140845072 0.3744131455399061 0.027288732394366196 0.03755868544600939
0 0.20950704225352113 0.3937793427230047 0.017605633802816902 0.022300469483568074
0 0.20334507042253522 0.3720657276995305 0.02464788732394366 0.028169014084507043
0 0.25880281690140844 0.3685446009389671 0.01584507042253521 0.025821596244131457
0 0.3573943661971831 0.3362676056338028 0.01232394366197183 0.017605633802816902
0 0.3882042253521127 0.352112676056338 0.01936619718309859 0.035211267605633804
0 0.5704225352112676 0.3703051643192488 0.02112676056338028 0.02699530516431925
0 0.7623239436619719 0.352112676056338 0.014084507042253521 0.018779342723004695
