0 0.9889534883720931 0.6813953488372093 0.029069767441860465 0.04496124031007752
0 0.8755813953488372 0.6875968992248062 0.03488372093023256 0.04806201550387597
0 0.7593023255813953 0.6689922480620155 0.03953488372093023 0.04806201550387597
0 0.6645348837209303 0.7426356589147287 0.029069767441860465 0.046511627906976744
0 0.6023255813953489 0.6581395348837209 0.030232558139534883 0.04186046511627907
0 0.502906976744186 0.7434108527131783 0.031395348837209305 0.04496124031007752
0 0.4377906976744186 0.6937984496124031 0.03372093023255814 0.05116279069767442
0 0.5622093023255814 0.6271317829457365 0.029069767441860465 0.04496124031007752
0 0.6406976744186047 0.6271317829457365 0.02558139534883721 0.03875968992248062
0 0.8244186046511628 0.5837209302325581 0.020930232558139535 0.03565891472868217
0 0.7854651162790698 0.6449612403100775 0.01744186046511628 0.027906976744186046
0 0.75 0.6131782945736434 0.02558139534883721 0.03255813953488372
0 0.6593023255813953 0.6093023255813953 0.020930232558139535 0.034108527131782945
0 0.6802325581395349 0.6062015503875969 0.023255813953488372 0.031007751937984496
0 0.6883720930232559 0.5875968992248062 0.01627906976744186 0.024806201550387597
0 0.5843023255813954 0.5713178294573643 0.019767441860465116 0.02945736434108527
0 0.5174418604651163 0.5914728682170542 0.030232558139534883 0.04496124031007752
0 0.4848837209302326 0.5961240310077519 0.023255813953488372 0.03875968992248062
0 0.5412790697674419 0.5813953488372093 0.022093023255813953 0.034108527131782945
0 0.4517441860465116 0.6031007751937985 0.022093023255813953 0.034108527131782945
0 0.3569767441860465 0.6387596899224807 0.02558139534883721 0.037209302325581395
0 0.36627906976744184 0.6131782945736434 0.020930232558139535 0.03875968992248062
0 0.3819767441860465 0.6054263565891473 0.022093023255813953 0.03565891472868217
0 0.30348837209302326 0.6170542635658914 0.023255813953488372 0.031007751937984496
0 0.2563953488372093 0.5891472868217055 0.02441860465116279 0.037209302325581395
0 0.2866279069767442 0.5806201550387597 0.019767441860465116 0.02945736434108527
0 0.32965116279069767 0.5868217054263566 0.015116279069767442 0.023255813953488372
0 0.3616279069767442 0.5736434108527132 0.018604651162790697 0.031007751937984496
0 0.1877906976744186 0.9310077519379845 0.09186046511627907 0.17209302325581396
0 0.2633720930232558 0.7534883720930232 0.03372093023255814 0.05581395348837209
0 0.20755813953488372 0.6992248062015504 0.040697674418604654 0.07131782945736434
0 0.14709302325581394 0.7085271317829457 0.04302325581395349 0.06511627906976744
0 0.07441860465116279 0.7224806201550388 0.044186046511627906 0.06201550387596899
0 0.009302325581395349 0.6705426356589147 0.030232558139534883 0.03875968992248062
0 0.011046511627906977 0.6054263565891473 0.026744186046511628 0.04806201550387597
0 0.04186046511627907 0.637984496124031 0.020930232558139535 0.03565891472868217
0 0.11511627906976744 0.6519379844961241 0.023255813953488372 0.02945736434108527
0 0.16395348837209303 0.6155038759689923 0.023255813953488372 0.037209302325581395
0 0.2 0.5914728682170542 0.020930232558139535 0.03255813953488372
0 0.04244186046511628 0.57984496124031 0.026744186046511628 0.040310077519379844
0 0.05232558139534884 0.6124031007751938 0.023255813953488372 0.037209302325581395
0 0.07209302325581396 0.6023255813953489 0.023255813953488372 0.04496124031007752
0 0.12093023255813953 0.6178294573643411 0.023255813953488372 0.03565891472868217
0 0.11162790697674418 0.6093023255813953 0.018604651162790697 0.031007751937984496
0 0.09883720930232558 0.5953488372093023 0.018604651162790697 0.027906976744186046
0 0.10465116279069768 0.5457364341085271 0.013953488372093023 0.024806201550387597
0 0.12674418604651164 0.5891472868217055 0.01627906976744186 0.024806201550387597
0 0.13837209302325582 0.575968992248062 0.01627906976744186 0.023255813953488372
0 0.2005813953488372 0.5395348837209303 0.015116279069767442 0.021705426356589147
0 0.6284883720930232 0.5689922480620155 0.015116279069767442 0.021705426356589147
0 0.6302325581395349 0.6077519379844961 0.020930232558139535 0.034108527131782945
0 0.7994186046511628 0.5255813953488372 0.015116279069767442 0.021705426356589147
