0 0.977112676056338 0.6302083333333334 0.012910798122065728 0.022916666666666665
0 0.9765258215962441 0.63125 0.011737089201877934 0.025
0 0.9096244131455399 0.6427083333333333 0.009389671361502348 0.01875
0 0.9237089201877934 0.6364583333333333 0.009389671361502348 0.01875
0 0.875 0.6333333333333333 0.008215962441314555 0.0125
0 0.8550469483568075 0.6322916666666667 0.005868544600938967 0.014583333333333334
0 0.7998826291079812 0.6427083333333333 0.008215962441314555 0.014583333333333334
0 0.767018779342723 0.64375 0.008215962441314555 0.016666666666666666
0 0.7769953051643192 0.6541666666666667 0.007042253521126761 0.016666666666666666
0 0.6543427230046949 0.6791666666666667 0.01056338028169014 0.016666666666666666
0 0.6320422535211268 0.6458333333333334 0.005868544600938967 0.0125
0 0.5874413145539906 0.659375 0.005868544600938967 0.010416666666666666
0 0.5745305164319249 0.6520833333333333 0.005868544600938967 0.0125
0 0.5557511737089202 0.6635416666666667 0.005868544600938967 0.010416666666666666
0 0.5082159624413145 0.6895833333333333 0.007042253521126761 0.0125
0 0.3538732394366197 0.66875 0.008215962441314555 0.016666666666666666
0 0.3456572769953052 0.6645833333333333 0.008215962441314555 0.016666666666666666
0 0.29518779342723006 0.6739583333333333 0.008215962441314555 0.014583333333333334
0 0.1056338028169014 0.671875 0.007042253521126761 0.014583333333333334
0 0.12910798122065728 0.6604166666666667 0.007042253521126761 0.0125
0 -0.01056338028169014 0.6864583333333333 0.025821596244131457 0.04791666666666667
