0 0.005868544600938967 0.7291666666666666 0.02112676056338028 0.04583333333333333
0 0.07394366197183098 0.7177083333333333 0.035211267605633804 0.05625
0 0.10269953051643192 0.7125 0.04107981220657277 0.07083333333333333
0 0.159037558685446 0.7229166666666667 0.0528169014084507 0.10416666666666667
0 0.2916666666666667 0.7291666666666666 0.04812206572769953 0.0875
0 0.24706572769953053 0.7302083333333333 0.022300469483568074 0.04375
0 0.3538732394366197 0.7364583333333333 0.005868544600938967 0.014583333333333334
0 0.4647887323943662 0.7208333333333333 0.018779342723004695 0.05
0 0.5205399061032864 0.7302083333333333 0.01995305164319249 0.04791666666666667
0 0.4078638497652582 0.6145833333333334 0.0035211267605633804 0.008333333333333333
0 0.40199530516431925 0.6458333333333334 0.0035211267605633804 0.008333333333333333
0 0.4119718309859155 0.6697916666666667 0.011737089201877934 0.04791666666666667
0 0.44366197183098594 0.63125 0.011737089201877934 0.05
0 0.45422535211267606 0.6083333333333333 0.004694835680751174 0.008333333333333333
0 0.40669014084507044 0.7541666666666667 0.01056338028169014 0.0625
0 0.4113849765258216 0.7239583333333334 0.005868544600938967 0.010416666666666666
0 0.44835680751173707 0.734375 0.011737089201877934 0.022916666666666665
0 0.43779342723004694 0.69375 0.004694835680751174 0.008333333333333333
0 0.4289906103286385 0.6947916666666667 0.0035211267605633804 0.00625
0 0.4184272300469484 0.6958333333333333 0.0035211267605633804 0.008333333333333333
0 0.5575117370892019 0.7270833333333333 0.007042253521126761 0.0125
0 0.5815727699530516 0.7416666666666667 0.008215962441314555 0.016666666666666666
0 0.5985915492957746 0.7364583333333333 0.009389671361502348 0.01875
0 0.6660798122065728 0.7697916666666667 0.01056338028169014 0.01875
0 0.6971830985915493 0.7458333333333333 0.009389671361502348 0.020833333333333332
0 0.7177230046948356 0.7479166666666667 0.008215962441314555 0.020833333333333332
0 0.8538732394366197 0.734375 0.01056338028169014 0.022916666666666665
0 0.8773474178403756 0.7791666666666667 0.01056338028169014 0.020833333333333332
0 0.8896713615023474 0.7822916666666667 0.011737089201877934 0.022916666666666665
