0 -0.013497652582159625 0.30104166666666665 0.02464788732394366 0.04791666666666667
0 0.06807511737089202 0.3104166666666667 0.018779342723004695 0.041666666666666664
0 0.1572769953051643 0.28541666666666665 0.025821596244131457 0.05
0 0.16901408450704225 0.31145833333333334 0.023474178403755867 0.04375
0 0.2130281690140845 0.3177083333333333 0.01995305164319249 0.035416666666666666
0 0.2482394366197183 0.35104166666666664 0.017605633802816902 0.03958333333333333
0 0.3086854460093897 0.3333333333333333 0.01643192488262911 0.029166666666666667
0 0.35269953051643194 0.32916666666666666 0.015258215962441314 0.03333333333333333
0 0.33274647887323944 0.36354166666666665 0.012910798122065728 0.027083333333333334
0 0.3855633802816901 0.33229166666666665 0.017605633802816902 0.03125
0 0.43720657276995306 0.28020833333333334 0.03169014084507042 0.06041666666666667
0 0.414906103286385 0.2864583333333333 0.022300469483568074 0.04791666666666667
0 0.4072769953051643 0.31666666666666665 0.01643192488262911 0.03333333333333333
0 0.45715962441314556 0.36666666666666664 0.01056338028169014 0.020833333333333332
0 0.4970657276995305 0.34791666666666665 0.01056338028169014 0.025
0 0.5311032863849765 0.353125 0.01056338028169014 0.022916666666666665
0 0.5563380281690141 0.4041666666666667 0.009389671361502348 0.020833333333333332
0 0.5669014084507042 0.3489583333333333 0.011737089201877934 0.027083333333333334
0 0.5604460093896714 0.34375 0.01056338028169014 0.020833333333333332
0 0.5950704225352113 0.353125 0.011737089201877934 0.027083333333333334
0 0.5316901408450704 0.353125 0.009389671361502348 0.01875
0 0.6414319248826291 0.3614583333333333 0.012910798122065728 0.027083333333333334
0 0.7740610328638498 0.26458333333333334 0.02464788732394366 0.041666666666666664
0 0.8814553990610329 0.24791666666666667 0.03286384976525822 0.05416666666666667
0 0.954225352112676 0.27708333333333335 0.028169014084507043 0.058333333333333334
0 0.9935446009389671 0.24270833333333333 0.03169014084507042 0.07708333333333334
