0 0.15494505494505495 0.8427083333333333 0.06813186813186813 0.11458333333333333
0 0.0038461538461538464 0.8427083333333333 0.06043956043956044 0.14791666666666667
0 0.03406593406593406 0.47604166666666664 0.01098901098901099 0.01875
0 0.13901098901098902 0.5322916666666667 0.007692307692307693 0.014583333333333334
0 0.16758241758241757 0.5322916666666667 0.007692307692307693 0.014583333333333334
0 0.23956043956043957 0.5270833333333333 0.017582417582417582 0.10833333333333334
0 0.3598901098901099 0.5052083333333334 0.02967032967032967 0.06041666666666667
0 0.4340659340659341 0.49375 0.008791208791208791 0.016666666666666666
0 0.45054945054945056 0.47604166666666664 0.008791208791208791 0.022916666666666665
0 0.5104395604395604 0.4739583333333333 0.020879120879120878 0.04791666666666667
0 0.5269230769230769 0.48020833333333335 0.023076923076923078 0.04791666666666667
0 0.5104395604395604 0.5552083333333333 0.038461538461538464 0.08125
0 0.560989010989011 0.490625 0.005494505494505495 0.010416666666666666
0 0.5906593406593407 0.49166666666666664 0.007692307692307693 0.0125
0 0.6307692307692307 0.5177083333333333 0.06373626373626373 0.13958333333333334
0 0.7241758241758242 0.46979166666666666 0.05054945054945055 0.10625
0 0.782967032967033 0.5635416666666667 0.00989010989010989 0.01875
0 0.8186813186813187 0.5635416666666667 0.01098901098901099 0.01875
0 0.8527472527472527 0.5 0.05274725274725275 0.09583333333333334
0 0.9928571428571429 0.6104166666666667 0.01868131868131868 0.03333333333333333
0 -0.08186813186813187 0.459375 0.05384615384615385 0.12291666666666666
0 0.5774725274725274 0.49270833333333336 0.005494505494505495 0.010416666666666666
0 0.4126373626373626 0.5114583333333333 0.005494505494505495 0.010416666666666666
