0 0.02619047619047619 0.3476190476190476 0.0746031746031746 0.11428571428571428
0 0.22301587301587303 0.44047619047619047 0.03015873015873016 0.047619047619047616
0 0.24126984126984127 0.42142857142857143 0.025396825396825397 0.03333333333333333
0 0.09365079365079365 0.43452380952380953 0.012698412698412698 0.02142857142857143
0 0.16031746031746033 0.43333333333333335 0.009523809523809525 0.014285714285714285
0 0.18412698412698414 0.4297619047619048 0.009523809523809525 0.016666666666666666
0 0.2849206349206349 0.44642857142857145 0.007936507936507936 0.011904761904761904
0 0.2920634920634921 0.43333333333333335 0.009523809523809525 0.014285714285714285
0 0.3682539682539683 0.4380952380952381 0.03492063492063492 0.05238095238095238
0 0.4595238095238095 0.44285714285714284 0.03650793650793651 0.05714285714285714
0 0.5246031746031746 0.41785714285714287 0.03015873015873016 0.04047619047619048
0 0.6333333333333333 0.4142857142857143 0.03492063492063492 0.06190476190476191
0 0.776984126984127 0.4226190476190476 0.05238095238095238 0.09285714285714286
0 0.9126984126984127 0.430952380952381 0.05714285714285714 0.09523809523809523
0 0.39126984126984127 0.44761904761904764 0.01746031746031746 0.023809523809523808
0 0.40555555555555556 0.4452380952380952 0.011111111111111112 0.01904761904761905
0 0.4222222222222222 0.44761904761904764 0.012698412698412698 0.023809523809523808
0 0.43333333333333335 0.4488095238095238 0.01904761904761905 0.02619047619047619
0 0.4928571428571429 0.4488095238095238 0.023809523809523808 0.04047619047619048
0 0.5722222222222222 0.45714285714285713 0.026984126984126985 0.047619047619047616
0 0.6103174603174604 0.4107142857142857 0.03333333333333333 0.06428571428571428
0 0.6944444444444444 0.4357142857142857 0.023809523809523808 0.03333333333333333
0 0.7166666666666667 0.4511904761904762 0.014285714285714285 0.02142857142857143
0 0.8134920634920635 0.39285714285714285 0.03650793650793651 0.06666666666666667
0 0.8603174603174604 0.42142857142857143 0.025396825396825397 0.03333333333333333
0 0.9547619047619048 0.39285714285714285 0.03015873015873016 0.047619047619047616
