0 0.9403073286052009 0.7333333333333333 0.015366430260047281 0.03333333333333333
0 0.9243498817966903 0.7208333333333333 0.018912529550827423 0.0375
0 0.9663120567375887 0.7072916666666667 0.013002364066193853 0.022916666666666665
0 0.8900709219858156 0.6989583333333333 0.009456264775413711 0.014583333333333334
0 0.8812056737588653 0.70625 0.008274231678486997 0.016666666666666666
0 0.8634751773049646 0.7020833333333333 0.008274231678486997 0.016666666666666666
0 0.8534278959810875 0.7020833333333333 0.0070921985815602835 0.0125
0 0.9001182033096927 0.6927083333333334 0.008274231678486997 0.014583333333333334
0 0.8203309692671394 0.7010416666666667 0.004728132387706856 0.010416666666666666
0 0.83274231678487 0.6989583333333333 0.00591016548463357 0.010416666666666666
0 0.8321513002364066 0.7 0.004728132387706856 0.008333333333333333
0 0.7860520094562647 0.70625 0.0070921985815602835 0.0125
0 0.7470449172576832 0.6989583333333333 0.004728132387706856 0.010416666666666666
0 0.7275413711583925 0.6989583333333333 0.00591016548463357 0.010416666666666666
0 0.7239952718676123 0.7 0.00591016548463357 0.0125
0 0.6749408983451537 0.7135416666666666 0.009456264775413711 0.01875
0 0.6560283687943262 0.70625 0.009456264775413711 0.016666666666666666
0 0.6471631205673759 0.7052083333333333 0.008274231678486997 0.01875
0 0.6300236406619385 0.7375 0.018912529550827423 0.09166666666666666
0 0.6199763593380615 0.69375 0.00591016548463357 0.0125
0 0.6063829787234043 0.7 0.0070921985815602835 0.0125
0 0.6057919621749409 0.6979166666666666 0.00591016548463357 0.0125
0 0.5892434988179669 0.703125 0.008274231678486997 0.014583333333333334
0 0.5721040189125296 0.6947916666666667 0.0070921985815602835 0.014583333333333334
0 0.5608747044917257 0.7427083333333333 0.010638297872340425 0.01875
0 0.5360520094562647 0.7229166666666667 0.010638297872340425 0.016666666666666666
0 0.5183215130023641 0.6958333333333333 0.00591016548463357 0.008333333333333333
0 0.5289598108747045 0.7052083333333333 0.008274231678486997 0.014583333333333334
0 0.49822695035460995 0.725 0.015366430260047281 0.0875
0 0.4864066193853428 0.709375 0.008274231678486997 0.014583333333333334
0 0.4781323877068558 0.759375 0.024822695035460994 0.12708333333333333
0 0.4645390070921986 0.703125 0.009456264775413711 0.01875
0 0.4793144208037825 0.69375 0.008274231678486997 0.016666666666666666
0 0.44976359338061467 0.7041666666666667 0.008274231678486997 0.016666666666666666
0 0.4326241134751773 0.7 0.009456264775413711 0.020833333333333332
0 0.41725768321513 0.7010416666666667 0.004728132387706856 0.010416666666666666
0 0.40425531914893614 0.6979166666666666 0.0070921985815602835 0.0125
0 0.3912529550827423 0.7020833333333333 0.009456264775413711 0.016666666666666666
