0 0.25821596244131456 0.5020833333333333 0.02112676056338028 0.0375
0 0.7687793427230047 0.5291666666666667 0.01643192488262911 0.029166666666666667
0 0.9448356807511737 0.475 0.018779342723004695 0.0375
0 0.8221830985915493 0.39166666666666666 0.005868544600938967 0.0125
0 0.8397887323943662 0.41354166666666664 0.005868544600938967 0.010416666666666666
0 0.8251173708920188 0.4666666666666667 0.007042253521126761 0.0125
0 0.7887323943661971 0.3927083333333333 0.007042253521126761 0.014583333333333334
0 0.7828638497652582 0.39479166666666665 0.007042253521126761 0.014583333333333334
0 0.8028169014084507 0.41875 0.01643192488262911 0.0625
0 0.8063380281690141 0.3958333333333333 0.007042253521126761 0.0125
0 0.7869718309859155 0.43333333333333335 0.005868544600938967 0.008333333333333333
0 0.7335680751173709 0.44375 0.014084507042253521 0.04583333333333333
0 0.7453051643192489 0.4427083333333333 0.011737089201877934 0.04791666666666667
0 0.7482394366197183 0.42604166666666665 0.0035211267605633804 0.00625
0 0.8086854460093896 0.4791666666666667 0.007042253521126761 0.0125
0 0.027582159624413145 0.61875 0.008215962441314555 0.0125
0 0.04870892018779343 0.5770833333333333 0.01056338028169014 0.016666666666666666
0 0.05927230046948357 0.6114583333333333 0.01056338028169014 0.01875
0 0.07629107981220658 0.5947916666666667 0.011737089201877934 0.01875
0 0.09859154929577464 0.5791666666666667 0.011737089201877934 0.020833333333333332
0 0.11913145539906103 0.5854166666666667 0.01056338028169014 0.0125
0 0.1414319248826291 0.5729166666666666 0.012910798122065728 0.020833333333333332
0 0.18544600938967137 0.58125 0.009389671361502348 0.016666666666666666
0 0.2007042253521127 0.6229166666666667 0.01643192488262911 0.1
0 0.2136150234741784 0.578125 0.009389671361502348 0.01875
0 0.03169014084507042 0.5770833333333333 0.009389671361502348 0.016666666666666666
0 0.018192488262910797 0.6229166666666667 0.017605633802816902 0.09166666666666666
0 0.40316901408450706 0.578125 0.008215962441314555 0.014583333333333334
0 0.4595070422535211 0.609375 0.02699530516431925 0.08125
