0 0.14065934065934066 0.5520833333333334 0.01978021978021978 0.0375
0 0.19945054945054946 0.5864583333333333 0.012087912087912088 0.022916666666666665
0 0.21813186813186813 0.653125 0.03626373626373627 0.13958333333333334
0 0.25274725274725274 0.5875 0.01098901098901099 0.025
0 0.32472527472527474 0.5791666666666667 0.014285714285714285 0.025
0 0.3384615384615385 0.5822916666666667 0.01098901098901099 0.027083333333333334
0 0.49725274725274726 0.6447916666666667 0.005494505494505495 0.010416666666666666
0 0.515934065934066 0.6520833333333333 0.005494505494505495 0.0125
0 0.47692307692307695 0.39375 0.03296703296703297 0.0625
0 0.5445054945054945 0.44166666666666665 0.027472527472527472 0.05
0 0.5763736263736263 0.621875 0.012087912087912088 0.01875
0 0.5967032967032967 0.61875 0.01098901098901099 0.025
0 0.5868131868131868 0.5645833333333333 0.01098901098901099 0.029166666666666667
0 0.6186813186813187 0.41875 0.01978021978021978 0.04583333333333333
0 0.6873626373626374 0.32083333333333336 0.031868131868131866 0.06666666666666667
0 0.7252747252747253 0.38333333333333336 0.03736263736263736 0.07916666666666666
