0 0.2699530516431925 0.775 0.01643192488262911 0.0375
0 0.3145539906103286 0.7895833333333333 0.01643192488262911 0.03333333333333333
0 0.31514084507042256 0.78125 0.015258215962441314 0.025
0 0.33215962441314556 0.7885416666666667 0.011737089201877934 0.027083333333333334
0 0.35563380281690143 0.7677083333333333 0.009389671361502348 0.01875
0 0.3626760563380282 0.803125 0.011737089201877934 0.022916666666666665
0 0.4072769953051643 0.7989583333333333 0.014084507042253521 0.027083333333333334
0 0.4424882629107981 0.7927083333333333 0.011737089201877934 0.027083333333333334
0 0.49589201877934275 0.7666666666666667 0.015258215962441314 0.025
0 0.5223004694835681 0.775 0.014084507042253521 0.029166666666666667
0 0.5041079812206573 0.8072916666666666 0.015258215962441314 0.03125
0 0.5357981220657277 0.7635416666666667 0.015258215962441314 0.03125
0 0.5322769953051644 0.8020833333333334 0.015258215962441314 0.03333333333333333
0 0.6244131455399061 0.790625 0.018779342723004695 0.03958333333333333
0 0.687793427230047 0.7802083333333333 0.01643192488262911 0.03125
0 0.767018779342723 0.8197916666666667 0.015258215962441314 0.027083333333333334
0 0.6384976525821596 0.79375 0.03990610328638498 0.08333333333333333
