0 0.054 0.6885245901639344 0.094 0.14605067064083457
0 0.0095 0.6281669150521609 0.063 0.11177347242921014
0 0.186 0.6073025335320418 0.07 0.13263785394932937
0 0.242 0.5879284649776453 0.056 0.12369597615499255
0 0.287 0.5804769001490313 0.066 0.14754098360655737
0 0.3375 0.710134128166915 0.141 0.2399403874813711
0 0.4215 0.5953800298062594 0.069 0.13263785394932937
0 0.513 0.6631892697466468 0.076 0.15201192250372578
0 0.619 0.589418777943368 0.066 0.14157973174366617
0 0.5875 0.5320417287630402 0.017 0.029806259314456036
0 0.6825 0.5305514157973175 0.019 0.029806259314456036
0 0.763 0.6952309985096871 0.092 0.14754098360655737
0 0.913 0.8002980625931445 0.134 0.18479880774962743
0 0.94 0.6117734724292101 0.084 0.14456035767511177
0 0.463 0.5625931445603577 0.02 0.037257824143070044
