0 0.036875 0.48 0.02875 0.043333333333333335
0 0.236875 0.485 0.04625 0.06333333333333334
0 0.19125 0.46416666666666667 0.02 0.03166666666666667
0 0.266875 0.44 0.02125 0.04
0 0.33375 0.44916666666666666 0.03 0.045
0 0.31875 0.46416666666666667 0.0225 0.03166666666666667
0 0.370625 0.45666666666666667 0.01875 0.03
0 0.41125 0.4708333333333333 0.0175 0.025
0 0.48125 0.4741666666666667 0.015 0.025
0 0.525625 0.46166666666666667 0.01375 0.02
0 0.563125 0.44916666666666666 0.01125 0.018333333333333333
0 0.605625 0.45166666666666666 0.01125 0.016666666666666666
0 0.659375 0.4508333333333333 0.02125 0.028333333333333332
0 0.6975 0.4625 0.0125 0.018333333333333333
0 0.751875 0.4191666666666667 0.04125 0.06166666666666667
0 0.776875 0.38416666666666666 0.04375 0.065
0 0.9325 0.4791666666666667 0.03 0.03833333333333333
0 0.884375 0.4508333333333333 0.03125 0.03833333333333333
0 0.450625 0.4666666666666667 0.00875 0.013333333333333334
0 0.47375 0.4708333333333333 0.01 0.015
