0 0.03333333333333333 0.4706521739130435 0.04 0.05434782608695652
0 0.10166666666666667 0.4043478260869565 0.03333333333333333 0.0391304347826087
0 0.13083333333333333 0.3978260869565217 0.015 0.021739130434782608
0 0.1725 0.4097826086956522 0.021666666666666667 0.02391304347826087
0 0.18 0.4043478260869565 0.016666666666666666 0.030434782608695653
0 0.215 0.42282608695652174 0.02 0.02826086956521739
0 0.22583333333333333 0.4608695652173913 0.03166666666666667 0.05652173913043478
0 0.3 0.4608695652173913 0.02666666666666667 0.043478260869565216
0 0.31916666666666665 0.5793478260869566 0.065 0.10217391304347827
0 0.44583333333333336 0.45217391304347826 0.028333333333333332 0.0391304347826087
0 0.555 0.46195652173913043 0.023333333333333334 0.03260869565217391
0 0.6241666666666666 0.42391304347826086 0.028333333333333332 0.04782608695652174
0 0.7866666666666666 0.44456521739130433 0.03333333333333333 0.058695652173913045
0 0.7816666666666666 0.3739130434782609 0.01 0.013043478260869565
0 0.9216666666666666 0.40217391304347827 0.013333333333333334 0.017391304347826087
0 0.9683333333333334 0.3869565217391304 0.013333333333333334 0.017391304347826087
0 0.9383333333333334 0.5695652173913044 0.03666666666666667 0.04782608695652174
