0 0.027994791666666668 0.3404947916666667 0.016927083333333332 0.01953125
0 0.048828125 0.3365885416666667 0.009114583333333334 0.01171875
0 0.16536458333333334 0.3795572916666667 0.015625 0.01953125
0 0.19401041666666666 0.3873697916666667 0.013020833333333334 0.014322916666666666
0 0.201171875 0.4342447916666667 0.014322916666666666 0.014322916666666666
0 0.2682291666666667 0.4915364583333333 0.020833333333333332 0.022135416666666668
0 0.35546875 0.3984375 0.015625 0.018229166666666668
0 0.4166666666666667 0.4029947916666667 0.015625 0.014322916666666666
0 0.521484375 0.4641927083333333 0.01171875 0.01171875
0 0.572265625 0.38671875 0.014322916666666666 0.018229166666666668
0 0.5950520833333334 0.4055989583333333 0.015625 0.016927083333333332
0 0.6497395833333334 0.376953125 0.013020833333333334 0.014322916666666666
0 0.6087239583333334 0.5104166666666666 0.02734375 0.03125
0 0.619140625 0.53125 0.024739583333333332 0.026041666666666668
0 0.6419270833333334 0.5227864583333334 0.020833333333333332 0.022135416666666668
0 0.66796875 0.498046875 0.0234375 0.029947916666666668
0 0.6555989583333334 0.4908854166666667 0.022135416666666668 0.0234375
0 0.712890625 0.5546875 0.03515625 0.036458333333333336
0 0.7311197916666666 0.537109375 0.029947916666666668 0.03515625
0 0.7662760416666666 0.4811197916666667 0.024739583333333332 0.024739583333333332
0 0.8704427083333334 0.4986979166666667 0.02734375 0.028645833333333332
0 0.9505208333333334 0.3984375 0.015625 0.018229166666666668
