0 0.855 0.5963855421686747 0.032 0.05421686746987952
0 0.8235 0.5662650602409639 0.027 0.04819277108433735
0 0.7615 0.6144578313253012 0.029 0.0391566265060241
0 0.8235 0.5662650602409639 0.027 0.045180722891566265
0 0.691 0.5512048192771084 0.026 0.04819277108433735
0 0.6105 0.5346385542168675 0.031 0.06325301204819277
0 0.6 0.5579819277108434 0.028 0.03765060240963856
0 0.631 0.5662650602409639 0.026 0.04216867469879518
0 0.674 0.5805722891566265 0.022 0.03765060240963856
0 0.5375 0.5768072289156626 0.025 0.03313253012048193
0 0.4975 0.5978915662650602 0.019 0.02710843373493976
0 0.438 0.5881024096385542 0.014 0.022590361445783132
0 0.7185 0.634789156626506 0.013 0.022590361445783132
0 0.819 0.6393072289156626 0.02 0.03162650602409638
