0 0.02992957746478873 0.60625 0.015258215962441314 0.025
0 0.20539906103286384 0.5197916666666667 0.035211267605633804 0.06458333333333334
0 0.2318075117370892 0.5677083333333334 0.029342723004694836 0.04375
0 0.27699530516431925 0.5364583333333334 0.018779342723004695 0.03958333333333333
0 0.38615023474178406 0.56875 0.01643192488262911 0.03333333333333333
0 0.3873239436619718 0.5489583333333333 0.02112676056338028 0.04375
0 0.3615023474178404 0.5416666666666666 0.011737089201877934 0.020833333333333332
0 0.43603286384976525 0.5208333333333334 0.012910798122065728 0.025
0 0.4876760563380282 0.5416666666666666 0.012910798122065728 0.020833333333333332
0 0.5 0.5333333333333333 0.014084507042253521 0.029166666666666667
0 0.5346244131455399 0.540625 0.01056338028169014 0.022916666666666665
0 0.5639671361502347 0.5447916666666667 0.02699530516431925 0.05625
0 0.5234741784037559 0.5375 0.007042253521126761 0.016666666666666666
0 0.5886150234741784 0.5364583333333334 0.012910798122065728 0.022916666666666665
0 0.6607981220657277 0.534375 0.025821596244131457 0.052083333333333336
0 0.6244131455399061 0.5333333333333333 0.01643192488262911 0.0375
0 0.7435446009389671 0.528125 0.01995305164319249 0.03958333333333333
0 0.8080985915492958 0.5625 0.01995305164319249 0.041666666666666664
0 0.8656103286384976 0.5375 0.03169014084507042 0.04583333333333333
0 0.8485915492957746 0.5427083333333333 0.02112676056338028 0.035416666666666666
0 0.8116197183098591 0.603125 0.01995305164319249 0.035416666666666666
0 0.8908450704225352 0.5614583333333333 0.028169014084507043 0.052083333333333336
