0 0.1328125 0.20246085011185683 0.0125 0.020134228187919462
0 0.146875 0.29642058165548096 0.03125 0.1185682326621924
0 0.07578125 0.29082774049217003 0.0203125 0.026845637583892617
0 0.0875 0.319910514541387 0.028125 0.035794183445190156
0 0.1296875 0.28187919463087246 0.025 0.035794183445190156
0 0.1671875 0.3143176733780761 0.021875 0.03355704697986577
0 0.034375 0.2796420581655481 0.025 0.040268456375838924
0 0.13515625 0.4105145413870246 0.0265625 0.04697986577181208
0 0.153125 0.4250559284116331 0.040625 0.06263982102908278
0 0.35078125 0.19910514541387025 0.0140625 0.02237136465324385
0 0.41015625 0.18791946308724833 0.0078125 0.013422818791946308
0 0.44375 0.1890380313199105 0.0125 0.020134228187919462
0 0.2703125 0.24272930648769575 0.015625 0.024608501118568233
0 0.3265625 0.23937360178970918 0.01875 0.035794183445190156
0 0.41328125 0.2494407158836689 0.0234375 0.03803131991051454
0 0.2671875 0.37472035794183445 0.046875 0.08277404921700224
0 0.3734375 0.39038031319910516 0.04375 0.06935123042505593
0 0.5125 0.24720357941834453 0.028125 0.042505592841163314
0 0.6 0.2740492170022371 0.025 0.03355704697986577
0 0.62734375 0.47651006711409394 0.0203125 0.03131991051454139
0 0.73984375 0.25279642058165547 0.0171875 0.035794183445190156
0 0.809375 0.34675615212527966 0.03125 0.053691275167785234
0 0.98515625 0.3243847874720358 0.0265625 0.049217002237136466
0 0.88046875 0.5626398210290827 0.0671875 0.10514541387024609
