0 0.107981220657277 0.7791666666666667 0.08215962441314555 0.09583333333333334
0 0.176056338028169 0.7375 0.03990610328638498 0.07916666666666666
0 0.018779342723004695 0.6072916666666667 0.03990610328638498 0.06875
0 0.05046948356807512 0.578125 0.03051643192488263 0.052083333333333336
0 0.13556338028169015 0.5166666666666667 0.01995305164319249 0.03333333333333333
0 0.20657276995305165 0.5885416666666666 0.03286384976525822 0.05625
0 0.24413145539906103 0.55625 0.035211267605633804 0.06666666666666667
0 0.35563380281690143 0.6645833333333333 0.035211267605633804 0.0625
0 0.4072769953051643 0.6729166666666667 0.03755868544600939 0.07083333333333333
0 0.3515258215962441 0.596875 0.03169014084507042 0.06041666666666667
0 0.7617370892018779 0.7114583333333333 0.04460093896713615 0.09375
0 0.4653755868544601 0.49166666666666664 0.012910798122065728 0.03333333333333333
0 0.12910798122065728 0.5020833333333333 0.014084507042253521 0.029166666666666667
0 0.16490610328638497 0.49270833333333336 0.012910798122065728 0.022916666666666665
0 0.18720657276995306 0.496875 0.012910798122065728 0.022916666666666665
0 0.22241784037558684 0.5020833333333333 0.012910798122065728 0.025
0 0.2494131455399061 0.48333333333333334 0.012910798122065728 0.029166666666666667
0 0.301056338028169 0.490625 0.01056338028169014 0.022916666666666665
0 0.32981220657276994 0.4875 0.011737089201877934 0.025
0 0.3703051643192488 0.49895833333333334 0.012910798122065728 0.022916666666666665
0 0.36384976525821594 0.48125 0.009389671361502348 0.020833333333333332
0 0.2764084507042254 0.478125 0.008215962441314555 0.014583333333333334
0 0.392018779342723 0.47291666666666665 0.009389671361502348 0.020833333333333332
0 0.42664319248826293 0.4739583333333333 0.008215962441314555 0.014583333333333334
0 0.44835680751173707 0.478125 0.009389671361502348 0.01875
0 0.6150234741784038 0.49375 0.014084507042253521 0.025
0 0.6719483568075117 0.5 0.012910798122065728 0.025
0 0.5152582159624414 0.48854166666666665 0.009389671361502348 0.022916666666666665
0 0.5363849765258216 0.490625 0.009389671361502348 0.01875
0 0.5715962441314554 0.475 0.009389671361502348 0.020833333333333332
0 0.596830985915493 0.4739583333333333 0.008215962441314555 0.014583333333333334
0 0.6279342723004695 0.49270833333333336 0.011737089201877934 0.022916666666666665
0 0.6484741784037559 0.4791666666666667 0.01056338028169014 0.020833333333333332
0 0.6801643192488263 0.48125 0.01056338028169014 0.020833333333333332
0 0.8028169014084507 0.5197916666666667 0.01643192488262911 0.03125
0 0.7400234741784038 0.4864583333333333 0.015258215962441314 0.03125
0 0.7488262910798122 0.4822916666666667 0.007042253521126761 0.01875
0 0.7247652582159625 0.459375 0.008215962441314555 0.014583333333333334
0 0.8609154929577465 0.48020833333333335 0.015258215962441314 0.03125
0 0.8268779342723005 0.5083333333333333 0.015258215962441314 0.029166666666666667
0 0.79518779342723 0.5020833333333333 0.015258215962441314 0.029166666666666667
0 0.8321596244131455 0.47708333333333336 0.014084507042253521 0.029166666666666667
