0 0.09683098591549295 0.7864583333333334 0.04107981220657277 0.09791666666666667
0 0.2106807511737089 0.7354166666666667 0.022300469483568074 0.05416666666666667
0 0.23826291079812206 0.74375 0.025821596244131457 0.041666666666666664
0 0.272887323943662 0.7375 0.022300469483568074 0.041666666666666664
0 0.3814553990610329 0.7625 0.03286384976525822 0.06666666666666667
0 0.33568075117370894 0.71875 0.025821596244131457 0.05
0 0.47300469483568075 0.7583333333333333 0.03051643192488263 0.0625
0 0.5639671361502347 0.765625 0.022300469483568074 0.03958333333333333
0 0.5269953051643192 0.7614583333333333 0.01643192488262911 0.03125
0 0.4495305164319249 0.740625 0.028169014084507043 0.05625
0 0.09389671361502347 0.74375 0.04460093896713615 0.0875
0 0.13732394366197184 0.746875 0.028169014084507043 0.07291666666666667
0 0.031103286384976527 0.7520833333333333 0.029342723004694836 0.06666666666666667
0 0.6437793427230047 0.7770833333333333 0.02699530516431925 0.05416666666666667
0 0.6502347417840375 0.9427083333333334 0.025821596244131457 0.035416666666666666
0 0.7177230046948356 0.7802083333333333 0.02699530516431925 0.052083333333333336
0 0.7676056338028169 0.746875 0.03051643192488263 0.05625
0 0.8550469483568075 0.7489583333333333 0.03169014084507042 0.06041666666666667
0 0.8849765258215962 0.775 0.03990610328638498 0.075
0 0.9442488262910798 0.7916666666666666 0.03873239436619718 0.075
0 0.1954225352112676 0.7708333333333334 0.015258215962441314 0.03333333333333333
0 0.8339201877934272 0.7541666666666667 0.01995305164319249 0.0375
