0 0.9645833333333333 0.36 0.0375 0.06
0 0.8340277777777778 0.3375 0.034722222222222224 0.07
0 0.7798611111111111 0.35125 0.0375 0.0775
0 0.65 0.34875 0.03611111111111111 0.0625
0 0.6638888888888889 0.375 0.025 0.05
0 0.5486111111111112 0.3725 0.027777777777777776 0.045
0 0.5583333333333333 0.36375 0.027777777777777776 0.0525
0 0.4909722222222222 0.3575 0.02638888888888889 0.05
0 0.44513888888888886 0.315 0.034722222222222224 0.07
0 0.42083333333333334 0.34875 0.044444444444444446 0.0725
0 0.38680555555555557 0.32875 0.03194444444444444 0.0675
0 0.29305555555555557 0.325 0.03611111111111111 0.075
0 0.22152777777777777 0.3875 0.043055555555555555 0.075
0 0.1798611111111111 0.395 0.029166666666666667 0.055
