0 0.5023094688221709 0.2734615384615385 0.12702078521939955 0.09
0 0.9838337182448037 0.06538461538461539 0.08775981524249422 0.06923076923076923
0 0.8377598152424942 0.061153846153846156 0.07736720554272518 0.057692307692307696
0 0.8452655889145496 0.046538461538461535 0.08314087759815242 0.04846153846153846
0 0.7009237875288684 0.04461538461538461 0.06697459584295612 0.05692307692307692
0 0.714203233256351 0.02076923076923077 0.06351039260969978 0.05384615384615385
0 0.5854503464203233 0.040769230769230766 0.050808314087759814 0.047692307692307694
0 0.5178983833718245 0.03 0.07043879907621248 0.05692307692307692
0 0.48267898383371827 0.08307692307692308 0.08314087759815242 0.08307692307692308
0 0.4491916859122402 0.04115384615384615 0.06697459584295612 0.06076923076923077
0 0.3262124711316397 0.04 0.07043879907621248 0.05846153846153846
0 0.2245958429561201 0.0876923076923077 0.09353348729792148 0.06769230769230769
0 0.03983833718244804 0.09 0.08891454965357967 0.08153846153846153
0 0.09930715935334873 0.02576923076923077 0.08775981524249422 0.057692307692307696
0 0.3712471131639723 0.011923076923076923 0.05196304849884527 0.03461538461538462
0 0.20554272517321015 0.016153846153846154 0.050808314087759814 0.04153846153846154
0 0.9872979214780601 0.06230769230769231 0.08314087759815242 0.08153846153846153
0 0.9093533487297921 0.06346153846153846 0.05889145496535797 0.03923076923076923
0 0.8556581986143187 0.027692307692307693 0.057736720554272515 0.046153846153846156
0 0.37355658198614317 0.012692307692307692 0.061200923787528866 0.03923076923076923
0 0.2852193995381062 0.03653846153846154 0.06466512702078522 0.06384615384615384
0 0.15011547344110854 -0.0003846153846153846 0.03926096997690531 0.03307692307692308
