0 0.35093896713615025 0.37083333333333335 0.10328638497652583 0.2125
0 0.4107981220657277 0.059375 0.04460093896713615 0.10625
0 0.6120892018779343 0.009375 0.04107981220657277 0.07708333333333334
0 0.8186619718309859 -0.01875 0.04812206572769953 0.0875
0 0.7359154929577465 0.203125 0.023474178403755867 0.03958333333333333
0 0.6960093896713615 0.23333333333333334 0.01643192488262911 0.03333333333333333
0 0.5252347417840375 0.18645833333333334 0.022300469483568074 0.035416666666666666
0 0.47183098591549294 0.1875 0.02112676056338028 0.04583333333333333
0 0.9278169014084507 0.2989583333333333 0.01056338028169014 0.01875
0 0.795774647887324 0.13333333333333333 0.023474178403755867 0.04583333333333333
0 0.7253521126760564 0.23125 0.01643192488262911 0.03333333333333333
