0 0.755868544600939 0.08229166666666667 0.03990610328638498 0.09375
0 0.8204225352112676 0.05520833333333333 0.04225352112676056 0.09791666666666667
0 0.8755868544600939 0.34791666666666665 0.02112676056338028 0.041666666666666664
0 0.8573943661971831 0.35520833333333335 0.017605633802816902 0.035416666666666666
0 0.7529342723004695 0.44166666666666665 0.012910798122065728 0.020833333333333332
0 0.6414319248826291 0.3927083333333333 0.015258215962441314 0.035416666666666666
0 0.6056338028169014 0.38229166666666664 0.01643192488262911 0.03958333333333333
0 0.5616197183098591 0.453125 0.012910798122065728 0.01875
0 0.522887323943662 0.4791666666666667 0.008215962441314555 0.016666666666666666
0 0.4688967136150235 0.296875 0.022300469483568074 0.052083333333333336
0 0.48532863849765256 0.4822916666666667 0.008215962441314555 0.014583333333333334
0 0.45011737089201875 0.4010416666666667 0.015258215962441314 0.027083333333333334
0 0.4225352112676056 0.49166666666666664 0.007042253521126761 0.0125
0 0.3984741784037559 0.49375 0.008215962441314555 0.016666666666666666
0 0.38204225352112675 0.5010416666666667 0.008215962441314555 0.014583333333333334
0 0.36561032863849763 0.4979166666666667 0.008215962441314555 0.016666666666666666
0 0.3397887323943662 0.415625 0.017605633802816902 0.03958333333333333
0 0.3086854460093897 0.434375 0.014084507042253521 0.027083333333333334
0 0.28169014084507044 0.3375 0.023474178403755867 0.041666666666666664
0 0.20657276995305165 0.43645833333333334 0.014084507042253521 0.027083333333333334
0 0.2300469483568075 0.49270833333333336 0.009389671361502348 0.01875
0 0.25528169014084506 0.42604166666666665 0.015258215962441314 0.03125
0 0.16314553990610328 0.30520833333333336 0.03051643192488263 0.05625
0 0.08626760563380281 0.26458333333333334 0.03169014084507042 0.07083333333333333
0 0.11913145539906103 0.4395833333333333 0.01056338028169014 0.025
0 0.0528169014084507 0.496875 0.011737089201877934 0.022916666666666665
0 0.027582159624413145 0.5041666666666667 0.01056338028169014 0.020833333333333332
0 0.6836854460093896 0.475 0.02464788732394366 0.14166666666666666
