0 0.761328125 0.37552083333333336 0.11640625 0.228125
0 0.8546875 0.3223958333333333 0.0828125 0.115625
0 0.891796875 0.29010416666666666 0.05234375 0.08020833333333334
0 0.987109375 0.3723958333333333 0.04453125 0.07395833333333333
0 0.679296875 0.33958333333333335 0.06171875 0.09166666666666666
0 0.54140625 0.3375 0.0453125 0.07083333333333333
0 0.5265625 0.3255208333333333 0.028125 0.05520833333333333
0 0.4 0.3572916666666667 0.071875 0.06666666666666667
0 0.45859375 0.40989583333333335 0.0453125 0.065625
0 0.2390625 0.3640625 0.0484375 0.06979166666666667
0 0.188671875 0.334375 0.08515625 0.11458333333333333
0 0.04296875 0.41302083333333334 0.0484375 0.08020833333333334
