0 0.09722222222222222 0.6151960784313726 0.07679738562091504 0.09967320261437909
0 0.1895424836601307 0.6094771241830066 0.06535947712418301 0.0784313725490196
0 0.3488562091503268 0.6944444444444444 0.09313725490196079 0.09477124183006536
0 0.4272875816993464 0.6339869281045751 0.04411764705882353 0.05228758169934641
0 0.46568627450980393 0.6813725490196079 0.03594771241830065 0.0392156862745098
0 0.2508169934640523 0.5947712418300654 0.024509803921568627 0.032679738562091505
0 0.3684640522875817 0.6339869281045751 0.04084967320261438 0.049019607843137254
0 0.45669934640522875 0.6339869281045751 0.027777777777777776 0.0392156862745098
0 0.5375816993464052 0.613562091503268 0.026143790849673203 0.03758169934640523
0 0.6151960784313726 0.625 0.04084967320261438 0.04738562091503268
0 0.613562091503268 0.5996732026143791 0.03758169934640523 0.042483660130718956
0 0.7001633986928104 0.6151960784313726 0.04411764705882353 0.05718954248366013
0 0.7165032679738562 0.5964052287581699 0.03758169934640523 0.05228758169934641
0 0.7851307189542484 0.636437908496732 0.05718954248366013 0.06372549019607843
0 0.880718954248366 0.630718954248366 0.05228758169934641 0.06209150326797386
0 0.8129084967320261 0.5931372549019608 0.04084967320261438 0.049019607843137254
0 0.8684640522875817 0.5988562091503268 0.03104575163398693 0.03758169934640523
0 0.9248366013071896 0.6102941176470589 0.02287581699346405 0.027777777777777776
0 0.7671568627450981 0.5882352941176471 0.017973856209150325 0.0196078431372549
0 0.16339869281045752 0.6552287581699346 0.05555555555555555 0.058823529411764705
