0 -0.013157894736842105 0.665 0.03263157894736842 0.07
0 0.027894736842105264 0.623 0.030526315789473683 0.062
0 0.04473684210526316 0.673 0.03684210526315789 0.082
0 0.07157894736842105 0.679 0.042105263157894736 0.094
0 0.08105263157894736 0.654 0.031578947368421054 0.08
0 0.12421052631578948 0.674 0.029473684210526315 0.068
0 0.16052631578947368 0.668 0.028421052631578948 0.068
0 0.19105263157894736 0.741 0.03894736842105263 0.094
0 0.21 0.661 0.028421052631578948 0.07
0 0.20473684210526316 0.592 0.030526315789473683 0.052
0 0.24 0.594 0.029473684210526315 0.076
0 0.2789473684210526 0.74 0.035789473684210524 0.092
0 0.36526315789473685 0.71 0.037894736842105266 0.092
0 0.29789473684210527 0.65 0.029473684210526315 0.076
0 0.3257894736842105 0.607 0.030526315789473683 0.074
0 0.37105263157894736 0.652 0.034736842105263156 0.08
0 0.3642105263157895 0.713 0.037894736842105266 0.086
0 0.4047368421052632 0.642 0.028421052631578948 0.068
0 0.41947368421052633 0.581 0.011578947368421053 0.022
0 0.4557894736842105 0.602 0.023157894736842106 0.048
0 0.44473684210526315 0.645 0.03684210526315789 0.082
0 0.47947368421052633 0.744 0.03894736842105263 0.088
0 0.5063157894736842 0.684 0.031578947368421054 0.068
0 0.5010526315789474 0.656 0.02736842105263158 0.068
0 0.5094736842105263 0.608 0.018947368421052633 0.04
0 0.5342105263157895 0.589 0.024210526315789474 0.054
0 0.5810526315789474 0.586 0.02526315789473684 0.064
0 0.5631578947368421 0.7 0.031578947368421054 0.08
0 0.5447368421052632 0.642 0.028421052631578948 0.064
0 0.6394736842105263 0.718 0.03894736842105263 0.088
0 0.6378947368421053 0.641 0.03368421052631579 0.078
0 0.6321052631578947 0.605 0.028421052631578948 0.058
0 0.6457894736842106 0.589 0.022105263157894735 0.058
0 0.6889473684210526 0.593 0.024210526315789474 0.054
0 0.71 0.622 0.028421052631578948 0.056
0 0.7463157894736843 0.609 0.02526315789473684 0.054
0 0.7152631578947368 0.691 0.04105263157894737 0.098
0 0.76 0.719 0.04 0.102
0 0.828421052631579 0.703 0.04421052631578947 0.086
0 0.8021052631578948 0.654 0.031578947368421054 0.068
0 0.8005263157894736 0.654 0.030526315789473683 0.068
0 0.7963157894736842 0.584 0.009473684210526316 0.02
0 0.9726315789473684 0.653 0.02736842105263158 0.07
0 0.9005263157894737 0.666 0.12526315789473685 0.256
