0 0.08283071974266185 0.46686746987951805 0.019300361881785282 0.030120481927710843
0 0.09871330920788098 0.46686746987951805 0.025331724969843185 0.03975903614457831
0 0.16948130277442702 0.4753012048192771 0.022114997989545637 0.03614457831325301
0 0.19601930036188178 0.47409638554216865 0.03337354242058705 0.04939759036144578
0 0.2312022517088862 0.47740963855421686 0.01769199839163651 0.031927710843373494
0 0.2728186570164857 0.4771084337349398 0.024527543224768796 0.03855421686746988
0 0.27543224768797747 0.4903614457831325 0.024929634097305992 0.043373493975903614
0 0.35142742259750703 0.45451807228915664 0.029754724567752314 0.053614457831325305
0 0.34298351427422596 0.4771084337349398 0.016887816646562123 0.03132530120481928
0 0.3100120627261761 0.4716867469879518 0.02814636107760354 0.04457831325301205
0 0.49658222758343384 0.4786144578313253 0.029754724567752314 0.04879518072289157
0 0.7326095697627664 0.4734939759036145 0.03538399678327302 0.05903614457831325
0 0.6614394853236831 0.46265060240963857 0.05066344993968637 0.09036144578313253
0 0.9000804181745075 0.41807228915662653 0.058303176517893046 0.10240963855421686
