0 0.7515384615384615 0.5135983263598326 0.02923076923076923 0.0502092050209205
0 0.8015384615384615 0.5209205020920502 0.024615384615384615 0.03347280334728033
0 0.7911538461538462 0.5449790794979079 0.02076923076923077 0.03347280334728033
0 0.6092307692307692 0.5266736401673641 0.027692307692307693 0.04707112970711297
0 0.5765384615384616 0.5455020920502092 0.03 0.049163179916317995
0 0.5484615384615384 0.5219665271966527 0.027692307692307693 0.043933054393305436
0 0.4880769230769231 0.5413179916317992 0.03 0.04288702928870293
0 0.41115384615384615 0.5392259414225942 0.045384615384615384 0.08472803347280335
0 0.445 0.5664225941422594 0.03769230769230769 0.06380753138075314
0 0.3153846153846154 0.4942468619246862 0.03076923076923077 0.051255230125523014
0 0.18307692307692308 0.5376569037656904 0.033846153846153845 0.06694560669456066
0 0.08884615384615385 0.4973849372384937 0.05307692307692308 0.08891213389121339
0 0.4469230769230769 0.5230125523012552 0.015384615384615385 0.02510460251046025
0 0.5319230769230769 0.5287656903765691 0.013076923076923076 0.0198744769874477
0 0.9080769230769231 0.4858786610878661 0.025384615384615384 0.038702928870292884
