0 0.2476525821596244 0.296875 0.03286384976525822 0.06041666666666667
0 0.22065727699530516 0.48125 0.01643192488262911 0.03333333333333333
0 0.2634976525821596 0.5479166666666667 0.012910798122065728 0.020833333333333332
0 0.2904929577464789 0.55 0.01056338028169014 0.025
0 0.31866197183098594 0.5416666666666666 0.012910798122065728 0.020833333333333332
0 0.36678403755868544 0.5260416666666666 0.012910798122065728 0.022916666666666665
0 0.4061032863849765 0.5416666666666666 0.014084507042253521 0.025
0 0.38321596244131456 0.5947916666666667 0.008215962441314555 0.014583333333333334
0 0.43838028169014087 0.603125 0.008215962441314555 0.014583333333333334
0 0.49002347417840375 0.5083333333333333 0.015258215962441314 0.029166666666666667
0 0.5205399061032864 0.5072916666666667 0.015258215962441314 0.027083333333333334
0 0.47124413145539906 0.634375 0.005868544600938967 0.010416666666666666
0 0.5598591549295775 0.6354166666666666 0.004694835680751174 0.008333333333333333
0 0.5915492957746479 0.6354166666666666 0.004694835680751174 0.008333333333333333
0 0.6009389671361502 0.61875 0.004694835680751174 0.008333333333333333
0 0.6713615023474179 0.6395833333333333 0.007042253521126761 0.0125
0 0.6995305164319249 0.6229166666666667 0.009389671361502348 0.016666666666666666
0 0.7171361502347418 0.6291666666666667 0.009389671361502348 0.016666666666666666
0 0.7053990610328639 0.6354166666666666 0.007042253521126761 0.016666666666666666
0 0.7494131455399061 0.6010416666666667 0.01056338028169014 0.01875
0 0.9688967136150235 0.5229166666666667 0.015258215962441314 0.029166666666666667
0 0.505868544600939 0.6177083333333333 0.007042253521126761 0.014583333333333334
