0 0.2935714285714286 0.5795698924731183 0.03 0.04946236559139785
0 0.34785714285714286 0.5774193548387097 0.024285714285714285 0.03655913978494624
0 0.38142857142857145 0.556989247311828 0.02 0.030107526881720432
0 0.5128571428571429 0.556989247311828 0.02 0.034408602150537634
0 0.4664285714285714 0.5774193548387097 0.012857142857142857 0.023655913978494623
0 0.5364285714285715 0.5720430107526882 0.012857142857142857 0.021505376344086023
0 0.5614285714285714 0.6494623655913978 0.011428571428571429 0.021505376344086023
0 0.5571428571428572 0.5591397849462365 0.011428571428571429 0.021505376344086023
0 0.5978571428571429 0.5967741935483871 0.01 0.015053763440860216
0 0.63 0.5709677419354838 0.014285714285714285 0.01935483870967742
0 0.6878571428571428 0.5440860215053763 0.018571428571428572 0.034408602150537634
0 0.7228571428571429 0.5655913978494623 0.014285714285714285 0.025806451612903226
0 0.7521428571428571 0.5720430107526882 0.007142857142857143 0.012903225806451613
0 0.7685714285714286 0.5731182795698925 0.005714285714285714 0.010752688172043012
0 0.7757142857142857 0.5741935483870968 0.008571428571428572 0.012903225806451613
0 0.7871428571428571 0.5720430107526882 0.005714285714285714 0.008602150537634409
0 0.8007142857142857 0.5763440860215053 0.007142857142857143 0.012903225806451613
0 0.8192857142857143 0.5741935483870968 0.015714285714285715 0.025806451612903226
