0 0.004 0.6199400299850075 0.006 0.010494752623688156
0 0.005 0.6176911544227887 0.008 0.01199400299850075
0 0.02 0.6041979010494752 0.008 0.01199400299850075
0 0.0365 0.603448275862069 0.009 0.013493253373313344
0 0.0435 0.6101949025487257 0.009 0.014992503748125937
0 0.057 0.6124437781109445 0.008 0.013493253373313344
0 0.063 0.6154422788605697 0.008 0.013493253373313344
0 0.077 0.6131934032983508 0.01 0.014992503748125937
0 0.0955 0.6206896551724138 0.009 0.017991004497751123
0 0.093 0.6154422788605697 0.008 0.013493253373313344
0 0.1345 0.6056971514242878 0.009 0.014992503748125937
0 0.137 0.6169415292353823 0.01 0.01649175412293853
0 0.147 0.6176911544227887 0.01 0.014992503748125937
0 0.154 0.6146926536731634 0.008 0.014992503748125937
0 0.1675 0.6124437781109445 0.009 0.01649175412293853
0 0.178 0.6146926536731634 0.01 0.017991004497751123
0 0.1925 0.6056971514242878 0.009 0.014992503748125937
0 0.1905 0.616191904047976 0.011 0.017991004497751123
0 0.2 0.631184407796102 0.01 0.014992503748125937
0 0.2085 0.6229385307346327 0.011 0.01649175412293853
0 0.2145 0.6341829085457271 0.011 0.017991004497751123
0 0.221 0.6191904047976012 0.01 0.017991004497751123
0 0.233 0.6259370314842578 0.012 0.01649175412293853
0 0.2455 0.6214392803598201 0.013 0.019490254872563718
0 0.243 0.6124437781109445 0.01 0.01649175412293853
0 0.256 0.6296851574212894 0.012 0.020989505247376312
0 0.265 0.6304347826086957 0.01 0.01649175412293853
0 0.271 0.6199400299850075 0.01 0.019490254872563718
0 0.2765 0.6379310344827587 0.013 0.025487256371814093
0 0.287 0.6251874062968515 0.012 0.020989505247376312
0 0.29 0.6229385307346327 0.012 0.019490254872563718
0 0.303 0.6259370314842578 0.012 0.022488755622188907
0 0.312 0.6154422788605697 0.012 0.022488755622188907
0 0.336 0.6139430284857571 0.014 0.022488755622188907
0 0.362 0.631184407796102 0.012 0.020989505247376312
0 0.362 0.6326836581709145 0.012 0.020989505247376312
0 0.3715 0.6206896551724138 0.013 0.0239880059970015
0 0.3875 0.6206896551724138 0.013 0.020989505247376312
0 0.396 0.6251874062968515 0.014 0.020989505247376312
0 0.4075 0.6221889055472264 0.019 0.029985007496251874
0 0.4275 0.6454272863568216 0.015 0.025487256371814093
0 0.4295 0.6326836581709145 0.015 0.020989505247376312
0 0.456 0.6221889055472264 0.016 0.026986506746626688
0 0.4535 0.636431784107946 0.015 0.022488755622188907
0 0.471 0.6761619190404797 0.014 0.0239880059970015
0 0.484 0.6326836581709145 0.014 0.0239880059970015
0 0.503 0.643928035982009 0.018 0.02848575712143928
0 0.507 0.6266866566716641 0.016 0.0239880059970015
0 0.5275 0.6416791604197901 0.015 0.026986506746626688
0 0.5445 0.638680659670165 0.017 0.029985007496251874
0 0.5695 0.631184407796102 0.015 0.026986506746626688
0 0.576 0.6244377811094453 0.02 0.031484257871064465
0 0.5925 0.623688155922039 0.017 0.026986506746626688
0 0.592 0.6461769115442278 0.016 0.026986506746626688
0 0.6255 0.6319340329835083 0.017 0.02848575712143928
0 0.661 0.6251874062968515 0.02 0.03298350824587706
0 0.69 0.618440779610195 0.02 0.034482758620689655
0 0.7145 0.636431784107946 0.019 0.031484257871064465
0 0.75 0.6544227886056971 0.022 0.031484257871064465
0 0.785 0.6214392803598201 0.022 0.037481259370314844
0 0.8645 0.6416791604197901 0.023 0.038980509745127435
0 0.8775 0.6454272863568216 0.017 0.034482758620689655
0 0.894 0.603448275862069 0.026 0.04047976011994003
0 0.9195 0.6199400299850075 0.023 0.043478260869565216
0 0.519 0.5839580209895052 0.004 0.0074962518740629685
