0 0.7880859375 0.5197657393850659 0.009765625 0.017569546120058566
0 0.76953125 0.5710102489019033 0.009765625 0.014641288433382138
0 0.7607421875 0.5256222547584187 0.009765625 0.014641288433382138
0 0.73388671875 0.5387994143484627 0.0205078125 0.03513909224011713
0 0.69873046875 0.4985358711566618 0.0322265625 0.04538799414348463
0 0.67529296875 0.5146412884333821 0.0205078125 0.036603221083455345
0 0.63232421875 0.5043923865300146 0.0302734375 0.05417276720351391
0 0.5830078125 0.5036603221083455 0.03125 0.043923865300146414
0 0.51220703125 0.4868228404099561 0.0361328125 0.05710102489019034
0 0.58837890625 0.49194729136163984 0.0283203125 0.0527086383601757
0 0.6171875 0.5080527086383602 0.037109375 0.05856515373352855
