0 0.041923076923076924 0.5630550621669627 0.016153846153846154 0.02486678507992895
0 0.06423076923076923 0.5515097690941385 0.03307692307692308 0.03907637655417407
0 0.09115384615384615 0.5519538188277087 0.022307692307692306 0.03108348134991119
0 0.11576923076923076 0.5590586145648313 0.02076923076923077 0.027531083481349913
0 0.17653846153846153 0.5732682060390764 0.019230769230769232 0.02575488454706927
0 0.20576923076923076 0.5661634103019538 0.01769230769230769 0.027531083481349913
0 0.22807692307692307 0.5301953818827708 0.03461538461538462 0.03907637655417407
0 0.28384615384615386 0.5452930728241563 0.04 0.055062166962699825
0 0.33576923076923076 0.5528419182948491 0.026923076923076925 0.03818827708703375
0 0.3526923076923077 0.5510657193605684 0.02076923076923077 0.03108348134991119
0 0.37153846153846154 0.5630550621669627 0.021538461538461538 0.03197158081705151
0 0.37346153846153846 0.5821492007104796 0.022307692307692306 0.02930728241563055
0 0.3842307692307692 0.5701598579040853 0.022307692307692306 0.028419182948490232
0 0.40576923076923077 0.5830373001776199 0.022307692307692306 0.027531083481349913
0 0.5311538461538462 0.5421847246891652 0.03 0.03996447602131439
0 0.6226923076923077 0.5195381882770871 0.03461538461538462 0.04262877442273535
0 0.6657692307692308 0.5501776198934281 0.03307692307692308 0.04706927175843695
0 0.7042307692307692 0.5137655417406749 0.03769230769230769 0.052397868561278864
0 0.7442307692307693 0.5608348134991119 0.03769230769230769 0.043516873889875664
0 0.7884615384615384 0.5301953818827708 0.04153846153846154 0.055062166962699825
0 0.8738461538461538 0.5066607460035524 0.03538461538461538 0.050621669626998225
0 0.9457692307692308 0.5204262877442274 0.04384615384615385 0.055062166962699825
0 1.0065384615384616 0.5421847246891652 0.03769230769230769 0.050621669626998225
