0 0.03051643192488263 0.3854166666666667 0.04225352112676056 0.09166666666666666
0 0.22593896713615025 0.35104166666666664 0.01995305164319249 0.04375
0 0.31279342723004694 0.39375 0.015258215962441314 0.0375
0 0.46830985915492956 0.371875 0.028169014084507043 0.05625
0 0.3720657276995305 0.38645833333333335 0.011737089201877934 0.027083333333333334
0 0.4325117370892019 0.3927083333333333 0.012910798122065728 0.027083333333333334
0 0.41725352112676056 0.390625 0.01056338028169014 0.022916666666666665
0 0.5363849765258216 0.375 0.01643192488262911 0.03333333333333333
0 0.5956572769953051 0.3645833333333333 0.012910798122065728 0.025
0 0.6349765258215962 0.36770833333333336 0.014084507042253521 0.027083333333333334
0 0.602112676056338 0.371875 0.009389671361502348 0.022916666666666665
0 0.5780516431924883 0.38125 0.012910798122065728 0.025
0 0.5193661971830986 0.38125 0.01056338028169014 0.020833333333333332
0 0.38791079812206575 0.384375 0.008215962441314555 0.014583333333333334
0 0.49295774647887325 0.37395833333333334 0.007042253521126761 0.014583333333333334
0 0.6132629107981221 0.38229166666666664 0.005868544600938967 0.014583333333333334
0 0.8051643192488263 0.3802083333333333 0.023474178403755867 0.03958333333333333
