0 0.176 0.14695009242144177 0.07 0.1645101663585952
0 0.293 0.2541589648798521 0.024 0.04990757855822551
0 0.326 0.18114602587800369 0.026 0.051756007393715345
0 0.4055 0.19316081330868762 0.077 0.17190388170055454
0 0.38 0.16543438077634012 0.06 0.12014787430683918
0 0.487 0.18114602587800369 0.058 0.15157116451016636
0 0.667 0.1487985212569316 0.064 0.13863216266173753
0 0.856 0.14048059149722736 0.064 0.15157116451016636
0 0.9065 0.4288354898336414 0.111 0.2255083179297597
0 0.852 0.18207024029574861 0.056 0.10905730129390019
