0 0.6995305164319249 0.696875 0.009389671361502348 0.01875
0 0.57981220657277 0.5479166666666667 0.007042253521126761 0.0125
0 0.5580985915492958 0.5375 0.008215962441314555 0.0125
0 0.5381455399061033 0.5375 0.005868544600938967 0.0125
0 0.5223004694835681 0.5364583333333334 0.007042253521126761 0.014583333333333334
0 0.49765258215962443 0.525 0.007042253521126761 0.0125
0 0.47183098591549294 0.51875 0.007042253521126761 0.0125
0 0.4477699530516432 0.47291666666666665 0.005868544600938967 0.0125
0 0.36326291079812206 0.5135416666666667 0.005868544600938967 0.010416666666666666
0 0.29870892018779344 0.45208333333333334 0.005868544600938967 0.008333333333333333
0 0.2852112676056338 0.4708333333333333 0.009389671361502348 0.041666666666666664
0 0.2775821596244131 0.45 0.0035211267605633804 0.008333333333333333
0 0.2517605633802817 0.4354166666666667 0.008215962441314555 0.0375
0 0.26115023474178406 0.42291666666666666 0.0035211267605633804 0.008333333333333333
0 0.22593896713615025 0.428125 0.008215962441314555 0.03125
0 0.18720657276995306 0.390625 0.0035211267605633804 0.00625
0 0.20187793427230047 0.4 0.009389671361502348 0.041666666666666664
0 0.04812206572769953 0.33645833333333336 0.007042253521126761 0.014583333333333334
0 0.670774647887324 0.49375 0.012910798122065728 0.05416666666666667
0 0.6596244131455399 0.47291666666666665 0.004694835680751174 0.008333333333333333
0 0.6431924882629108 0.4947916666666667 0.014084507042253521 0.06041666666666667
0 0.6384976525821596 0.475 0.004694835680751174 0.008333333333333333
0 0.6519953051643192 0.4875 0.01056338028169014 0.05
0 0.6232394366197183 0.4708333333333333 0.004694835680751174 0.008333333333333333
