0 0.7963615023474179 0.753125 0.008215962441314555 0.01875
0 0.7687793427230047 0.753125 0.007042253521126761 0.014583333333333334
0 0.7605633802816901 0.75625 0.007042253521126761 0.016666666666666666
0 0.7546948356807511 0.74375 0.007042253521126761 0.0125
0 0.6255868544600939 0.75625 0.007042253521126761 0.0125
0 0.6026995305164319 0.7625 0.01056338028169014 0.020833333333333332
0 0.5886150234741784 0.7520833333333333 0.008215962441314555 0.016666666666666666
0 0.5563380281690141 0.746875 0.011737089201877934 0.03125
0 0.5246478873239436 0.8020833333333334 0.011737089201877934 0.025
0 0.5105633802816901 0.765625 0.011737089201877934 0.022916666666666665
0 0.5064553990610329 0.7510416666666667 0.008215962441314555 0.022916666666666665
0 0.48884976525821594 0.7427083333333333 0.012910798122065728 0.022916666666666665
0 0.36913145539906106 0.7510416666666667 0.01995305164319249 0.04375
0 0.31690140845070425 0.7572916666666667 0.023474178403755867 0.04375
0 0.4231220657276995 0.7322916666666667 0.06690140845070422 0.13541666666666666
0 0.2887323943661972 0.7208333333333333 0.07042253521126761 0.14583333333333334
