0 0.19131455399061034 0.48854166666666665 0.0892018779342723 0.17291666666666666
0 0.4448356807511737 0.48854166666666665 0.07746478873239436 0.18125
0 0.12206572769953052 0.33958333333333335 0.028169014084507043 0.05416666666666667
0 0.23826291079812206 0.3489583333333333 0.028169014084507043 0.06041666666666667
0 0.3028169014084507 0.36770833333333336 0.025821596244131457 0.05625
0 0.3767605633802817 0.3854166666666667 0.046948356807511735 0.09583333333333334
0 0.48708920187793425 0.3 0.051643192488262914 0.1125
0 0.6068075117370892 0.4 0.04929577464788732 0.0875
0 0.6731220657276995 0.4 0.05516431924882629 0.10833333333333334
0 0.7546948356807511 0.31145833333333334 0.03051643192488263 0.06875
