0 0.01232394366197183 0.5291666666666667 0.012910798122065728 0.025
0 0.03873239436619718 0.53125 0.014084507042253521 0.025
0 0.06279342723004695 0.5395833333333333 0.01056338028169014 0.020833333333333332
0 0.07629107981220658 0.5447916666666667 0.009389671361502348 0.014583333333333334
0 0.29460093896713613 0.49895833333333334 0.009389671361502348 0.01875
0 0.33568075117370894 0.5177083333333333 0.009389671361502348 0.01875
0 0.3538732394366197 0.5197916666666667 0.01056338028169014 0.01875
0 0.43661971830985913 0.4875 0.023474178403755867 0.05416666666666667
0 0.5035211267605634 0.49583333333333335 0.02112676056338028 0.05
0 0.6414319248826291 0.40520833333333334 0.05516431924882629 0.09791666666666667
0 0.801056338028169 0.5739583333333333 0.02464788732394366 0.04791666666666667
0 0.8356807511737089 0.5052083333333334 0.01643192488262911 0.035416666666666666
0 0.8174882629107981 0.49895833333333334 0.015258215962441314 0.027083333333333334
0 0.772887323943662 0.515625 0.015258215962441314 0.03125
0 0.8491784037558685 0.496875 0.012910798122065728 0.03125
0 0.8832159624413145 0.4947916666666667 0.005868544600938967 0.010416666666666666
0 0.9166666666666666 0.4791666666666667 0.02112676056338028 0.041666666666666664
0 0.982981220657277 0.5010416666666667 0.02699530516431925 0.04375
0 0.9419014084507042 0.48854166666666665 0.01056338028169014 0.022916666666666665
