0 0.009389671361502348 0.771875 0.025821596244131457 0.04375
0 0.08215962441314555 0.703125 0.02112676056338028 0.04791666666666667
0 0.02112676056338028 0.6770833333333334 0.02112676056338028 0.05
0 0.06631455399061033 0.6395833333333333 0.022300469483568074 0.041666666666666664
0 0.09213615023474178 0.6333333333333333 0.022300469483568074 0.04583333333333333
0 0.1255868544600939 0.690625 0.023474178403755867 0.04791666666666667
0 0.11678403755868545 0.6583333333333333 0.02464788732394366 0.05416666666666667
0 0.10622065727699531 0.6302083333333334 0.022300469483568074 0.052083333333333336
0 0.01995305164319249 0.5770833333333333 0.023474178403755867 0.04583333333333333
0 0.05046948356807512 0.5583333333333333 0.02112676056338028 0.041666666666666664
0 0.0886150234741784 0.571875 0.01995305164319249 0.04791666666666667
0 0.11443661971830986 0.5239583333333333 0.017605633802816902 0.03958333333333333
0 0.14906103286384975 0.5635416666666667 0.018779342723004695 0.03958333333333333
0 0.18544600938967137 0.5666666666666667 0.02112676056338028 0.041666666666666664
0 0.16255868544600938 0.5208333333333334 0.017605633802816902 0.03333333333333333
0 0.12852112676056338 0.5041666666666667 0.015258215962441314 0.03333333333333333
0 0.11267605633802817 0.4625 0.01643192488262911 0.029166666666666667
0 0.1443661971830986 0.48541666666666666 0.01643192488262911 0.03333333333333333
0 0.13791079812206572 0.465625 0.015258215962441314 0.03125
0 0.17546948356807512 0.471875 0.012910798122065728 0.03125
0 0.06572769953051644 0.3885416666666667 0.011737089201877934 0.022916666666666665
0 0.18544600938967137 0.3854166666666667 0.011737089201877934 0.020833333333333332
0 0.20950704225352113 0.378125 0.01056338028169014 0.01875
0 0.23591549295774647 0.49895833333333334 0.01643192488262911 0.035416666666666666
0 0.2535211267605634 0.5614583333333333 0.018779342723004695 0.035416666666666666
0 0.267018779342723 0.409375 0.01056338028169014 0.022916666666666665
0 0.32629107981220656 0.465625 0.014084507042253521 0.022916666666666665
0 0.3257042253521127 0.39791666666666664 0.01056338028169014 0.025
0 0.3485915492957746 0.43854166666666666 0.014084507042253521 0.027083333333333334
0 0.36326291079812206 0.5104166666666666 0.015258215962441314 0.03333333333333333
0 0.3937793427230047 0.5229166666666667 0.017605633802816902 0.03333333333333333
0 0.40199530516431925 0.5 0.015258215962441314 0.03333333333333333
0 0.613849765258216 0.41875 0.009389671361502348 0.020833333333333332
0 0.6203051643192489 0.5010416666666667 0.015258215962441314 0.03125
0 0.6519953051643192 0.38125 0.01056338028169014 0.020833333333333332
0 0.6748826291079812 0.378125 0.009389671361502348 0.01875
0 0.6719483568075117 0.4791666666666667 0.015258215962441314 0.03333333333333333
0 0.715962441314554 0.3854166666666667 0.011737089201877934 0.020833333333333332
0 0.7024647887323944 0.4739583333333333 0.015258215962441314 0.03125
0 0.7294600938967136 0.475 0.012910798122065728 0.03333333333333333
0 0.7511737089201878 0.3802083333333333 0.011737089201877934 0.01875
0 0.8057511737089202 0.37604166666666666 0.01056338028169014 0.01875
0 0.7881455399061033 0.478125 0.015258215962441314 0.035416666666666666
0 0.8274647887323944 0.42916666666666664 0.011737089201877934 0.025
0 0.9354460093896714 0.353125 0.011737089201877934 0.022916666666666665
0 0.9565727699530516 0.3104166666666667 0.011737089201877934 0.020833333333333332
0 0.9994131455399061 0.33645833333333336 0.01056338028169014 0.01875
0 0.8849765258215962 0.43125 0.014084507042253521 0.025
0 0.4612676056338028 0.7895833333333333 0.03051643192488263 0.058333333333333334
0 0.45481220657276994 0.7604166666666666 0.029342723004694836 0.058333333333333334
0 0.5070422535211268 0.7427083333333333 0.023474178403755867 0.05625
0 0.5839201877934272 0.7520833333333333 0.02699530516431925 0.05416666666666667
0 0.7065727699530516 0.7885416666666667 0.03051643192488263 0.05625
0 0.8392018779342723 0.6395833333333333 0.02112676056338028 0.04583333333333333
0 0.8820422535211268 0.6447916666666667 0.02464788732394366 0.04791666666666667
0 0.9190140845070423 0.8166666666666667 0.03051643192488263 0.06666666666666667
0 0.9119718309859155 0.709375 0.028169014084507043 0.04791666666666667
0 1.0017605633802817 0.8552083333333333 0.07863849765258216 0.34791666666666665
0 0.9794600938967136 0.5697916666666667 0.01995305164319249 0.035416666666666666
0 0.9436619718309859 0.5854166666666667 0.018779342723004695 0.0375
0 0.9413145539906104 0.5604166666666667 0.018779342723004695 0.041666666666666664
0 0.9419014084507042 0.559375 0.01995305164319249 0.03958333333333333
0 0.7323943661971831 0.38229166666666664 0.009389671361502348 0.01875
0 0.6772300469483568 0.40625 0.011737089201877934 0.025
