0 1.0029342723004695 0.25625 0.01995305164319249 0.041666666666666664
0 0.9419014084507042 0.27395833333333336 0.022300469483568074 0.04375
0 0.8603286384976526 0.25625 0.01643192488262911 0.025
0 0.7411971830985915 0.2520833333333333 0.022300469483568074 0.05416666666666667
0 0.5950704225352113 0.24375 0.02112676056338028 0.041666666666666664
0 0.44072769953051644 0.33125 0.17488262910798122 0.37916666666666665
0 0.2535211267605634 0.209375 0.03755868544600939 0.07291666666666667
0 0.18896713615023475 0.2625 0.035211267605633804 0.075
0 0.13908450704225353 0.24270833333333333 0.022300469483568074 0.04791666666666667
0 0.12323943661971831 0.24791666666666667 0.023474178403755867 0.04583333333333333
0 0.0710093896713615 0.278125 0.029342723004694836 0.05625
0 0.05575117370892019 0.24479166666666666 0.02464788732394366 0.04375
0 0.0005868544600938967 0.30833333333333335 0.02464788732394366 0.05416666666666667
