0 0.05484988452655889 0.6223076923076923 0.03579676674364896 0.02923076923076923
0 0.19630484988452657 0.6019230769230769 0.04157043879907621 0.03307692307692308
0 0.11200923787528869 0.6261538461538462 0.02771362586605081 0.018461538461538463
0 0.15011547344110854 0.6169230769230769 0.020785219399538105 0.015384615384615385
0 0.14376443418013857 0.6080769230769231 0.02424942263279446 0.014615384615384615
0 0.10912240184757506 0.6061538461538462 0.02424942263279446 0.016923076923076923
0 0.25346420323325636 0.6119230769230769 0.019630484988452657 0.014615384615384615
0 0.2759815242494226 0.6084615384615385 0.018475750577367205 0.018461538461538463
0 0.34122401847575057 0.6065384615384616 0.026558891454965358 0.019230769230769232
0 0.34006928406466513 0.6065384615384616 0.02424942263279446 0.01769230769230769
0 0.3556581986143187 0.6023076923076923 0.016166281755196306 0.013846153846153847
0 0.38394919168591224 0.6111538461538462 0.021939953810623556 0.016153846153846154
0 0.41570438799076215 0.6073076923076923 0.020785219399538105 0.014615384615384615
0 0.4468822170900693 0.6130769230769231 0.018475750577367205 0.010769230769230769
0 0.49653579676674364 0.615 0.023094688221709007 0.019230769230769232
0 0.5132794457274826 0.61 0.015011547344110854 0.010769230769230769
0 0.5560046189376443 0.6080769230769231 0.02424942263279446 0.01769230769230769
0 0.5929561200923787 0.6034615384615385 0.04503464203233257 0.031538461538461536
0 0.6795612009237876 0.5934615384615385 0.04041570438799076 0.031538461538461536
0 0.7471131639722863 0.6169230769230769 0.020785219399538105 0.013846153846153847
0 0.7909930715935335 0.6253846153846154 0.020785219399538105 0.018461538461538463
0 0.8077367205542725 0.6157692307692307 0.012702078521939953 0.01
0 0.8839491916859122 0.6242307692307693 0.03579676674364896 0.031538461538461536
0 0.9405311778290993 0.605 0.021939953810623556 0.019230769230769232
0 0.9844110854503464 0.6069230769230769 0.017321016166281754 0.013846153846153847
0 0.8273672055427251 0.6076923076923076 0.008083140877598153 0.006153846153846154
