0 0.02112676056338028 0.5552083333333333 0.009389671361502348 0.014583333333333334
0 0.11854460093896714 0.559375 0.007042253521126761 0.014583333333333334
0 0.13615023474178403 0.5802083333333333 0.023474178403755867 0.04791666666666667
0 0.23415492957746478 0.540625 0.02464788732394366 0.05625
0 0.29460093896713613 0.5447916666666667 0.023474178403755867 0.052083333333333336
0 0.340962441314554 0.5395833333333333 0.012910798122065728 0.025
0 0.3720657276995305 0.54375 0.023474178403755867 0.05
0 0.3955399061032864 0.5302083333333333 0.01643192488262911 0.027083333333333334
0 0.4078638497652582 0.5260416666666666 0.017605633802816902 0.03125
0 0.43427230046948356 0.5291666666666667 0.01643192488262911 0.03333333333333333
0 0.47417840375586856 0.525 0.018779342723004695 0.03333333333333333
0 0.5 0.5354166666666667 0.004694835680751174 0.008333333333333333
0 0.5246478873239436 0.5041666666666667 0.01643192488262911 0.03333333333333333
0 0.5410798122065728 0.5135416666666667 0.014084507042253521 0.022916666666666665
0 0.5639671361502347 0.5333333333333333 0.008215962441314555 0.016666666666666666
0 0.5856807511737089 0.5145833333333333 0.02112676056338028 0.0375
0 0.647887323943662 0.5166666666666667 0.018779342723004695 0.03333333333333333
0 0.9131455399061033 0.46875 0.025821596244131457 0.05416666666666667
0 0.8034037558685446 0.5125 0.05516431924882629 0.09583333333333334
