0 0.0341060484945377 0.31441504178272983 0.010125233146815881 0.01532033426183844
0 0.10231814548361311 0.31928969359331477 0.007460698108180123 0.013231197771587743
0 0.3053557154276579 0.27663649025069637 0.005861977084998668 0.007311977715877437
0 0.31308286703970156 0.2905640668523677 0.020250466293631763 0.046309192200557105
0 0.32667199573674394 0.2705431754874652 0.005861977084998668 0.00766016713091922
0 0.5198507860378364 0.22858635097493035 0.009059419131361577 0.014275766016713091
0 0.5570210498268052 0.23694289693593315 0.010924593658406609 0.012186629526462395
0 0.6304289901412203 0.2075208913649025 0.012256861177724487 0.017409470752089137
0 0.647615241140421 0.21431058495821728 0.010924593658406609 0.02054317548746518
0 0.6605382360778044 0.2160515320334262 0.015454303224087397 0.02681058495821727
0 0.6997069011457501 0.20926183844011143 0.01598721023181455 0.031337047353760444
0 0.7184918731681321 0.19864206128133705 0.013056221689315214 0.018454038997214484
0 0.65201172395417 0.3062325905292479 0.021849187316813217 0.03516713091922006
0 0.7444710897948308 0.29334958217270196 0.027711164401811882 0.03934540389972145
0 0.9192645883293366 0.3121518105849582 0.034638955502264854 0.04073816155988858
0 0.9785504929389821 0.29735376044568246 0.03597122302158273 0.05362116991643454
0 0.18625099920063948 0.24756267409470753 0.16626698641087131 0.24442896935933148
0 0.826005861977085 0.290041782729805 0.13962163602451372 0.21518105849582173
