0 1.0436363636363637 0.45641646489104115 0.05090909090909091 0.07021791767554479
0 0.6963636363636364 0.549636803874092 0.13818181818181818 0.19854721549636803
0 0.8527272727272728 0.5314769975786925 0.13090909090909092 0.15254237288135594
0 0.8154545454545454 0.37167070217917675 0.10727272727272727 0.15254237288135594
0 0.7809090909090909 0.45883777239709445 0.09636363636363636 0.1234866828087167
0 0.8790909090909091 0.3898305084745763 0.05272727272727273 0.08232445520581114
0 0.47545454545454546 0.387409200968523 0.056363636363636366 0.08716707021791767
0 0.33636363636363636 0.48789346246973364 0.10909090909090909 0.18159806295399517
0 -0.015454545454545455 0.7239709443099274 0.11454545454545455 0.2033898305084746
0 0.0 0.47094430992736075 0.07272727272727272 0.1234866828087167
0 0.09545454545454546 0.40556900726392253 0.06 0.07990314769975787
