0 0.02699530516431925 0.4375 0.03051643192488263 0.0625
0 0.15434272300469484 0.35520833333333335 0.036384976525821594 0.07291666666666667
0 0.22241784037558684 0.41041666666666665 0.036384976525821594 0.0625
0 0.27406103286384975 0.5135416666666667 0.029342723004694836 0.05625
0 0.3714788732394366 0.5427083333333333 0.02699530516431925 0.04791666666666667
0 0.40375586854460094 0.590625 0.02112676056338028 0.04791666666666667
0 0.4818075117370892 0.584375 0.017605633802816902 0.035416666666666666
0 0.54518779342723 0.5916666666666667 0.029342723004694836 0.0625
0 0.6467136150234741 0.6541666666666667 0.01643192488262911 0.041666666666666664
0 0.6220657276995305 0.696875 0.014084507042253521 0.027083333333333334
0 0.7253521126760564 0.6614583333333334 0.018779342723004695 0.03958333333333333
0 0.7130281690140845 0.6583333333333333 0.012910798122065728 0.03333333333333333
0 0.7676056338028169 0.6666666666666666 0.01643192488262911 0.0375
0 0.818075117370892 0.40208333333333335 0.04225352112676056 0.08333333333333333
0 0.8585680751173709 0.540625 0.029342723004694836 0.06458333333333334
0 0.880868544600939 0.5302083333333333 0.02699530516431925 0.052083333333333336
0 0.9454225352112676 0.39479166666666665 0.04107981220657277 0.06875
