0 0.26173708920187794 0.3770833333333333 0.09154929577464789 0.23333333333333334
0 0.32981220657276994 0.39479166666666665 0.0539906103286385 0.11875
0 0.5522300469483568 0.41875 0.06690140845070422 0.14166666666666666
0 0.7012910798122066 0.38229166666666664 0.057511737089201875 0.14791666666666667
0 0.8620892018779343 0.31354166666666666 0.02464788732394366 0.052083333333333336
0 0.8157276995305164 0.3458333333333333 0.023474178403755867 0.05416666666666667
0 0.8045774647887324 0.3572916666666667 0.015258215962441314 0.027083333333333334
0 0.7517605633802817 0.36041666666666666 0.02464788732394366 0.041666666666666664
0 0.761150234741784 0.334375 0.01995305164319249 0.04375
0 0.6332159624413145 0.3614583333333333 0.01995305164319249 0.04375
0 0.6232394366197183 0.3572916666666667 0.02112676056338028 0.04791666666666667
0 0.6032863849765259 0.31875 0.035211267605633804 0.075
0 0.5469483568075117 0.32708333333333334 0.04460093896713615 0.10416666666666667
0 0.4835680751173709 0.34479166666666666 0.051643192488262914 0.12291666666666666
0 0.4055164319248826 0.3614583333333333 0.01995305164319249 0.035416666666666666
0 0.4289906103286385 0.33541666666666664 0.015258215962441314 0.03333333333333333
0 0.36326291079812206 0.35833333333333334 0.01995305164319249 0.0375
