0 0.26936619718309857 0.43125 0.036384976525821594 0.06666666666666667
0 0.3039906103286385 0.48854166666666665 0.01643192488262911 0.035416666666666666
0 0.32511737089201875 0.48125 0.018779342723004695 0.0375
0 0.31279342723004694 0.4895833333333333 0.017605633802816902 0.0375
0 0.392018779342723 0.378125 0.06807511737089202 0.12291666666666666
0 0.4782863849765258 0.47708333333333336 0.04342723004694836 0.1
0 0.687793427230047 0.5052083333333334 0.03286384976525822 0.06875
0 0.6619718309859155 0.4552083333333333 0.06103286384976526 0.12708333333333333
0 0.784037558685446 0.4822916666666667 0.06338028169014084 0.13541666666666666
0 0.3392018779342723 0.5333333333333333 0.014084507042253521 0.029166666666666667
