0 0.4393162393162393 0.09242618741976893 0.022222222222222223 0.038510911424903725
0 0.23547008547008547 0.46084724005134786 0.04358974358974359 0.06675224646983312
0 0.32094017094017097 0.5250320924261874 0.04871794871794872 0.07958921694480103
0 0.36153846153846153 0.5269576379974326 0.035897435897435895 0.055198973042362
0 0.4239316239316239 0.5218228498074454 0.03076923076923077 0.05263157894736842
0 0.41068376068376067 0.44801026957637996 0.029914529914529916 0.043645699614890884
0 0.4307692307692308 0.4184852374839538 0.023931623931623933 0.043645699614890884
0 0.47649572649572647 0.3998716302952503 0.029914529914529916 0.044929396662387676
0 0.4931623931623932 0.31835686777920413 0.02905982905982906 0.04878048780487805
0 0.5017094017094017 0.2830551989730424 0.020512820512820513 0.03979460847240052
0 0.5457264957264957 0.279204107830552 0.021367521367521368 0.037227214377406934
0 0.5551282051282052 0.22593068035943517 0.026495726495726495 0.043645699614890884
0 0.5846153846153846 0.18870346598202825 0.023931623931623933 0.043645699614890884
0 0.6055555555555555 0.1777920410783055 0.021367521367521368 0.037227214377406934
0 0.6047008547008547 0.22978177150192555 0.0452991452991453 0.220795892169448
0 0.6260683760683761 0.15019255455712452 0.019658119658119658 0.03594351732991014
0 0.6816239316239316 0.12387676508344031 0.024786324786324785 0.04236200256739409
0 0.6756410256410257 0.11617458279845956 0.01623931623931624 0.026957637997432605
0 0.6717948717948717 0.09691912708600771 0.022222222222222223 0.037227214377406934
0 0.688034188034188 0.09499358151476252 0.018803418803418803 0.03080872913992298
0 0.711965811965812 0.08793324775353016 0.022222222222222223 0.029525032092426188
0 0.7452991452991453 0.07766367137355584 0.022222222222222223 0.03465982028241335
0 0.7735042735042735 0.0417201540436457 0.017094017094017096 0.029525032092426188
0 0.7982905982905983 0.03979460847240052 0.023931623931623933 0.03594351732991014
0 0.8474358974358974 0.1662387676508344 0.026495726495726495 0.05263157894736842
0 0.8636752136752137 0.06867779204107831 0.023076923076923078 0.037227214377406934
0 0.8918803418803419 0.12965340179717585 0.04358974358974359 0.22849807445442877
0 0.9230769230769231 0.07188703465982028 0.023931623931623933 0.03594351732991014
0 0.9692307692307692 0.06161745827984596 0.020512820512820513 0.03594351732991014
0 0.9927350427350428 0.05455712451861361 0.019658119658119658 0.03465982028241335
