0 0.7021829521829522 0.3609375 0.04261954261954262 0.06875
0 0.998960498960499 0.48203125 0.008316008316008316 0.0140625
0 0.9932432432432432 0.4703125 0.009355509355509356 0.015625
0 0.9714137214137214 0.471875 0.007276507276507277 0.0125
0 0.9433471933471933 0.47265625 0.009355509355509356 0.0140625
0 0.946985446985447 0.4609375 0.008316008316008316 0.0125
0 0.9194386694386695 0.475 0.009355509355509356 0.015625
0 0.9074844074844075 0.4765625 0.006237006237006237 0.009375
0 0.8861746361746362 0.4671875 0.009355509355509356 0.0125
0 0.8762993762993763 0.503125 0.008316008316008316 0.015625
0 0.8762993762993763 0.465625 0.008316008316008316 0.0125
0 0.8440748440748441 0.4703125 0.008316008316008316 0.0125
0 0.6424116424116424 0.45703125 0.008316008316008316 0.0140625
0 0.6216216216216216 0.46015625 0.006237006237006237 0.0109375
0 0.6117463617463618 0.465625 0.009355509355509356 0.015625
0 0.5795218295218295 0.45234375 0.009355509355509356 0.0140625
0 0.5504158004158004 0.45703125 0.011434511434511435 0.0171875
0 0.514033264033264 0.459375 0.007276507276507277 0.015625
0 0.48492723492723494 0.453125 0.009355509355509356 0.015625
0 0.4922037422037422 0.45625 0.007276507276507277 0.0125
0 0.43347193347193347 0.45859375 0.010395010395010396 0.0140625
0 0.41164241164241167 0.49375 0.02286902286902287 0.090625
0 0.37785862785862784 0.40078125 0.02182952182952183 0.0390625
0 0.34407484407484407 0.4578125 0.008316008316008316 0.015625
0 0.31444906444906445 0.45859375 0.009355509355509356 0.0140625
0 0.29521829521829523 0.44921875 0.012474012474012475 0.0203125
0 0.27234927234927236 0.440625 0.010395010395010396 0.015625
0 0.24688149688149688 0.44375 0.013513513513513514 0.01875
0 0.1995841995841996 0.43828125 0.014553014553014554 0.0234375
0 0.14553014553014554 0.42734375 0.016632016632016633 0.0265625
0 0.1314968814968815 0.42109375 0.017671517671517672 0.0328125
0 0.07276507276507277 0.36171875 0.033264033264033266 0.0453125
0 0.5805613305613305 0.45234375 0.009355509355509356 0.0171875
0 0.7900207900207901 0.4640625 0.008316008316008316 0.015625
0 0.8050935550935551 0.46796875 0.007276507276507277 0.0140625
0 0.8066528066528067 0.46640625 0.006237006237006237 0.0109375
