0 0.2159090909090909 0.34767025089605735 0.045454545454545456 0.07885304659498207
0 0.3068181818181818 0.2903225806451613 0.045454545454545456 0.1039426523297491
0 0.40397727272727274 0.30824372759856633 0.035227272727272725 0.07526881720430108
0 0.4744318181818182 0.27508960573476704 0.04431818181818182 0.09498207885304659
0 0.5835227272727272 0.2724014336917563 0.04659090909090909 0.0931899641577061
0 0.5426136363636364 0.29121863799283154 0.0375 0.07347670250896057
0 0.2784090909090909 0.24910394265232974 0.03409090909090909 0.08243727598566308
0 0.3130681818181818 0.2724014336917563 0.03295454545454545 0.05017921146953405
0 0.42215909090909093 0.19623655913978494 0.0375 0.07347670250896057
0 0.5227272727272727 0.22849462365591397 0.038636363636363635 0.08064516129032258
0 0.6397727272727273 0.2025089605734767 0.03409090909090909 0.06810035842293907
0 0.6829545454545455 0.2517921146953405 0.03636363636363636 0.07347670250896057
0 0.740909090909091 0.18458781362007168 0.038636363636363635 0.07168458781362007
0 0.7545454545454545 0.27419354838709675 0.038636363636363635 0.07526881720430108
0 0.3926136363636364 0.16666666666666666 0.035227272727272725 0.07526881720430108
0 0.48806818181818185 0.1550179211469534 0.035227272727272725 0.06989247311827956
0 0.55625 0.1550179211469534 0.035227272727272725 0.08064516129032258
0 0.6119318181818182 0.17114695340501793 0.03295454545454545 0.06630824372759857
