0 0.12030516431924883 0.396875 0.06690140845070422 0.11041666666666666
0 0.3380281690140845 0.6677083333333333 0.02112676056338028 0.035416666666666666
0 0.30809859154929575 0.6822916666666666 0.012910798122065728 0.027083333333333334
0 0.3644366197183099 0.6666666666666666 0.017605633802816902 0.029166666666666667
0 0.38028169014084506 0.68125 0.009389671361502348 0.016666666666666666
0 0.42077464788732394 0.653125 0.008215962441314555 0.01875
0 0.44190140845070425 0.65 0.01056338028169014 0.020833333333333332
0 0.4694835680751174 0.571875 0.02112676056338028 0.04375
0 0.49765258215962443 0.6614583333333334 0.009389671361502348 0.01875
0 0.5193661971830986 0.6479166666666667 0.008215962441314555 0.016666666666666666
0 0.528169014084507 0.6520833333333333 0.011737089201877934 0.020833333333333332
0 0.5557511737089202 0.6145833333333334 0.01056338028169014 0.025
0 0.5874413145539906 0.6135416666666667 0.012910798122065728 0.022916666666666665
0 0.6026995305164319 0.6364583333333333 0.01056338028169014 0.01875
0 0.6291079812206573 0.621875 0.014084507042253521 0.027083333333333334
0 0.647887323943662 0.6458333333333334 0.009389671361502348 0.016666666666666666
0 0.6795774647887324 0.575 0.01643192488262911 0.029166666666666667
0 0.7130281690140845 0.6572916666666667 0.008215962441314555 0.014583333333333334
0 0.732981220657277 0.65 0.01056338028169014 0.016666666666666666
0 0.7623239436619719 0.653125 0.01056338028169014 0.01875
0 0.7975352112676056 0.6645833333333333 0.008215962441314555 0.016666666666666666
0 0.8151408450704225 0.60625 0.022300469483568074 0.041666666666666664
0 0.8585680751173709 0.6708333333333333 0.01056338028169014 0.020833333333333332
0 0.8738262910798122 0.6666666666666666 0.008215962441314555 0.016666666666666666
0 0.8884976525821596 0.6833333333333333 0.009389671361502348 0.016666666666666666
0 0.9471830985915493 0.665625 0.009389671361502348 0.014583333333333334
0 0.9947183098591549 0.6614583333333334 0.008215962441314555 0.01875
