0 0.06333333333333334 0.3977832512315271 0.05 0.07142857142857142
0 0.13833333333333334 0.3731527093596059 0.05 0.0812807881773399
0 0.23416666666666666 0.3854679802955665 0.03166666666666667 0.046798029556650245
0 0.2658333333333333 0.3288177339901478 0.041666666666666664 0.07635467980295567
0 0.515 0.37192118226600984 0.03 0.04926108374384237
0 0.445 0.3103448275862069 0.04 0.06403940886699508
0 0.5675 0.3263546798029557 0.041666666666666664 0.07142857142857142
0 0.42333333333333334 0.39655172413793105 0.06 0.08374384236453201
0 0.6466666666666666 0.39901477832512317 0.02 0.034482758620689655
0 0.7516666666666667 0.3916256157635468 0.023333333333333334 0.03940886699507389
0 0.8483333333333334 0.3669950738916256 0.016666666666666666 0.029556650246305417
0 0.865 0.4064039408866995 0.016666666666666666 0.024630541871921183
0 0.8008333333333333 0.3842364532019704 0.051666666666666666 0.08374384236453201
0 0.95 0.3830049261083744 0.023333333333333334 0.046798029556650245
0 0.9791666666666666 0.39655172413793105 0.018333333333333333 0.034482758620689655
