0 0.954225352112676 0.47291666666666665 0.051643192488262914 0.08333333333333333
0 0.7752347417840375 0.20208333333333334 0.0528169014084507 0.12083333333333333
0 0.642018779342723 0.2635416666666667 0.0539906103286385 0.09375
0 0.460093896713615 0.309375 0.04460093896713615 0.11041666666666666
0 0.3544600938967136 0.334375 0.03755868544600939 0.06875
0 0.3515258215962441 0.29791666666666666 0.045774647887323945 0.075
0 0.2658450704225352 0.30104166666666665 0.04342723004694836 0.09375
0 0.21244131455399062 0.3614583333333333 0.03990610328638498 0.08125
0 0.12969483568075119 0.30104166666666665 0.04107981220657277 0.08958333333333333
0 0.18427230046948356 0.35520833333333335 0.04460093896713615 0.10208333333333333
0 0.07042253521126761 0.32916666666666666 0.08215962441314555 0.1375
