0 0.005868544600938967 0.10208333333333333 0.03755868544600939 0.08333333333333333
0 0.06396713615023474 0.17083333333333334 0.029342723004694836 0.0625
0 0.11502347417840375 0.12395833333333334 0.03990610328638498 0.08541666666666667
0 0.14612676056338028 0.22291666666666668 0.015258215962441314 0.0375
0 0.19483568075117372 0.1875 0.01643192488262911 0.0375
0 0.24354460093896713 0.24270833333333333 0.015258215962441314 0.027083333333333334
0 0.31396713615023475 0.059375 0.05046948356807512 0.08541666666666667
0 0.37910798122065725 0.08541666666666667 0.056338028169014086 0.12083333333333333
0 0.46830985915492956 -0.011458333333333333 0.05868544600938967 0.09791666666666667
0 0.5275821596244131 0.04583333333333333 0.08098591549295775 0.12083333333333333
0 0.6302816901408451 0.06875 0.04460093896713615 0.09166666666666666
0 0.7300469483568075 0.075 0.04460093896713615 0.08333333333333333
0 0.7658450704225352 0.07708333333333334 0.03403755868544601 0.08333333333333333
0 0.8309859154929577 0.171875 0.025821596244131457 0.04791666666666667
0 0.8626760563380281 0.18333333333333332 0.018779342723004695 0.041666666666666664
0 0.926056338028169 0.065625 0.035211267605633804 0.08541666666666667
0 0.9565727699530516 0.12604166666666666 0.035211267605633804 0.05625
0 0.9882629107981221 0.08125 0.035211267605633804 0.07916666666666666
