0 0.2153755868544601 0.33541666666666664 0.03873239436619718 0.08333333333333333
0 0.2576291079812207 0.5020833333333333 0.012910798122065728 0.029166666666666667
0 0.3415492957746479 0.44583333333333336 0.02112676056338028 0.0375
0 0.34917840375586856 0.4625 0.015258215962441314 0.03333333333333333
0 0.005868544600938967 0.47604166666666664 0.011737089201877934 0.022916666666666665
0 0.09976525821596244 0.546875 0.004694835680751174 0.010416666666666666
0 0.04518779342723005 0.546875 0.008215962441314555 0.014583333333333334
0 0.17018779342723006 0.5427083333333333 0.009389671361502348 0.01875
0 0.3568075117370892 0.503125 0.009389671361502348 0.022916666666666665
0 0.43838028169014087 0.496875 0.01056338028169014 0.01875
0 0.49471830985915494 0.509375 0.008215962441314555 0.01875
0 0.5234741784037559 0.521875 0.009389671361502348 0.014583333333333334
0 0.545774647887324 0.396875 0.023474178403755867 0.052083333333333336
0 0.6097417840375586 0.44375 0.017605633802816902 0.0375
0 0.6637323943661971 0.4427083333333333 0.022300469483568074 0.03958333333333333
0 0.6807511737089202 0.4583333333333333 0.01643192488262911 0.0375
0 0.7071596244131455 0.4375 0.022300469483568074 0.05
0 0.7007042253521126 0.4083333333333333 0.023474178403755867 0.04583333333333333
0 0.7288732394366197 0.446875 0.01643192488262911 0.035416666666666666
0 0.7793427230046949 0.46041666666666664 0.018779342723004695 0.0375
0 0.8356807511737089 0.40208333333333335 0.028169014084507043 0.05
0 0.8661971830985915 0.40520833333333334 0.025821596244131457 0.04791666666666667
0 0.9102112676056338 0.4197916666666667 0.022300469483568074 0.04375
0 0.9794600938967136 0.40208333333333335 0.02699530516431925 0.058333333333333334
0 0.5698356807511737 0.4125 0.02464788732394366 0.05
