0 0.25873015873015875 0.6324152542372882 0.13968253968253969 0.1673728813559322
0 0.05873015873015873 0.5773305084745762 0.13015873015873017 0.1673728813559322
0 0.1595238095238095 0.5550847457627118 0.10317460317460317 0.13559322033898305
0 0.11031746031746031 0.4406779661016949 0.07142857142857142 0.1059322033898305
0 0.173015873015873 0.4343220338983051 0.06666666666666667 0.09745762711864407
0 0.3325396825396825 0.5010593220338984 0.09365079365079365 0.1419491525423729
0 0.29603174603174603 0.4057203389830508 0.07142857142857142 0.1038135593220339
0 0.4666666666666667 0.4682203389830508 0.10476190476190476 0.15254237288135594
0 0.3357142857142857 0.4300847457627119 0.03968253968253968 0.06779661016949153
0 0.43492063492063493 0.3739406779661017 0.06031746031746032 0.0826271186440678
0 0.44841269841269843 0.4661016949152542 0.06190476190476191 0.08898305084745763
0 0.07142857142857142 0.2786016949152542 0.06349206349206349 0.09957627118644068
0 0.16111111111111112 0.0847457627118644 0.05238095238095238 0.08050847457627118
0 0.3333333333333333 0.1239406779661017 0.0380952380952381 0.06991525423728813
0 0.5 0.4332627118644068 0.05396825396825397 0.09110169491525423
0 0.5777777777777777 0.4258474576271186 0.06031746031746032 0.0847457627118644
0 0.6031746031746031 0.4067796610169492 0.0380952380952381 0.06779661016949153
0 0.6634920634920635 0.3983050847457627 0.06031746031746032 0.07627118644067797
0 0.7166666666666667 0.3813559322033898 0.04285714285714286 0.06779661016949153
0 0.7777777777777778 0.4025423728813559 0.044444444444444446 0.0635593220338983
0 0.8301587301587302 0.3633474576271186 0.04126984126984127 0.06991525423728813
0 0.9142857142857143 0.3813559322033898 0.044444444444444446 0.07203389830508475
0 1.0103174603174603 0.4025423728813559 0.026984126984126985 0.0423728813559322
0 0.9492063492063492 0.2531779661016949 0.022222222222222223 0.036016949152542374
0 1.0015873015873016 0.2870762711864407 0.01904761904761905 0.02754237288135593
0 0.6420634920634921 0.2680084745762712 0.046031746031746035 0.06991525423728813
0 0.6047619047619047 0.2944915254237288 0.0380952380952381 0.059322033898305086
