0 0.09947916666666666 0.30833333333333335 0.053125 0.08666666666666667
0 0.11927083333333334 0.5575 0.015625 0.021666666666666667
0 0.196875 0.39666666666666667 0.03125 0.05333333333333334
0 0.21770833333333334 0.3566666666666667 0.05 0.08
0 0.28802083333333334 0.3325 0.053125 0.10833333333333334
0 0.2984375 0.4025 0.036458333333333336 0.058333333333333334
0 0.321875 0.43083333333333335 0.0375 0.06166666666666667
0 0.4427083333333333 0.325 0.04583333333333333 0.07
0 0.43333333333333335 0.4266666666666667 0.03333333333333333 0.05333333333333334
0 0.490625 0.4816666666666667 0.020833333333333332 0.04666666666666667
0 0.5822916666666667 0.4791666666666667 0.03333333333333333 0.058333333333333334
0 0.6078125 0.38083333333333336 0.040625 0.085
0 0.66875 0.41333333333333333 0.05 0.08666666666666667
0 0.8234375 0.465 0.03229166666666667 0.06
0 0.890625 0.38916666666666666 0.04583333333333333 0.07833333333333334
0 0.6572916666666667 0.445 0.03333333333333333 0.07333333333333333
