0 0.9317708333333333 0.3775 0.059375 0.13
0 0.8666666666666667 0.35125 0.05416666666666667 0.1325
0 0.70625 0.09625 0.05625 0.1575
0 0.8208333333333333 0.35625 0.03333333333333333 0.0875
0 0.8104166666666667 0.335 0.029166666666666667 0.09
0 0.7661458333333333 0.2975 0.023958333333333335 0.07
0 0.7447916666666666 0.325 0.014583333333333334 0.04
0 0.6380208333333334 0.26625 0.009375 0.0225
0 0.6552083333333333 0.2775 0.0125 0.03
0 0.5973958333333333 0.185 0.021875 0.06
0 0.5411458333333333 0.185 0.03854166666666667 0.105
0 0.41770833333333335 0.135 0.03958333333333333 0.115
0 0.309375 0.27625 0.0125 0.0325
0 0.19583333333333333 0.2875 0.014583333333333334 0.035
0 0.1609375 0.31375 0.011458333333333333 0.0225
