0 0.01232394366197183 0.475 0.022300469483568074 0.04583333333333333
0 0.012910798122065728 0.546875 0.018779342723004695 0.04375
0 0.08509389671361503 0.396875 0.029342723004694836 0.052083333333333336
0 0.13028169014084506 0.45 0.023474178403755867 0.041666666666666664
0 0.16725352112676056 0.440625 0.008215962441314555 0.01875
0 0.18251173708920188 0.43020833333333336 0.012910798122065728 0.027083333333333334
0 0.20950704225352113 0.4354166666666667 0.01056338028169014 0.020833333333333332
0 0.2494131455399061 0.45416666666666666 0.008215962441314555 0.016666666666666666
0 0.26173708920187794 0.45729166666666665 0.007042253521126761 0.014583333333333334
0 0.29577464788732394 0.38958333333333334 0.018779342723004695 0.041666666666666664
0 0.3333333333333333 0.41770833333333335 0.018779342723004695 0.035416666666666666
0 0.3515258215962441 0.43645833333333334 0.012910798122065728 0.027083333333333334
0 0.392018779342723 0.440625 0.011737089201877934 0.022916666666666665
0 0.4301643192488263 0.41458333333333336 0.012910798122065728 0.025
0 0.4565727699530516 0.43854166666666666 0.011737089201877934 0.027083333333333334
0 0.5715962441314554 0.46458333333333335 0.009389671361502348 0.016666666666666666
0 0.6009389671361502 0.4739583333333333 0.004694835680751174 0.010416666666666666
0 0.6115023474178404 0.46875 0.007042253521126761 0.0125
0 0.6185446009389671 0.446875 0.009389671361502348 0.01875
0 0.6402582159624414 0.46458333333333335 0.005868544600938967 0.008333333333333333
0 0.6525821596244131 0.4635416666666667 0.007042253521126761 0.014583333333333334
0 0.6625586854460094 0.46458333333333335 0.005868544600938967 0.0125
0 0.6901408450704225 0.45208333333333334 0.01643192488262911 0.029166666666666667
0 0.7183098591549296 0.4479166666666667 0.009389671361502348 0.016666666666666666
0 0.7429577464788732 0.43854166666666666 0.01643192488262911 0.027083333333333334
0 0.7769953051643192 0.465625 0.011737089201877934 0.027083333333333334
0 0.8192488262910798 0.4427083333333333 0.009389671361502348 0.01875
0 0.8280516431924883 0.44895833333333335 0.015258215962441314 0.027083333333333334
0 0.8656103286384976 0.4427083333333333 0.008215962441314555 0.01875
0 0.8744131455399061 0.4375 0.014084507042253521 0.025
0 0.8926056338028169 0.44375 0.012910798122065728 0.020833333333333332
0 0.9289906103286385 0.42604166666666665 0.02464788732394366 0.04791666666666667
