0 0.10504694835680752 0.5489583333333333 0.02699530516431925 0.05625
0 0.13086854460093897 0.5020833333333333 0.03169014084507042 0.05416666666666667
0 0.22241784037558684 0.5260416666666666 0.03403755868544601 0.06458333333333334
0 0.2658450704225352 0.5229166666666667 0.03403755868544601 0.058333333333333334
0 0.3403755868544601 0.5177083333333333 0.009389671361502348 0.01875
0 0.409037558685446 0.5375 0.01056338028169014 0.025
0 0.443075117370892 0.528125 0.022300469483568074 0.04791666666666667
0 0.49119718309859156 0.5239583333333333 0.017605633802816902 0.035416666666666666
0 0.505868544600939 0.521875 0.014084507042253521 0.03125
0 0.5481220657276995 0.55 0.014084507042253521 0.029166666666666667
0 0.5715962441314554 0.5604166666666667 0.011737089201877934 0.025
0 0.6167840375586855 0.5052083333333334 0.01995305164319249 0.03958333333333333
0 0.653755868544601 0.5145833333333333 0.018779342723004695 0.03333333333333333
0 0.6748826291079812 0.540625 0.02112676056338028 0.035416666666666666
0 0.715962441314554 0.5104166666666666 0.023474178403755867 0.0375
0 0.7435446009389671 0.5052083333333334 0.029342723004694836 0.03958333333333333
0 0.767018779342723 0.525 0.01995305164319249 0.0375
0 0.7136150234741784 0.5145833333333333 0.01643192488262911 0.029166666666666667
0 0.596244131455399 0.5197916666666667 0.011737089201877934 0.01875
0 1.0070422535211268 0.46875 0.06338028169014084 0.14583333333333334
