0 0.09125 0.3479349186483104 0.03916666666666667 0.057571964956195244
0 0.051666666666666666 0.36295369211514394 0.03 0.0625782227784731
0 0.155 0.360450563204005 0.03166666666666667 0.052565707133917394
0 0.21875 0.5143929912390488 0.034166666666666665 0.052565707133917394
0 0.24458333333333335 0.5050062578222778 0.029166666666666667 0.05381727158948686
0 0.3304166666666667 0.4430538172715895 0.09083333333333334 0.1476846057571965
0 0.4175 0.360450563204005 0.03333333333333333 0.057571964956195244
0 0.62375 0.19336670838548184 0.06583333333333333 0.1214017521902378
0 0.7425 0.3760951188986233 0.023333333333333334 0.03128911138923655
0 0.86875 0.38423028785982477 0.019166666666666665 0.04005006257822278
0 0.94625 0.34918648310387984 0.030833333333333334 0.057571964956195244
