0 0.4825 0.5215759849906192 0.035 0.05628517823639775
0 0.345625 0.5600375234521576 0.02125 0.03564727954971857
0 0.56875 0.5225140712945591 0.0225 0.03189493433395872
0 0.636875 0.5290806754221389 0.01875 0.0300187617260788
0 0.665 0.5375234521575984 0.015 0.024390243902439025
0 0.694375 0.5356472795497186 0.01125 0.016885553470919325
0 0.703125 0.5450281425891182 0.01125 0.020637898686679174
0 0.730625 0.5656660412757973 0.00875 0.013133208255159476
0 0.730625 0.5619136960600375 0.00875 0.016885553470919325
0 0.829375 0.525328330206379 0.01375 0.02626641651031895
