0 0.028755868544600938 0.6625 0.008215962441314555 0.016666666666666666
0 0.034624413145539906 0.6729166666666667 0.005868544600938967 0.0125
0 0.07394366197183098 0.696875 0.009389671361502348 0.035416666666666666
0 0.07746478873239436 0.6958333333333333 0.009389671361502348 0.03333333333333333
0 0.08744131455399061 0.6708333333333333 0.005868544600938967 0.008333333333333333
0 0.11326291079812206 0.678125 0.005868544600938967 0.010416666666666666
0 0.12030516431924883 0.678125 0.005868544600938967 0.010416666666666666
0 0.1643192488262911 0.6729166666666667 0.007042253521126761 0.0125
0 0.1795774647887324 0.6645833333333333 0.007042253521126761 0.0125
0 0.17253521126760563 0.6875 0.004694835680751174 0.008333333333333333
0 0.2007042253521127 0.671875 0.004694835680751174 0.010416666666666666
0 0.20598591549295775 0.6645833333333333 0.005868544600938967 0.0125
0 0.2153755868544601 0.6989583333333333 0.01056338028169014 0.04375
0 0.24237089201877934 0.6927083333333334 0.015258215962441314 0.05625
0 0.25 0.696875 0.01643192488262911 0.052083333333333336
0 0.26467136150234744 0.6802083333333333 0.005868544600938967 0.010416666666666666
0 0.2764084507042254 0.696875 0.012910798122065728 0.04791666666666667
0 0.2828638497652582 0.6770833333333334 0.004694835680751174 0.008333333333333333
0 0.29107981220657275 0.6958333333333333 0.01643192488262911 0.04583333333333333
0 0.3268779342723005 0.678125 0.0035211267605633804 0.00625
0 0.3374413145539906 0.6927083333333334 0.012910798122065728 0.05625
0 0.357981220657277 0.696875 0.011737089201877934 0.052083333333333336
0 0.3503521126760563 0.6833333333333333 0.0035211267605633804 0.008333333333333333
0 0.3884976525821596 0.6854166666666667 0.004694835680751174 0.008333333333333333
0 0.4131455399061033 0.69375 0.011737089201877934 0.041666666666666664
0 0.41960093896713613 0.6760416666666667 0.0035211267605633804 0.00625
0 0.4295774647887324 0.68125 0.004694835680751174 0.008333333333333333
0 0.4536384976525822 0.69375 0.012910798122065728 0.05
0 0.47007042253521125 0.68125 0.0035211267605633804 0.008333333333333333
0 0.49002347417840375 0.6520833333333333 0.008215962441314555 0.029166666666666667
0 0.49471830985915494 0.6791666666666667 0.005868544600938967 0.0125
0 0.528169014084507 0.65 0.009389671361502348 0.016666666666666666
0 0.5387323943661971 0.65625 0.009389671361502348 0.016666666666666666
0 0.5522300469483568 0.6739583333333333 0.005868544600938967 0.010416666666666666
0 0.5710093896713615 0.7052083333333333 0.005868544600938967 0.014583333333333334
0 0.5704225352112676 0.6739583333333333 0.004694835680751174 0.010416666666666666
0 0.5821596244131455 0.675 0.004694835680751174 0.008333333333333333
0 0.6220657276995305 0.678125 0.004694835680751174 0.00625
0 0.6267605633802817 0.6989583333333333 0.009389671361502348 0.04791666666666667
0 0.653755868544601 0.684375 0.004694835680751174 0.010416666666666666
0 0.7030516431924883 0.6802083333333333 0.004694835680751174 0.010416666666666666
0 0.715962441314554 0.6458333333333334 0.011737089201877934 0.020833333333333332
0 0.7411971830985915 0.6791666666666667 0.005868544600938967 0.0125
0 0.7570422535211268 0.696875 0.009389671361502348 0.04375
0 0.7676056338028169 0.665625 0.007042253521126761 0.014583333333333334
0 0.8004694835680751 0.6302083333333334 0.014084507042253521 0.027083333333333334
0 0.8157276995305164 0.625 0.014084507042253521 0.029166666666666667
0 0.8339201877934272 0.66875 0.008215962441314555 0.0125
0 0.8556338028169014 0.646875 0.011737089201877934 0.01875
0 0.8755868544600939 0.675 0.009389671361502348 0.0125
0 0.8796948356807511 0.6645833333333333 0.01056338028169014 0.016666666666666666
0 0.9113849765258216 0.6708333333333333 0.005868544600938967 0.0125
0 0.9254694835680751 0.6395833333333333 0.01056338028169014 0.020833333333333332
0 0.9389671361502347 0.6729166666666667 0.009389671361502348 0.016666666666666666
0 0.9700704225352113 0.7020833333333333 0.01056338028169014 0.05
0 0.9800469483568075 0.6864583333333333 0.004694835680751174 0.010416666666666666
0 0.9947183098591549 0.653125 0.008215962441314555 0.022916666666666665
0 0.43896713615023475 0.71875 0.009389671361502348 0.016666666666666666
0 0.23650234741784038 0.728125 0.012910798122065728 0.022916666666666665
0 0.2676056338028169 0.696875 0.007042253521126761 0.035416666666666666
0 0.5035211267605634 0.703125 0.014084507042253521 0.03125
0 0.7241784037558685 0.7020833333333333 0.02112676056338028 0.08333333333333333
0 0.732981220657277 0.6708333333333333 0.005868544600938967 0.0125
