0 0.8153846153846154 0.4027196652719665 0.03538461538461538 0.058577405857740586
0 0.7 0.39278242677824265 0.03076923076923077 0.04707112970711297
0 0.5788461538461539 0.42573221757322177 0.03769230769230769 0.05439330543933055
0 0.6196153846153846 0.3959205020920502 0.025384615384615384 0.04079497907949791
0 0.5326923076923077 0.39539748953974896 0.025384615384615384 0.04184100418410042
0 0.5011538461538462 0.4361924686192469 0.026923076923076925 0.0397489539748954
0 0.4946153846153846 0.40219665271966526 0.018461538461538463 0.030334728033472803
0 0.445 0.40481171548117156 0.019230769230769232 0.03347280334728033
0 0.46076923076923076 0.4100418410041841 0.015384615384615385 0.027196652719665274
0 0.35423076923076924 0.3786610878661088 0.03 0.04811715481171548
0 0.22423076923076923 0.38964435146443516 0.03307692307692308 0.04707112970711297
0 0.16038461538461538 0.39644351464435146 0.022307692307692306 0.03347280334728033
0 0.13576923076923078 0.4089958158995816 0.014615384615384615 0.02301255230125523
0 0.24423076923076922 0.3985355648535565 0.016153846153846154 0.027196652719665274
0 0.2726923076923077 0.4157949790794979 0.01 0.01778242677824268
0 0.2957692307692308 0.41841004184100417 0.006923076923076923 0.010460251046025104
0 0.31038461538461537 0.4419456066945607 0.016153846153846154 0.07426778242677824
0 0.28923076923076924 0.41422594142259417 0.006153846153846154 0.010460251046025104
0 0.26692307692307693 0.4189330543933054 0.006153846153846154 0.011506276150627616
0 0.125 0.4110878661087866 0.008461538461538461 0.012552301255230125
0 0.12230769230769231 0.40481171548117156 0.007692307692307693 0.014644351464435146
0 0.0003846153846153846 0.3985355648535565 0.014615384615384615 0.02092050209205021
0 0.015 0.4131799163179916 0.013076923076923076 0.02092050209205021
0 0.05846153846153846 0.41161087866108786 0.009230769230769232 0.015690376569037656
0 0.07384615384615385 0.4121338912133891 0.007692307692307693 0.010460251046025104
0 0.10461538461538461 0.4121338912133891 0.006153846153846154 0.008368200836820083
0 0.09076923076923077 0.4157949790794979 0.004615384615384616 0.007322175732217573
0 0.07884615384615384 0.41265690376569036 0.006923076923076923 0.011506276150627616
0 0.045384615384615384 0.4157949790794979 0.006153846153846154 0.009414225941422594
