0 0.9342723004694836 0.39166666666666666 0.011737089201877934 0.020833333333333332
0 0.8943661971830986 0.3958333333333333 0.011737089201877934 0.020833333333333332
0 0.8673708920187794 0.38645833333333335 0.014084507042253521 0.022916666666666665
0 0.778169014084507 0.4 0.011737089201877934 0.025
0 0.7341549295774648 0.40625 0.01056338028169014 0.020833333333333332
0 0.7059859154929577 0.40729166666666666 0.012910798122065728 0.027083333333333334
0 0.6637323943661971 0.35104166666666664 0.04107981220657277 0.08125
0 0.5674882629107981 0.425 0.012910798122065728 0.029166666666666667
0 0.5475352112676056 0.42604166666666665 0.012910798122065728 0.027083333333333334
0 0.45715962441314556 0.41770833333333335 0.02464788732394366 0.04791666666666667
0 0.25586854460093894 0.346875 0.03990610328638498 0.09375
0 0.20598591549295775 0.4041666666666667 0.045774647887323945 0.08333333333333333
0 0.10152582159624413 0.44895833333333335 0.02699530516431925 0.052083333333333336
0 0.13556338028169015 0.4375 0.008215962441314555 0.016666666666666666
