0 0.0698356807511737 0.8697916666666666 0.04107981220657277 0.07291666666666667
0 0.08744131455399061 1.1364583333333333 0.06924882629107981 0.3729166666666667
0 0.3931924882629108 0.903125 0.03286384976525822 0.06041666666666667
0 0.36032863849765256 0.8510416666666667 0.028169014084507043 0.052083333333333336
0 0.38791079812206575 0.8197916666666667 0.02699530516431925 0.06041666666666667
0 0.45129107981220656 0.8447916666666667 0.02464788732394366 0.05625
0 0.482981220657277 0.9145833333333333 0.03169014084507042 0.07083333333333333
0 0.5269953051643192 0.9916666666666667 0.03990610328638498 0.075
0 0.5698356807511737 0.84375 0.022300469483568074 0.05
0 1.011150234741784 0.740625 0.017605633802816902 0.035416666666666666
0 0.8814553990610329 0.8395833333333333 0.035211267605633804 0.05416666666666667
0 0.784037558685446 0.8135416666666667 0.02112676056338028 0.04375
0 0.721830985915493 0.8333333333333334 0.02112676056338028 0.041666666666666664
0 0.7130281690140845 0.7489583333333333 0.017605633802816902 0.035416666666666666
0 0.863849765258216 0.7302083333333333 0.025821596244131457 0.03958333333333333
0 0.8403755868544601 0.7208333333333333 0.01643192488262911 0.03333333333333333
0 0.8967136150234741 0.6760416666666667 0.01643192488262911 0.027083333333333334
0 0.9454225352112676 0.709375 0.015258215962441314 0.03125
0 0.9583333333333334 0.6604166666666667 0.015258215962441314 0.025
0 0.9395539906103286 0.659375 0.012910798122065728 0.022916666666666665
0 0.9906103286384976 0.5916666666666667 0.007042253521126761 0.0125
0 0.7852112676056338 0.6739583333333333 0.01643192488262911 0.03125
0 0.8051643192488263 0.6604166666666667 0.014084507042253521 0.025
0 0.8609154929577465 0.6458333333333334 0.012910798122065728 0.025
0 0.8890845070422535 0.65 0.01056338028169014 0.020833333333333332
0 0.8186619718309859 0.6447916666666667 0.012910798122065728 0.027083333333333334
0 0.8174882629107981 0.628125 0.01056338028169014 0.01875
0 0.8345070422535211 0.615625 0.009389671361502348 0.014583333333333334
0 0.7576291079812206 0.6395833333333333 0.012910798122065728 0.020833333333333332
0 0.7188967136150235 0.675 0.015258215962441314 0.025
0 0.7024647887323944 0.6833333333333333 0.015258215962441314 0.029166666666666667
0 0.7335680751173709 0.6416666666666667 0.011737089201877934 0.025
0 0.6156103286384976 0.759375 0.01995305164319249 0.04791666666666667
0 0.5921361502347418 0.7552083333333334 0.017605633802816902 0.03125
0 0.5099765258215962 0.7354166666666667 0.015258215962441314 0.029166666666666667
0 0.528169014084507 0.7166666666666667 0.014084507042253521 0.029166666666666667
0 0.568075117370892 0.7291666666666666 0.02112676056338028 0.0375
0 0.5997652582159625 0.6854166666666667 0.01643192488262911 0.03333333333333333
0 0.6426056338028169 0.6947916666666667 0.017605633802816902 0.03125
0 0.4982394366197183 0.6822916666666666 0.015258215962441314 0.027083333333333334
0 0.48063380281690143 0.6895833333333333 0.015258215962441314 0.029166666666666667
0 0.4507042253521127 0.65625 0.014084507042253521 0.025
0 0.4025821596244131 0.771875 0.018779342723004695 0.04375
0 0.26115023474178406 0.8145833333333333 0.02464788732394366 0.05416666666666667
0 0.2347417840375587 0.7666666666666667 0.025821596244131457 0.04583333333333333
0 0.24237089201877934 0.7041666666666667 0.017605633802816902 0.03333333333333333
0 0.2147887323943662 0.6552083333333333 0.01643192488262911 0.027083333333333334
0 0.30633802816901406 0.6854166666666667 0.014084507042253521 0.03333333333333333
0 0.2916666666666667 0.684375 0.012910798122065728 0.022916666666666665
0 0.3104460093896714 0.634375 0.01056338028169014 0.01875
0 0.3345070422535211 0.6395833333333333 0.009389671361502348 0.016666666666666666
0 0.36678403755868544 0.671875 0.017605633802816902 0.03125
0 0.42664319248826293 0.6479166666666667 0.012910798122065728 0.025
0 0.4119718309859155 0.6427083333333333 0.014084507042253521 0.022916666666666665
0 0.45129107981220656 0.6427083333333333 0.01056338028169014 0.022916666666666665
0 0.45129107981220656 0.6447916666666667 0.012910798122065728 0.022916666666666665
0 0.4988262910798122 0.6625 0.014084507042253521 0.025
0 0.5152582159624414 0.6489583333333333 0.011737089201877934 0.022916666666666665
0 0.4988262910798122 0.634375 0.014084507042253521 0.022916666666666665
0 0.5123239436619719 0.6239583333333333 0.01056338028169014 0.01875
0 0.5481220657276995 0.6697916666666667 0.01643192488262911 0.03125
0 0.5633802816901409 0.625 0.009389671361502348 0.020833333333333332
0 0.5833333333333334 0.6354166666666666 0.009389671361502348 0.020833333333333332
0 0.5991784037558685 0.6520833333333333 0.015258215962441314 0.029166666666666667
0 0.6255868544600939 0.6635416666666667 0.014084507042253521 0.027083333333333334
0 0.6320422535211268 0.6145833333333334 0.008215962441314555 0.016666666666666666
0 0.6214788732394366 0.596875 0.008215962441314555 0.014583333333333334
0 0.6443661971830986 0.615625 0.009389671361502348 0.01875
0 0.6748826291079812 0.6604166666666667 0.014084507042253521 0.020833333333333332
0 0.6795774647887324 0.625 0.009389671361502348 0.016666666666666666
0 0.6936619718309859 0.6375 0.011737089201877934 0.020833333333333332
0 0.715962441314554 0.640625 0.011737089201877934 0.01875
0 0.721244131455399 0.6229166666666667 0.01056338028169014 0.020833333333333332
0 0.7570422535211268 0.6197916666666666 0.011737089201877934 0.01875
0 0.7318075117370892 0.596875 0.008215962441314555 0.014583333333333334
0 0.7112676056338029 0.61875 0.009389671361502348 0.016666666666666666
0 0.7053990610328639 0.6072916666666667 0.011737089201877934 0.01875
0 0.7341549295774648 0.584375 0.008215962441314555 0.014583333333333334
0 0.7822769953051644 0.5833333333333334 0.005868544600938967 0.0125
0 0.7981220657276995 0.5854166666666667 0.007042253521126761 0.0125
0 0.9448356807511737 0.5854166666666667 0.011737089201877934 0.016666666666666666
0 0.8867370892018779 0.5958333333333333 0.008215962441314555 0.016666666666666666
0 0.8926056338028169 0.584375 0.008215962441314555 0.014583333333333334
0 0.8726525821596244 0.590625 0.008215962441314555 0.014583333333333334
0 0.9113849765258216 0.5760416666666667 0.005868544600938967 0.010416666666666666
0 0.9900234741784038 0.5677083333333334 0.008215962441314555 0.014583333333333334
0 0.8444835680751174 0.5760416666666667 0.005868544600938967 0.010416666666666666
0 0.05516431924882629 0.6229166666666667 0.014084507042253521 0.025
0 0.10504694835680752 0.6333333333333333 0.017605633802816902 0.025
0 0.09154929577464789 0.7020833333333333 0.02112676056338028 0.0375
0 0.15082159624413147 0.7010416666666667 0.022300469483568074 0.03958333333333333
0 0.16314553990610328 0.7510416666666667 0.023474178403755867 0.03958333333333333
0 0.9395539906103286 0.659375 0.01056338028169014 0.01875
