0 -0.005868544600938967 0.42083333333333334 0.03051643192488263 0.058333333333333334
0 0.0029342723004694834 0.4708333333333333 0.01995305164319249 0.05
0 0.046948356807511735 0.5729166666666666 0.01643192488262911 0.029166666666666667
0 0.08568075117370892 0.6291666666666667 0.02112676056338028 0.041666666666666664
0 0.13262910798122066 0.46770833333333334 0.03286384976525822 0.06041666666666667
0 0.15316901408450703 0.43333333333333335 0.03873239436619718 0.075
0 0.19718309859154928 0.5010416666666667 0.025821596244131457 0.05625
0 0.24119718309859156 0.6385416666666667 0.01056338028169014 0.01875
0 0.2147887323943662 0.6854166666666667 0.03051643192488263 0.20833333333333334
0 0.2634976525821596 0.60625 0.012910798122065728 0.029166666666666667
0 0.3045774647887324 0.475 0.02699530516431925 0.058333333333333334
0 0.06455399061032864 0.5822916666666667 0.018779342723004695 0.035416666666666666
0 0.18896713615023475 0.4895833333333333 0.025821596244131457 0.05416666666666667
0 0.3732394366197183 0.3177083333333333 0.04929577464788732 0.11458333333333333
0 0.4818075117370892 0.44583333333333336 0.03403755868544601 0.06666666666666667
0 0.5416666666666666 0.5645833333333333 0.01995305164319249 0.041666666666666664
0 0.5293427230046949 0.5270833333333333 0.01643192488262911 0.03333333333333333
0 0.6091549295774648 0.5614583333333333 0.01643192488262911 0.03958333333333333
0 0.5809859154929577 0.6 0.014084507042253521 0.03333333333333333
0 0.6302816901408451 0.5864583333333333 0.018779342723004695 0.04375
0 0.6883802816901409 0.49895833333333334 0.02464788732394366 0.04791666666666667
0 0.7599765258215962 0.6552083333333333 0.01995305164319249 0.035416666666666666
0 0.7934272300469484 0.5510416666666667 0.02112676056338028 0.04791666666666667
0 0.8315727699530516 0.5635416666666667 0.01995305164319249 0.035416666666666666
0 0.8169014084507042 0.5322916666666667 0.023474178403755867 0.052083333333333336
0 0.8661971830985915 0.5104166666666666 0.023474178403755867 0.05416666666666667
0 0.8884976525821596 0.5354166666666667 0.018779342723004695 0.05
0 0.92018779342723 0.53125 0.02112676056338028 0.04583333333333333
0 0.9501173708920188 0.5010416666666667 0.022300469483568074 0.05625
0 0.9964788732394366 0.5072916666666667 0.025821596244131457 0.05625
