0 0.16549295774647887 0.4552083333333333 0.035211267605633804 0.06875
0 0.21009389671361503 0.5083333333333333 0.023474178403755867 0.04583333333333333
0 0.24530516431924881 0.6135416666666667 0.023474178403755867 0.04375
0 0.3268779342723005 0.446875 0.03873239436619718 0.07708333333333334
0 0.34683098591549294 0.5010416666666667 0.02699530516431925 0.04791666666666667
0 0.3714788732394366 0.4947916666666667 0.02699530516431925 0.03958333333333333
0 0.42194835680751175 0.5489583333333333 0.02464788732394366 0.04375
0 0.4477699530516432 0.5145833333333333 0.022300469483568074 0.041666666666666664
0 0.47417840375586856 0.45416666666666666 0.035211267605633804 0.07083333333333333
0 0.49119718309859156 0.48020833333333335 0.02464788732394366 0.052083333333333336
0 0.5528169014084507 0.4875 0.023474178403755867 0.05
0 0.647887323943662 0.428125 0.03990610328638498 0.08125
0 0.6654929577464789 0.371875 0.0892018779342723 0.19375
