0 0.021923076923076924 0.6813417190775681 0.01769230769230769 0.03563941299790356
0 0.04346153846153846 0.6582809224318659 0.025384615384615384 0.04612159329140461
0 0.09769230769230769 0.5864779874213837 0.038461538461538464 0.04716981132075472
0 0.14076923076923076 0.6336477987421384 0.033846153846153845 0.03459119496855346
0 0.17153846153846153 0.6252620545073375 0.03230769230769231 0.040880503144654086
0 0.24769230769230768 0.6802935010482181 0.013846153846153847 0.020964360587002098
0 0.26576923076923076 0.690251572327044 0.016153846153846154 0.0220125786163522
0 0.3942307692307692 0.5083857442348009 0.05153846153846154 0.06289308176100629
0 0.4165384615384615 0.6231656184486373 0.025384615384615384 0.03878406708595388
0 0.47115384615384615 0.6802935010482181 0.01769230769230769 0.027253668763102725
0 0.5119230769230769 0.6530398322851153 0.023846153846153847 0.031446540880503145
0 0.5480769230769231 0.639937106918239 0.026923076923076925 0.03878406708595388
0 0.5861538461538461 0.6975890985324947 0.004615384615384616 0.007337526205450734
0 0.6592307692307692 0.6719077568134172 0.010769230769230769 0.016771488469601678
0 0.7203846153846154 0.6865828092243187 0.008461538461538461 0.012578616352201259
0 0.7634615384615384 0.6436058700209644 0.019230769230769232 0.031446540880503145
0 0.7965384615384615 0.6331236897274634 0.026923076923076925 0.033542976939203356
0 0.8076923076923077 0.6284067085953878 0.018461538461538463 0.02830188679245283
0 0.8973076923076924 0.710167714884696 0.03307692307692308 0.1310272536687631
0 0.938076923076923 0.5780922431865828 0.03 0.04507337526205451
0 0.946923076923077 0.5786163522012578 0.033846153846153845 0.04612159329140461
0 0.11346153846153846 0.689727463312369 0.016153846153846154 0.020964360587002098
0 0.49038461538461536 0.6965408805031447 0.006923076923076923 0.009433962264150943
0 0.6973076923076923 0.6724318658280922 0.005384615384615384 0.007337526205450734
