0 0.03990610328638498 0.775 0.007042253521126761 0.0125
0 0.05046948356807512 0.7729166666666667 0.004694835680751174 0.008333333333333333
0 0.056924882629107984 0.796875 0.015258215962441314 0.06875
0 0.07511737089201878 0.76875 0.007042253521126761 0.0125
0 0.20950704225352113 0.796875 0.015258215962441314 0.06041666666666667
0 0.22359154929577466 0.7760416666666666 0.005868544600938967 0.010416666666666666
0 0.2775821596244131 0.771875 0.012910798122065728 0.027083333333333334
0 0.3051643192488263 0.76875 0.014084507042253521 0.025
0 0.32981220657276994 0.775 0.004694835680751174 0.008333333333333333
0 0.34917840375586856 0.8020833333333334 0.01056338028169014 0.0875
0 0.3585680751173709 0.7625 0.008215962441314555 0.0125
0 0.3996478873239437 0.7614583333333333 0.008215962441314555 0.014583333333333334
0 0.4137323943661972 0.76875 0.008215962441314555 0.016666666666666666
0 0.4278169014084507 0.759375 0.008215962441314555 0.014583333333333334
0 0.43838028169014087 0.7614583333333333 0.008215962441314555 0.014583333333333334
0 0.45892018779342725 0.759375 0.011737089201877934 0.014583333333333334
0 0.47007042253521125 0.7677083333333333 0.008215962441314555 0.014583333333333334
0 0.5011737089201878 0.7739583333333333 0.007042253521126761 0.010416666666666666
0 0.5082159624413145 0.771875 0.004694835680751174 0.010416666666666666
0 0.522887323943662 0.775 0.005868544600938967 0.0125
0 0.556924882629108 0.7635416666666667 0.005868544600938967 0.010416666666666666
0 0.5780516431924883 0.7760416666666666 0.005868544600938967 0.010416666666666666
0 0.6132629107981221 0.7708333333333334 0.005868544600938967 0.0125
0 0.6684272300469484 0.7645833333333333 0.005868544600938967 0.0125
0 0.6784037558685446 0.7895833333333333 0.014084507042253521 0.06666666666666667
0 0.6907276995305164 0.79375 0.015258215962441314 0.075
0 0.698943661971831 0.771875 0.005868544600938967 0.010416666666666666
0 0.7059859154929577 0.7697916666666667 0.005868544600938967 0.010416666666666666
0 0.818075117370892 0.7625 0.009389671361502348 0.016666666666666666
0 0.8397887323943662 0.7989583333333333 0.005868544600938967 0.010416666666666666
0 0.8380281690140845 0.7677083333333333 0.004694835680751174 0.010416666666666666
0 0.8538732394366197 0.7625 0.005868544600938967 0.0125
0 0.8609154929577465 0.7614583333333333 0.005868544600938967 0.010416666666666666
0 0.8697183098591549 0.790625 0.014084507042253521 0.06041666666666667
0 0.9401408450704225 0.7645833333333333 0.007042253521126761 0.0125
0 0.948943661971831 0.7729166666666667 0.008215962441314555 0.016666666666666666
0 0.7705399061032864 0.7322916666666667 0.022300469483568074 0.03958333333333333
0 0.45715962441314556 0.775 0.005868544600938967 0.0125
