0 0.055 0.571652719665272 0.019230769230769232 0.032426778242677826
0 0.17923076923076922 0.5622384937238494 0.018461538461538463 0.032426778242677826
0 0.16307692307692306 0.551255230125523 0.018461538461538463 0.03556485355648536
0 0.20692307692307693 0.5209205020920502 0.02 0.027196652719665274
0 0.26653846153846156 0.5167364016736402 0.02076923076923077 0.03556485355648536
0 0.26653846153846156 0.5083682008368201 0.019230769230769232 0.03138075313807531
0 0.3269230769230769 0.5271966527196653 0.024615384615384615 0.04184100418410042
0 0.2996153846153846 0.502092050209205 0.01769230769230769 0.03556485355648536
0 0.35423076923076924 0.5172594142259415 0.02076923076923077 0.028242677824267783
0 0.34384615384615386 0.5067991631799164 0.021538461538461538 0.032426778242677826
0 0.46 0.5700836820083682 0.024615384615384615 0.03556485355648536
0 0.4519230769230769 0.5570083682008368 0.02076923076923077 0.034518828451882845
0 0.5661538461538461 0.5946652719665272 0.02 0.030334728033472803
0 0.515 0.5392259414225942 0.019230769230769232 0.030334728033472803
0 0.5069230769230769 0.5251046025104602 0.02 0.029288702928870293
0 0.6388461538461538 0.5826359832635983 0.022307692307692306 0.03556485355648536
0 0.625 0.48797071129707115 0.013076923076923076 0.021966527196652718
0 0.5773076923076923 0.4665271966527197 0.01769230769230769 0.029288702928870293
0 0.505 0.5214435146443515 0.02076923076923077 0.028242677824267783
0 0.37423076923076926 0.42573221757322177 0.014615384615384615 0.01882845188284519
0 0.31961538461538463 0.426255230125523 0.014615384615384615 0.02405857740585774
0 0.2653846153846154 0.399581589958159 0.012307692307692308 0.02092050209205021
0 0.25153846153846154 0.40585774058577406 0.013846153846153847 0.02092050209205021
0 0.16423076923076924 0.3587866108786611 0.011538461538461539 0.016736401673640166
0 0.10076923076923076 0.2662133891213389 0.007692307692307693 0.011506276150627616
0 0.07769230769230769 0.25313807531380755 0.009230769230769232 0.010460251046025104
0 0.05923076923076923 0.2735355648535565 0.007692307692307693 0.011506276150627616
0 0.05615384615384615 0.2510460251046025 0.007692307692307693 0.012552301255230125
0 0.006153846153846154 0.18880753138075315 0.009230769230769232 0.015690376569037656
0 0.10807692307692307 0.17154811715481172 0.005384615384615384 0.008368200836820083
0 0.1226923076923077 0.1799163179916318 0.005384615384615384 0.006276150627615063
0 0.14807692307692308 0.17259414225941422 0.005384615384615384 0.006276150627615063
0 0.15615384615384614 0.19142259414225943 0.015384615384615385 0.05230125523012552
0 0.17 0.174163179916318 0.004615384615384616 0.007322175732217573
0 0.2276923076923077 0.19089958158995815 0.006153846153846154 0.007322175732217573
0 0.22384615384615383 0.18619246861924685 0.006153846153846154 0.010460251046025104
0 0.17615384615384616 0.16684100418410042 0.004615384615384616 0.007322175732217573
0 0.2969230769230769 0.1412133891213389 0.003076923076923077 0.0041841004184100415
0 0.32384615384615384 0.14748953974895398 0.004615384615384616 0.006276150627615063
0 0.3069230769230769 0.22541841004184102 0.004615384615384616 0.007322175732217573
0 0.3080769230769231 0.23535564853556484 0.016153846153846154 0.0397489539748954
0 0.32846153846153847 0.2217573221757322 0.013846153846153847 0.04602510460251046
0 0.34076923076923077 0.20292887029288703 0.006153846153846154 0.008368200836820083
0 0.27692307692307694 0.350418410041841 0.013846153846153847 0.01882845188284519
0 0.2642307692307692 0.3561715481171548 0.011538461538461539 0.01778242677824268
0 0.30115384615384616 0.3410041841004184 0.01 0.016736401673640166
0 0.33 0.3410041841004184 0.012307692307692308 0.01882845188284519
0 0.49423076923076925 0.3619246861924686 0.013076923076923076 0.01882845188284519
0 0.535 0.37186192468619245 0.013076923076923076 0.01778242677824268
0 0.5373076923076923 0.3305439330543933 0.01 0.014644351464435146
0 0.9803846153846154 0.1997907949790795 0.014615384615384615 0.0502092050209205
0 0.9653846153846154 0.1788702928870293 0.004615384615384616 0.008368200836820083
0 0.943076923076923 0.17730125523012552 0.004615384615384616 0.007322175732217573
0 0.9030769230769231 0.16893305439330544 0.003076923076923077 0.005230125523012552
0 0.8996153846153846 0.16788702928870292 0.0038461538461538464 0.005230125523012552
0 0.7415384615384616 0.13755230125523013 0.009230769230769232 0.030334728033472803
0 0.7473076923076923 0.13127615062761505 0.0038461538461538464 0.005230125523012552
0 0.7534615384615385 0.1401673640167364 0.008461538461538461 0.027196652719665274
0 0.6857692307692308 0.11976987447698745 0.0038461538461538464 0.005230125523012552
0 0.6623076923076923 0.13232217573221758 0.009230769230769232 0.030334728033472803
0 0.6365384615384615 0.11767782426778242 0.0038461538461538464 0.005230125523012552
0 0.6269230769230769 0.1202928870292887 0.003076923076923077 0.0041841004184100415
0 0.6192307692307693 0.12918410041841005 0.009230769230769232 0.028242677824267783
0 0.5357692307692308 0.11349372384937238 0.0038461538461538464 0.005230125523012552
0 0.5311538461538462 0.1145397489539749 0.0038461538461538464 0.005230125523012552
0 0.4980769230769231 0.11558577405857741 0.0038461538461538464 0.005230125523012552
0 0.47307692307692306 0.1297071129707113 0.009230769230769232 0.029288702928870293
0 0.46692307692307694 0.1297071129707113 0.007692307692307693 0.029288702928870293
0 0.45615384615384613 0.13127615062761505 0.010769230769230769 0.034518828451882845
0 0.4503846153846154 0.13179916317991633 0.011538461538461539 0.03347280334728033
0 0.3384615384615385 0.14539748953974896 0.009230769230769232 0.03556485355648536
0 0.28115384615384614 0.26778242677824265 0.008461538461538461 0.016736401673640166
0 0.29423076923076924 0.2907949790794979 0.008461538461538461 0.014644351464435146
0 0.3069230769230769 0.29916317991631797 0.009230769230769232 0.012552301255230125
0 0.3211538461538462 0.2918410041841004 0.01 0.012552301255230125
0 0.3426923076923077 0.3075313807531381 0.008461538461538461 0.012552301255230125
0 0.3607692307692308 0.303347280334728 0.010769230769230769 0.014644351464435146
0 0.38884615384615384 0.3075313807531381 0.01 0.014644351464435146
0 0.4288461538461538 0.3195606694560669 0.013076923076923076 0.0198744769874477
0 0.4623076923076923 0.32792887029288703 0.012307692307692308 0.013598326359832637
0 0.5157692307692308 0.3399581589958159 0.01 0.014644351464435146
0 0.49423076923076925 0.3127615062761506 0.01 0.016736401673640166
0 0.5915384615384616 0.3226987447698745 0.009230769230769232 0.013598326359832637
0 0.6176923076923077 0.3436192468619247 0.010769230769230769 0.015690376569037656
0 0.6284615384615385 0.3101464435146444 0.010769230769230769 0.015690376569037656
0 0.6873076923076923 0.34675732217573224 0.01 0.013598326359832637
0 0.7111538461538461 0.32688284518828453 0.013076923076923076 0.01778242677824268
0 0.7507692307692307 0.3253138075313807 0.009230769230769232 0.014644351464435146
0 0.7538461538461538 0.3111924686192469 0.012307692307692308 0.015690376569037656
0 0.7357692307692307 0.3111924686192469 0.008461538461538461 0.015690376569037656
0 0.7046153846153846 0.31642259414225943 0.009230769230769232 0.013598326359832637
0 0.6738461538461539 0.3023012552301255 0.009230769230769232 0.014644351464435146
0 0.6603846153846153 0.29341004184100417 0.011538461538461539 0.01778242677824268
0 0.5753846153846154 0.29497907949790797 0.009230769230769232 0.014644351464435146
0 0.625 0.2348326359832636 0.014615384615384615 0.049163179916317995
0 0.6246153846153846 0.21182008368200836 0.004615384615384616 0.007322175732217573
0 0.6176923076923077 0.21443514644351463 0.006153846153846154 0.008368200836820083
0 0.6134615384615385 0.20920502092050208 0.005384615384615384 0.008368200836820083
0 0.5930769230769231 0.20397489539748953 0.004615384615384616 0.006276150627615063
0 0.5853846153846154 0.2044979079497908 0.004615384615384616 0.007322175732217573
0 0.5707692307692308 0.22751046025104602 0.006153846153846154 0.007322175732217573
0 0.5388461538461539 0.22698744769874477 0.005384615384615384 0.008368200836820083
0 0.5053846153846154 0.2567991631799163 0.007692307692307693 0.011506276150627616
0 0.4803846153846154 0.24372384937238495 0.008461538461538461 0.010460251046025104
0 0.46692307692307694 0.26464435146443516 0.004615384615384616 0.006276150627615063
0 0.4553846153846154 0.2567991631799163 0.006153846153846154 0.011506276150627616
0 0.4 0.2834728033472803 0.007692307692307693 0.014644351464435146
0 0.34307692307692306 0.3064853556485356 0.007692307692307693 0.010460251046025104
0 0.365 0.28556485355648537 0.008461538461538461 0.014644351464435146
0 0.3507692307692308 0.24267782426778242 0.007692307692307693 0.012552301255230125
0 0.36923076923076925 0.2405857740585774 0.006153846153846154 0.010460251046025104
0 0.34615384615384615 0.22960251046025104 0.006153846153846154 0.009414225941422594
0 0.33807692307692305 0.22646443514644352 0.005384615384615384 0.009414225941422594
0 0.3803846153846154 0.22071129707112971 0.006923076923076923 0.012552301255230125
0 0.39884615384615385 0.22123430962343096 0.005384615384615384 0.009414225941422594
0 0.42346153846153844 0.2547071129707113 0.008461538461538461 0.011506276150627616
0 0.41884615384615387 0.24843096234309622 0.005384615384615384 0.009414225941422594
0 0.4503846153846154 0.2384937238493724 0.006923076923076923 0.012552301255230125
0 0.4969230769230769 0.23587866108786612 0.006153846153846154 0.009414225941422594
0 0.4765384615384615 0.23640167364016737 0.006923076923076923 0.010460251046025104
0 0.5038461538461538 0.2290794979079498 0.006153846153846154 0.008368200836820083
0 0.5430769230769231 0.21652719665271966 0.006153846153846154 0.008368200836820083
0 0.5242307692307693 0.21443514644351463 0.005384615384615384 0.008368200836820083
0 0.5153846153846153 0.2055439330543933 0.004615384615384616 0.007322175732217573
0 0.5084615384615384 0.20711297071129708 0.004615384615384616 0.008368200836820083
0 0.4976923076923077 0.2301255230125523 0.013846153846153847 0.05439330543933055
0 0.4980769230769231 0.22541841004184102 0.014615384615384615 0.0596234309623431
0 0.49 0.1961297071129707 0.006153846153846154 0.009414225941422594
0 0.4823076923076923 0.20606694560669456 0.004615384615384616 0.008368200836820083
0 0.4723076923076923 0.20606694560669456 0.006153846153846154 0.008368200836820083
0 0.4684615384615385 0.21286610878661089 0.004615384615384616 0.007322175732217573
0 0.4596153846153846 0.2102510460251046 0.005384615384615384 0.008368200836820083
0 0.44846153846153847 0.2160041841004184 0.004615384615384616 0.007322175732217573
0 0.4403846153846154 0.22018828451882846 0.006923076923076923 0.007322175732217573
0 0.4426923076923077 0.2160041841004184 0.005384615384615384 0.009414225941422594
0 0.42653846153846153 0.2301255230125523 0.005384615384615384 0.008368200836820083
0 0.42 0.22855648535564854 0.006153846153846154 0.009414225941422594
0 0.37461538461538463 0.21809623430962344 0.006153846153846154 0.009414225941422594
0 0.36038461538461536 0.20711297071129708 0.005384615384615384 0.006276150627615063
0 0.37538461538461537 0.20188284518828453 0.007692307692307693 0.010460251046025104
0 0.38 0.1997907949790795 0.004615384615384616 0.006276150627615063
0 0.3903846153846154 0.19874476987447698 0.006923076923076923 0.010460251046025104
0 0.3769230769230769 0.20868200836820083 0.012307692307692308 0.04497907949790795
0 0.3926923076923077 0.20763598326359833 0.01769230769230769 0.05753138075313807
0 0.4046153846153846 0.22228033472803346 0.012307692307692308 0.053347280334728034
0 0.41807692307692307 0.20815899581589958 0.008461538461538461 0.010460251046025104
0 0.4276923076923077 0.2065899581589958 0.006153846153846154 0.007322175732217573
0 0.42653846153846153 0.1940376569037657 0.0038461538461538464 0.005230125523012552
0 0.44461538461538463 0.22489539748953974 0.02 0.06276150627615062
0 0.465 0.18671548117154813 0.005384615384615384 0.007322175732217573
0 0.47307692307692306 0.18619246861924685 0.004615384615384616 0.006276150627615063
0 0.49230769230769234 0.18776150627615062 0.004615384615384616 0.005230125523012552
0 0.49153846153846154 0.18671548117154813 0.004615384615384616 0.007322175732217573
0 0.5042307692307693 0.174163179916318 0.0038461538461538464 0.005230125523012552
0 0.5265384615384615 0.17730125523012552 0.005384615384615384 0.007322175732217573
0 0.545 0.18619246861924685 0.0038461538461538464 0.0041841004184100415
0 0.5576923076923077 0.18410041841004185 0.004615384615384616 0.006276150627615063
0 0.52 0.17834728033472802 0.004615384615384616 0.007322175732217573
0 0.5246153846153846 0.17364016736401675 0.006153846153846154 0.008368200836820083
0 0.53 0.1893305439330544 0.009230769230769232 0.0397489539748954
0 0.5480769230769231 0.18200836820083682 0.0038461538461538464 0.006276150627615063
0 0.5692307692307692 0.1809623430962343 0.004615384615384616 0.006276150627615063
0 0.5673076923076923 0.17782426778242677 0.002307692307692308 0.0041841004184100415
0 0.558076923076923 0.1705020920502092 0.0038461538461538464 0.0041841004184100415
0 0.5503846153846154 0.1694560669456067 0.0038461538461538464 0.006276150627615063
0 0.54 0.18043933054393305 0.009230769230769232 0.032426778242677826
0 0.5773076923076923 0.19456066945606695 0.005384615384615384 0.008368200836820083
0 0.5865384615384616 0.19456066945606695 0.005384615384615384 0.008368200836820083
0 0.5823076923076923 0.20031380753138076 0.010769230769230769 0.04497907949790795
0 0.6061538461538462 0.17364016736401675 0.004615384615384616 0.006276150627615063
0 0.6007692307692307 0.1647489539748954 0.003076923076923077 0.005230125523012552
0 0.6080769230769231 0.17625523012552302 0.01 0.032426778242677826
0 0.34076923076923077 0.15376569037656904 0.013846153846153847 0.043933054393305436
0 0.8869230769230769 0.16579497907949792 0.003076923076923077 0.005230125523012552
