0 0.9302564102564103 0.6801470588235294 0.018461538461538463 0.03308823529411765
0 0.8784615384615385 0.6856617647058824 0.015384615384615385 0.03676470588235294
0 0.8682051282051282 0.6911764705882353 0.017435897435897435 0.03676470588235294
0 0.8215384615384616 0.6755514705882353 0.02666666666666667 0.05698529411764706
0 0.8276923076923077 0.6930147058823529 0.018461538461538463 0.03308823529411765
0 0.7661538461538462 0.6810661764705882 0.020512820512820513 0.042279411764705885
0 0.7251282051282051 0.6875 0.014358974358974359 0.03308823529411765
0 0.7333333333333333 0.6783088235294118 0.012307692307692308 0.025735294117647058
0 0.6994871794871795 0.6590073529411765 0.018461538461538463 0.04595588235294118
0 0.661025641025641 0.6516544117647058 0.019487179487179488 0.042279411764705885
0 0.6733333333333333 0.6608455882352942 0.015384615384615385 0.034926470588235295
0 0.5928205128205128 0.6617647058823529 0.014358974358974359 0.025735294117647058
0 0.6271794871794871 0.6727941176470589 0.0071794871794871795 0.014705882352941176
0 0.5553846153846154 0.671875 0.011282051282051283 0.027573529411764705
0 0.5317948717948718 0.6755514705882353 0.0071794871794871795 0.016544117647058824
0 0.5041025641025642 0.6746323529411765 0.0071794871794871795 0.014705882352941176
0 0.4907692307692308 0.6755514705882353 0.0071794871794871795 0.016544117647058824
0 0.4841025641025641 0.6773897058823529 0.010256410256410256 0.027573529411764705
0 0.46307692307692305 0.6792279411764706 0.0071794871794871795 0.016544117647058824
0 0.45692307692307693 0.6829044117647058 0.011282051282051283 0.027573529411764705
0 0.4323076923076923 0.6737132352941176 0.0071794871794871795 0.016544117647058824
0 0.42256410256410254 0.6755514705882353 0.008205128205128205 0.016544117647058824
0 0.40923076923076923 0.6783088235294118 0.006153846153846154 0.014705882352941176
0 0.3953846153846154 0.7454044117647058 0.015384615384615385 0.034926470588235295
0 0.3594871794871795 0.6939338235294118 0.02358974358974359 0.04963235294117647
0 0.33282051282051284 0.6608455882352942 0.009230769230769232 0.02022058823529412
0 0.3128205128205128 0.6681985294117647 0.008205128205128205 0.02022058823529412
0 0.2923076923076923 0.7003676470588235 0.022564102564102566 0.05514705882352941
0 0.2282051282051282 0.6700367647058824 0.013333333333333334 0.02389705882352941
0 0.20666666666666667 0.6516544117647058 0.021538461538461538 0.04963235294117647
0 0.14512820512820512 0.6663602941176471 0.019487179487179488 0.05330882352941176
