0 0.9253846153846154 0.6337513061650992 0.026153846153846153 0.04493207941483804
0 0.9615384615384616 0.6327063740856844 0.027692307692307693 0.04493207941483804
0 0.9896153846153846 0.6347962382445141 0.01769230769230769 0.02821316614420063
0 0.94 0.6055381400208987 0.024615384615384615 0.02821316614420063
0 0.8934615384615384 0.6269592476489029 0.016153846153846154 0.025078369905956112
0 0.8561538461538462 0.6280041797283177 0.016923076923076923 0.029258098223615466
0 0.8503846153846154 0.6076280041797283 0.014615384615384615 0.024033437826541274
0 0.8411538461538461 0.6165099268547545 0.023846153846153847 0.03134796238244514
0 0.8038461538461539 0.6410658307210031 0.026153846153846153 0.042842215256008356
0 0.8092307692307692 0.61337513061651 0.02 0.027168234064785787
0 0.7807692307692308 0.635841170323929 0.023076923076923078 0.02821316614420063
0 0.7580769230769231 0.6332288401253918 0.016153846153846154 0.022988505747126436
0 0.7646153846153846 0.6149425287356322 0.016923076923076923 0.02612330198537095
0 0.7219230769230769 0.6175548589341693 0.02076923076923077 0.029258098223615466
0 0.7315384615384616 0.6076280041797283 0.016923076923076923 0.0219435736677116
0 0.695 0.6170323928944619 0.014615384615384615 0.019853709508881923
0 0.6692307692307692 0.5992685475444096 0.015384615384615385 0.024033437826541274
0 0.6330769230769231 0.6191222570532915 0.012307692307692308 0.019853709508881923
0 0.6061538461538462 0.6316614420062696 0.009230769230769232 0.017763845350052248
0 0.6461538461538462 0.622257053291536 0.010769230769230769 0.01567398119122257
0 0.5723076923076923 0.6227795193312434 0.012307692307692308 0.018808777429467086
0 0.5846153846153846 0.6201671891327064 0.010769230769230769 0.01567398119122257
0 0.5911538461538461 0.6206896551724138 0.008461538461538461 0.01671891327063741
0 0.61 0.6238244514106583 0.009230769230769232 0.01671891327063741
0 0.565 0.6065830721003135 0.01 0.019853709508881923
0 0.541923076923077 0.6274817136886103 0.008461538461538461 0.017763845350052248
0 0.5365384615384615 0.6128526645768025 0.008461538461538461 0.011494252873563218
0 0.5246153846153846 0.6138975966562173 0.007692307692307693 0.013584117032392894
0 0.5111538461538462 0.6039707419017764 0.006923076923076923 0.01044932079414838
0 0.5080769230769231 0.5992685475444096 0.006923076923076923 0.011494252873563218
0 0.47846153846153844 0.6102403343782654 0.010769230769230769 0.018808777429467086
0 0.5011538461538462 0.5982236154649948 0.006923076923076923 0.011494252873563218
0 0.5523076923076923 0.6112852664576802 0.009230769230769232 0.014629049111807733
0 0.23884615384615385 0.6536050156739812 0.03461538461538462 0.06374085684430512
0 0.12692307692307692 0.6044932079414838 0.046153846153846156 0.07001044932079414
0 -0.006153846153846154 0.6342737722048067 0.04461538461538461 0.08150470219435736
0 0.06653846153846153 0.5992685475444096 0.023846153846153847 0.038662486938349006
0 0.09769230769230769 0.5966562173458725 0.016923076923076923 0.027168234064785787
0 0.1576923076923077 0.6060606060606061 0.016923076923076923 0.03343782654127482
0 0.1673076923076923 0.6233019853709509 0.01769230769230769 0.030303030303030304
0 0.195 0.6394984326018809 0.011538461538461539 0.02089864158829676
0 0.18346153846153845 0.6175548589341693 0.013076923076923076 0.02089864158829676
0 0.22615384615384615 0.6248693834900731 0.016923076923076923 0.027168234064785787
0 0.285 0.6159874608150471 0.016153846153846154 0.02612330198537095
0 0.29846153846153844 0.619644723092999 0.010769230769230769 0.022988505747126436
0 0.3269230769230769 0.619644723092999 0.009230769230769232 0.014629049111807733
0 0.3323076923076923 0.6159874608150471 0.009230769230769232 0.013584117032392894
0 0.2526923076923077 0.6144200626959248 0.013076923076923076 0.022988505747126436
0 0.2246153846153846 0.6212121212121212 0.016923076923076923 0.030303030303030304
