0 0.0357981220657277 0.5864583333333333 0.01056338028169014 0.01875
0 0.07394366197183098 0.5875 0.007042253521126761 0.016666666666666666
0 0.12265258215962441 0.5395833333333333 0.02464788732394366 0.05
0 0.17546948356807512 0.5364583333333334 0.02699530516431925 0.05625
0 0.22124413145539906 0.51875 0.02464788732394366 0.041666666666666664
0 0.2664319248826291 0.5427083333333333 0.014084507042253521 0.027083333333333334
0 0.2887323943661972 0.5354166666666667 0.009389671361502348 0.016666666666666666
0 0.31572769953051644 0.534375 0.011737089201877934 0.01875
0 0.3738262910798122 0.5572916666666666 0.01056338028169014 0.022916666666666665
0 0.3902582159624413 0.49270833333333336 0.012910798122065728 0.027083333333333334
0 0.3955399061032864 0.5 0.014084507042253521 0.029166666666666667
0 0.4753521126760563 0.5 0.014084507042253521 0.025
0 0.49061032863849763 0.496875 0.011737089201877934 0.027083333333333334
0 0.4865023474178404 0.58125 0.045774647887323945 0.2
0 0.5105633802816901 0.5114583333333333 0.011737089201877934 0.022916666666666665
0 0.5275821596244131 0.5052083333333334 0.015258215962441314 0.03125
0 0.5404929577464789 0.4895833333333333 0.015258215962441314 0.025
0 0.5669014084507042 0.5072916666666667 0.009389671361502348 0.01875
0 0.5809859154929577 0.490625 0.014084507042253521 0.027083333333333334
0 0.619131455399061 0.475 0.017605633802816902 0.029166666666666667
