0 0.949 0.528156221616712 0.019333333333333334 0.02452316076294278
0 0.9853333333333333 0.4981834695731153 0.016 0.01907356948228883
0 0.9696666666666667 0.5040871934604905 0.011333333333333334 0.01634877384196185
0 0.926 0.49545867393278836 0.013333333333333334 0.01725703905540418
0 0.9093333333333333 0.49591280653950953 0.012 0.018165304268846504
0 0.905 0.48501362397820164 0.01 0.014532243415077202
0 0.8746666666666667 0.49591280653950953 0.006666666666666667 0.007266121707538601
0 0.86 0.49364214350590374 0.008 0.011807447774750226
0 0.8476666666666667 0.4927338782924614 0.008666666666666666 0.011807447774750226
0 0.841 0.49909173478655766 0.007333333333333333 0.011807447774750226
0 0.818 0.47411444141689374 0.013333333333333334 0.023614895549500452
0 0.8036666666666666 0.494550408719346 0.006 0.008174386920980926
0 0.7936666666666666 0.5009082652134423 0.004666666666666667 0.006357856494096276
0 0.784 0.5022706630336058 0.005333333333333333 0.007266121707538601
0 0.7736666666666666 0.5031789282470481 0.0033333333333333335 0.005449591280653951
0 0.7656666666666667 0.5031789282470481 0.0033333333333333335 0.005449591280653951
0 0.7573333333333333 0.4963669391462307 0.004 0.006357856494096276
0 0.748 0.5018165304268847 0.006666666666666667 0.008174386920980926
0 0.7303333333333333 0.5040871934604905 0.006 0.009082652134423252
0 0.727 0.49954586739327883 0.006 0.009082652134423252
0 0.718 0.5031789282470481 0.004 0.005449591280653951
0 0.6856666666666666 0.42915531335149865 0.023333333333333334 0.035422343324250684
0 0.669 0.4732061762034514 0.027333333333333334 0.03633060853769301
0 0.6196666666666667 0.3810172570390554 0.023333333333333334 0.03723887375113533
0 0.5396666666666666 0.39146230699364215 0.016666666666666666 0.030881017257039057
0 0.555 0.4287011807447775 0.023333333333333334 0.03996366939146231
0 0.42933333333333334 0.45322434150772023 0.02 0.030881017257039057
0 0.44366666666666665 0.47593097184377836 0.014 0.021798365122615803
0 0.38266666666666665 0.5018165304268847 0.017333333333333333 0.02997275204359673
0 0.36666666666666664 0.49318801089918257 0.021333333333333333 0.03451407811080836
0 0.34833333333333333 0.5277020890099909 0.007333333333333333 0.012715712988192553
0 0.341 0.49182561307901906 0.01 0.01725703905540418
0 0.314 0.4872842870118074 0.006666666666666667 0.009990917347865577
0 0.30766666666666664 0.5018165304268847 0.011333333333333334 0.015440508628519528
0 0.30733333333333335 0.49182561307901906 0.012 0.01725703905540418
0 0.30033333333333334 0.49227974568574023 0.006 0.010899182561307902
0 0.27366666666666667 0.4891008174386921 0.018 0.02815622161671208
0 0.2633333333333333 0.4977293369663942 0.013333333333333334 0.019981834695731154
0 0.19333333333333333 0.49364214350590374 0.014666666666666666 0.02089009990917348
0 0.15366666666666667 0.5481380563124433 0.012666666666666666 0.015440508628519528
0 0.18 0.4977293369663942 0.016 0.027247956403269755
0 0.12833333333333333 0.49727520435967304 0.019333333333333334 0.02452316076294278
0 0.09566666666666666 0.46911898274296093 0.034 0.04450499545867393
