0 0.3179166666666667 0.40668523676880225 0.008333333333333333 0.036211699164345405
0 0.338125 0.4192200557103064 0.00875 0.04178272980501393
0 0.37916666666666665 0.42827298050139273 0.008333333333333333 0.034818941504178275
0 0.43375 0.4805013927576602 0.009166666666666667 0.04178272980501393
0 0.4735416666666667 0.49025069637883006 0.010416666666666666 0.04456824512534819
0 0.5325 0.5383008356545961 0.0075 0.037604456824512536
0 0.54625 0.5459610027855153 0.01 0.033426183844011144
0 0.5591666666666667 0.5564066852367688 0.011666666666666667 0.04596100278551532
0 0.595 0.5940111420612814 0.009166666666666667 0.04317548746518106
0 0.6204166666666666 0.6149025069637883 0.008333333333333333 0.034818941504178275
0 0.6458333333333334 0.5835654596100278 0.01 0.04178272980501393
0 0.690625 0.6629526462395543 0.009583333333333333 0.03899721448467967
