0 0.0715962441314554 0.4666666666666667 0.01643192488262911 0.0375
0 0.11384976525821597 0.44895833333333335 0.023474178403755867 0.04791666666666667
0 0.2106807511737089 0.4427083333333333 0.036384976525821594 0.07708333333333334
0 0.27523474178403756 0.46458333333333335 0.008215962441314555 0.0125
0 0.29460093896713613 0.46145833333333336 0.007042253521126761 0.014583333333333334
0 0.340962441314554 0.4708333333333333 0.008215962441314555 0.016666666666666666
0 0.3738262910798122 0.471875 0.008215962441314555 0.01875
0 0.40669014084507044 0.4625 0.008215962441314555 0.016666666666666666
0 0.44190140845070425 0.4708333333333333 0.008215962441314555 0.020833333333333332
0 0.4647887323943662 0.47708333333333336 0.007042253521126761 0.0125
0 0.48708920187793425 0.46875 0.007042253521126761 0.016666666666666666
0 0.5123239436619719 0.46770833333333334 0.008215962441314555 0.014583333333333334
0 0.579225352112676 0.47604166666666664 0.008215962441314555 0.014583333333333334
0 0.45539906103286387 0.4666666666666667 0.004694835680751174 0.0125
0 0.6232394366197183 0.475 0.009389671361502348 0.016666666666666666
0 0.6913145539906104 0.490625 0.011737089201877934 0.01875
0 0.7124413145539906 0.49270833333333336 0.023474178403755867 0.04375
0 0.7546948356807511 0.484375 0.009389671361502348 0.022916666666666665
0 0.7687793427230047 0.5260416666666666 0.011737089201877934 0.022916666666666665
0 0.7875586854460094 0.5208333333333334 0.011737089201877934 0.025
0 0.7775821596244131 0.49166666666666664 0.0035211267605633804 0.008333333333333333
0 0.8421361502347418 0.4947916666666667 0.005868544600938967 0.010416666666666666
0 0.9565727699530516 0.5375 0.025821596244131457 0.04583333333333333
0 0.9606807511737089 0.5020833333333333 0.008215962441314555 0.016666666666666666
0 0.9512910798122066 0.5354166666666667 0.015258215962441314 0.0375
0 0.9407276995305164 0.503125 0.008215962441314555 0.014583333333333334
