0 0.12147887323943662 0.86875 0.022300469483568074 0.05416666666666667
0 0.20305164319248825 0.8395833333333333 0.023474178403755867 0.05
0 0.24295774647887325 0.840625 0.025821596244131457 0.05625
0 0.26115023474178406 0.8270833333333333 0.022300469483568074 0.041666666666666664
0 0.31279342723004694 0.80625 0.012910798122065728 0.020833333333333332
0 0.29401408450704225 0.7916666666666666 0.005868544600938967 0.0125
0 0.3374413145539906 0.8 0.005868544600938967 0.0125
0 0.4072769953051643 0.8104166666666667 0.009389671361502348 0.016666666666666666
0 0.43485915492957744 0.80625 0.01056338028169014 0.020833333333333332
0 0.5046948356807511 0.80625 0.009389671361502348 0.020833333333333332
0 0.545774647887324 0.8125 0.009389671361502348 0.016666666666666666
0 0.5580985915492958 0.8145833333333333 0.01056338028169014 0.016666666666666666
0 0.5915492957746479 0.8229166666666666 0.009389671361502348 0.016666666666666666
0 0.596244131455399 0.8489583333333334 0.023474178403755867 0.10208333333333333
0 0.6091549295774648 0.8104166666666667 0.009389671361502348 0.016666666666666666
0 0.6584507042253521 0.828125 0.007042253521126761 0.014583333333333334
0 0.6390845070422535 0.8010416666666667 0.008215962441314555 0.014583333333333334
0 0.6807511737089202 0.828125 0.009389671361502348 0.01875
0 0.6965962441314554 0.8166666666666667 0.01056338028169014 0.025
0 0.710093896713615 0.8083333333333333 0.009389671361502348 0.016666666666666666
0 0.9465962441314554 0.81875 0.008215962441314555 0.016666666666666666
0 0.9630281690140845 0.8354166666666667 0.01056338028169014 0.020833333333333332
0 0.9823943661971831 0.8260416666666667 0.009389671361502348 0.014583333333333334
0 0.6948356807511737 0.8166666666666667 0.011737089201877934 0.020833333333333332
