0 0.005868544600938967 0.5541666666666667 0.028169014084507043 0.08333333333333333
0 0.09096244131455399 0.59375 0.012910798122065728 0.020833333333333332
0 0.12030516431924883 0.590625 0.01056338028169014 0.022916666666666665
0 0.2007042253521127 0.5395833333333333 0.01643192488262911 0.03333333333333333
0 0.25234741784037557 0.5645833333333333 0.014084507042253521 0.029166666666666667
0 0.33215962441314556 0.54375 0.014084507042253521 0.029166666666666667
0 0.37265258215962443 0.5802083333333333 0.02699530516431925 0.04791666666666667
0 0.357981220657277 0.528125 0.014084507042253521 0.03125
0 0.37734741784037557 0.540625 0.012910798122065728 0.027083333333333334
0 0.4055164319248826 0.5427083333333333 0.008215962441314555 0.014583333333333334
0 0.4131455399061033 0.5666666666666667 0.007042253521126761 0.0125
0 0.41725352112676056 0.55 0.005868544600938967 0.0125
0 0.4424882629107981 0.5354166666666667 0.007042253521126761 0.016666666666666666
0 0.45715962441314556 0.5447916666666667 0.005868544600938967 0.014583333333333334
0 0.47300469483568075 0.5427083333333333 0.009389671361502348 0.01875
0 0.4823943661971831 0.5458333333333333 0.009389671361502348 0.016666666666666666
0 0.5152582159624414 0.5322916666666667 0.014084507042253521 0.03125
0 0.5815727699530516 0.6729166666666667 0.01056338028169014 0.020833333333333332
0 0.5545774647887324 0.5447916666666667 0.01056338028169014 0.027083333333333334
0 0.5809859154929577 0.5427083333333333 0.014084507042253521 0.03125
0 0.6167840375586855 0.54375 0.008215962441314555 0.0125
0 0.6426056338028169 0.5354166666666667 0.008215962441314555 0.016666666666666666
0 0.6572769953051644 0.5375 0.007042253521126761 0.0125
0 0.6320422535211268 0.5708333333333333 0.015258215962441314 0.07916666666666666
0 0.7417840375586855 0.5354166666666667 0.009389671361502348 0.020833333333333332
0 0.7693661971830986 0.5239583333333333 0.005868544600938967 0.010416666666666666
0 0.7863849765258216 0.5770833333333333 0.018779342723004695 0.0875
0 0.8004694835680751 0.53125 0.007042253521126761 0.0125
0 0.8274647887323944 0.515625 0.011737089201877934 0.022916666666666665
0 0.8274647887323944 0.525 0.011737089201877934 0.020833333333333332
0 0.8532863849765259 0.5395833333333333 0.009389671361502348 0.0125
0 0.8785211267605634 0.5614583333333333 0.01056338028169014 0.014583333333333334
0 0.9501173708920188 0.5333333333333333 0.01056338028169014 0.016666666666666666
0 0.9583333333333334 0.74375 0.08333333333333333 0.5125
