0 0.01025390625 0.5913107511045655 0.0458984375 0.08689248895434462
0 0.10595703125 0.6045655375552282 0.0439453125 0.0662739322533137
0 0.3857421875 0.520618556701031 0.03515625 0.06921944035346098
0 0.5478515625 0.5036818851251841 0.015625 0.023564064801178203
0 0.56005859375 0.5007363770250368 0.0126953125 0.017673048600883652
0 0.578125 0.5169366715758469 0.0234375 0.035346097201767304
0 0.6015625 0.508100147275405 0.0078125 0.014727540500736377
0 0.6298828125 0.5007363770250368 0.0078125 0.011782032400589101
0 0.64208984375 0.4955817378497791 0.0107421875 0.016200294550810016
0 0.67431640625 0.5147275405007363 0.0224609375 0.036818851251840944
0 0.73974609375 0.5117820324005891 0.0205078125 0.033873343151693665
0 0.787109375 0.5088365243004418 0.015625 0.033873343151693665
0 0.77294921875 0.5176730486008837 0.0283203125 0.045655375552282766
0 0.81591796875 0.5294550810014728 0.0244140625 0.045655375552282766
0 0.88916015625 0.5088365243004418 0.0380859375 0.060382916053019146
0 0.89892578125 0.5331369661266568 0.0302734375 0.053019145802650956
0 0.947265625 0.5139911634756995 0.02734375 0.047128129602356406
0 0.9501953125 0.5073637702503682 0.01953125 0.033873343151693665
