0 -0.0029342723004694834 0.465625 0.04107981220657277 0.11041666666666666
0 0.08509389671361503 0.39791666666666664 0.05516431924882629 0.1
0 0.11326291079812206 0.34479166666666666 0.029342723004694836 0.06041666666666667
0 0.17370892018779344 0.30104166666666665 0.028169014084507043 0.06458333333333334
0 0.2318075117370892 0.34479166666666666 0.029342723004694836 0.05625
0 0.2717136150234742 0.346875 0.029342723004694836 0.04791666666666667
0 0.3086854460093897 0.3458333333333333 0.03051643192488263 0.0625
0 0.24589201877934272 0.6958333333333333 0.05046948356807512 0.1
0 0.3415492957746479 0.43125 0.04460093896713615 0.1
0 0.3967136150234742 0.3489583333333333 0.025821596244131457 0.052083333333333336
0 0.3873239436619718 0.30520833333333336 0.02112676056338028 0.04791666666666667
0 0.4477699530516432 0.31875 0.02464788732394366 0.05
0 0.5146713615023474 0.31875 0.02699530516431925 0.05416666666666667
0 0.5534037558685446 0.31875 0.02699530516431925 0.05416666666666667
0 0.5956572769953051 0.29791666666666666 0.022300469483568074 0.05
0 0.6326291079812206 0.35 0.028169014084507043 0.0625
0 0.653755868544601 0.2875 0.023474178403755867 0.05416666666666667
0 0.7036384976525821 0.353125 0.02464788732394366 0.052083333333333336
0 0.7183098591549296 0.31979166666666664 0.02112676056338028 0.04791666666666667
0 0.7640845070422535 0.32708333333333334 0.025821596244131457 0.0625
0 0.8227699530516432 0.31666666666666665 0.018779342723004695 0.0375
0 0.8362676056338029 0.3177083333333333 0.01995305164319249 0.035416666666666666
0 0.9184272300469484 0.34791666666666665 0.015258215962441314 0.03333333333333333
0 0.9055164319248826 0.3541666666666667 0.01056338028169014 0.020833333333333332
0 0.9964788732394366 0.33645833333333336 0.03051643192488263 0.08541666666666667
0 0.971830985915493 0.33125 0.018779342723004695 0.041666666666666664
0 0.46830985915492956 0.39375 0.025821596244131457 0.07083333333333333
0 0.4565727699530516 0.5083333333333333 0.04460093896713615 0.09583333333333334
