0 0.65 0.3611111111111111 0.15714285714285714 0.2692307692307692
0 0.9228571428571428 0.26816239316239315 0.09428571428571429 0.16452991452991453
0 0.9242857142857143 0.3579059829059829 0.06571428571428571 0.11324786324786325
0 0.8528571428571429 0.33226495726495725 0.05714285714285714 0.1047008547008547
0 0.735 0.35149572649572647 0.04428571428571428 0.07905982905982906
0 0.5907142857142857 0.32264957264957267 0.047142857142857146 0.08974358974358974
0 0.42214285714285715 0.36645299145299143 0.12142857142857143 0.24145299145299146
0 0.21428571428571427 0.2799145299145299 0.20285714285714285 0.4017094017094017
0 0.10785714285714286 0.297008547008547 0.09857142857142857 0.19658119658119658
0 0.005 0.33547008547008544 0.06714285714285714 0.09829059829059829
