0 0.815625 0.48874296435272047 0.03625 0.06191369606003752
0 0.730625 0.5300187617260788 0.02375 0.039399624765478425
0 0.67875 0.5450281425891182 0.0175 0.028142589118198873
0 0.655 0.5347091932457786 0.0175 0.02626641651031895
0 0.61 0.5215759849906192 0.0225 0.04127579737335835
0 0.56375 0.5703564727954972 0.0125 0.02626641651031895
0 0.501875 0.5225140712945591 0.02125 0.039399624765478425
0 0.48125 0.5637898686679175 0.0125 0.024390243902439025
0 0.445625 0.5262664165103189 0.02125 0.043151969981238276
0 0.430625 0.5403377110694184 0.01625 0.02626641651031895
0 0.320625 0.44934333958724204 0.04125 0.07317073170731707
0 0.255 0.5206378986866792 0.0275 0.043151969981238276
0 0.2075 0.45778611632270166 0.04 0.0675422138836773
0 0.108125 0.5656660412757973 0.02125 0.05065666041275797
0 0.084375 0.5825515947467167 0.02375 0.03564727954971857
0 0.05875 0.5347091932457786 0.0175 0.02626641651031895
0 0.053125 0.551594746716698 0.01625 0.02626641651031895
