0 0.4812206572769953 0.66875 0.02112676056338028 0.0375
0 0.4994131455399061 0.625 0.01995305164319249 0.0375
0 0.5328638497652582 0.6927083333333334 0.018779342723004695 0.035416666666666666
0 0.5528169014084507 0.6489583333333333 0.018779342723004695 0.03125
0 0.5663145539906104 0.6447916666666667 0.012910798122065728 0.022916666666666665
0 0.49765258215962443 0.7135416666666666 0.01643192488262911 0.03958333333333333
0 0.45774647887323944 0.7875 0.018779342723004695 0.03333333333333333
0 0.5052816901408451 0.75 0.017605633802816902 0.03333333333333333
0 0.5363849765258216 0.7552083333333334 0.023474178403755867 0.03958333333333333
0 0.5704225352112676 0.7125 0.01643192488262911 0.029166666666666667
0 0.5903755868544601 0.7208333333333333 0.01643192488262911 0.029166666666666667
0 0.6426056338028169 0.6895833333333333 0.017605633802816902 0.0375
0 0.5886150234741784 0.8572916666666667 0.02464788732394366 0.04375
0 0.6032863849765259 0.90625 0.02112676056338028 0.0375
0 0.6220657276995305 0.846875 0.025821596244131457 0.05625
0 0.6696009389671361 0.85 0.022300469483568074 0.04583333333333333
0 0.2828638497652582 0.7052083333333333 0.018779342723004695 0.03125
0 0.2834507042253521 0.70625 0.017605633802816902 0.0375
0 0.3403755868544601 0.69375 0.011737089201877934 0.020833333333333332
0 0.8321596244131455 0.8697916666666666 0.028169014084507043 0.05625
