0 0.9161458333333333 0.7359375 0.03854166666666667 0.071875
0 0.8854166666666666 0.72734375 0.020833333333333332 0.0359375
0 0.8473958333333333 0.725 0.017708333333333333 0.028125
0 0.8854166666666666 0.728125 0.01875 0.03125
0 0.8255208333333334 0.740625 0.019791666666666666 0.03125
0 0.828125 0.7140625 0.016666666666666666 0.028125
0 0.771875 0.66640625 0.025 0.0421875
0 0.7859375 0.678125 0.009375 0.01875
0 0.7463541666666667 0.6703125 0.009375 0.015625
0 0.7552083333333334 0.66640625 0.0125 0.0203125
0 0.7442708333333333 0.6703125 0.009375 0.0125
0 0.7359375 0.6734375 0.011458333333333333 0.01875
0 0.74375 0.6609375 0.008333333333333333 0.0125
0 0.7302083333333333 0.65546875 0.010416666666666666 0.0171875
0 0.6963541666666667 0.66484375 0.021875 0.0390625
0 0.6635416666666667 0.640625 0.010416666666666666 0.01875
0 0.684375 0.6203125 0.010416666666666666 0.015625
0 0.6578125 0.6015625 0.009375 0.015625
0 0.6411458333333333 0.6296875 0.009375 0.01875
0 0.6390625 0.615625 0.007291666666666667 0.0125
0 0.6395833333333333 0.7 0.014583333333333334 0.028125
0 0.6104166666666667 0.63203125 0.022916666666666665 0.0421875
0 0.6229166666666667 0.6203125 0.008333333333333333 0.0125
0 0.60625 0.6109375 0.00625 0.009375
0 0.5984375 0.6453125 0.019791666666666666 0.071875
0 0.5916666666666667 0.63359375 0.010416666666666666 0.0171875
0 0.58125 0.615625 0.00625 0.009375
0 0.559375 0.6125 0.00625 0.009375
0 0.5510416666666667 0.61484375 0.0125 0.0171875
0 0.5390625 0.61015625 0.005208333333333333 0.0109375
0 0.5515625 0.65546875 0.021875 0.0359375
0 0.5390625 0.66796875 0.017708333333333333 0.0328125
0 0.5197916666666667 0.65390625 0.022916666666666665 0.0421875
0 0.5135416666666667 0.61328125 0.00625 0.0109375
0 0.49635416666666665 0.615625 0.009375 0.015625
0 0.47760416666666666 0.640625 0.017708333333333333 0.0375
0 0.484375 0.6140625 0.008333333333333333 0.0125
0 0.4791666666666667 0.6046875 0.00625 0.009375
0 0.47239583333333335 0.6171875 0.011458333333333333 0.015625
0 0.4640625 0.61328125 0.009375 0.0171875
0 0.4515625 0.61796875 0.009375 0.0171875
0 0.4390625 0.621875 0.009375 0.015625
0 0.4296875 0.6125 0.005208333333333333 0.009375
0 0.39739583333333334 0.678125 0.023958333333333335 0.04375
0 0.40208333333333335 0.6453125 0.020833333333333332 0.0375
0 0.41770833333333335 0.65078125 0.016666666666666666 0.0296875
0 0.3651041666666667 0.6375 0.011458333333333333 0.025
0 0.3359375 0.634375 0.019791666666666666 0.0375
0 0.32708333333333334 0.63671875 0.0125 0.0234375
0 0.3807291666666667 0.63046875 0.011458333333333333 0.0203125
0 0.38333333333333336 0.61328125 0.010416666666666666 0.0140625
0 0.403125 0.61328125 0.008333333333333333 0.0140625
0 0.41510416666666666 0.6203125 0.007291666666666667 0.0125
0 0.41458333333333336 0.62265625 0.00625 0.0109375
0 0.28177083333333336 0.6171875 0.019791666666666666 0.034375
0 0.2682291666666667 0.65390625 0.013541666666666667 0.0296875
0 0.23697916666666666 0.71015625 0.015625 0.0265625
0 0.18489583333333334 0.68203125 0.019791666666666666 0.0359375
0 0.13072916666666667 0.64375 0.021875 0.0375
0 0.21875 0.6640625 0.0125 0.01875
0 0.19166666666666668 0.65859375 0.0125 0.0171875
0 0.15208333333333332 0.65859375 0.0125 0.0203125
0 0.18697916666666667 0.62578125 0.007291666666666667 0.0109375
0 0.013541666666666667 0.6515625 0.0125 0.025
0 0.04739583333333333 0.671875 0.011458333333333333 0.01875
0 0.06614583333333333 0.71015625 0.017708333333333333 0.0296875
0 0.09010416666666667 0.725 0.017708333333333333 0.034375
0 0.0140625 0.75 0.017708333333333333 0.03125
