0 0.863849765258216 0.6822916666666666 0.08215962441314555 0.18125
0 0.7282863849765259 0.5770833333333333 0.036384976525821594 0.0625
0 0.6713615023474179 0.5947916666666667 0.011737089201877934 0.027083333333333334
0 0.6296948356807511 0.603125 0.012910798122065728 0.022916666666666665
0 0.6150234741784038 0.5916666666666667 0.011737089201877934 0.020833333333333332
0 0.5616197183098591 0.659375 0.04342723004694836 0.08125
0 0.5974178403755869 0.7489583333333333 0.028169014084507043 0.05625
0 0.48708920187793425 0.653125 0.03755868544600939 0.07708333333333334
0 0.4642018779342723 0.8958333333333334 0.02699530516431925 0.06666666666666667
0 0.4278169014084507 0.6625 0.04107981220657277 0.08333333333333333
0 0.392018779342723 0.6083333333333333 0.035211267605633804 0.07916666666666666
0 0.4119718309859155 0.5854166666666667 0.025821596244131457 0.058333333333333334
0 0.42370892018779344 0.63125 0.02112676056338028 0.10833333333333334
0 0.44366197183098594 0.596875 0.011737089201877934 0.022916666666666665
0 0.5328638497652582 0.6135416666666667 0.023474178403755867 0.04791666666666667
0 0.5833333333333334 0.6104166666666667 0.011737089201877934 0.020833333333333332
0 0.5762910798122066 0.6010416666666667 0.009389671361502348 0.01875
0 0.5551643192488263 0.603125 0.011737089201877934 0.022916666666666665
0 0.5316901408450704 0.5927083333333333 0.011737089201877934 0.022916666666666665
0 0.335093896713615 0.59375 0.03169014084507042 0.06666666666666667
0 0.31103286384976525 0.5739583333333333 0.028169014084507043 0.04791666666666667
0 0.26115023474178406 0.5802083333333333 0.03403755868544601 0.08125
0 0.20774647887323944 0.5885416666666666 0.04225352112676056 0.09375
0 0.1402582159624413 0.6354166666666666 0.05046948356807512 0.10833333333333334
0 0.08744131455399061 0.5791666666666667 0.02699530516431925 0.05
0 0.03051643192488263 0.615625 0.035211267605633804 0.08125
0 0.1784037558685446 0.58125 0.01643192488262911 0.0375
0 0.5041079812206573 0.5833333333333334 0.029342723004694836 0.058333333333333334
