0 0.0953125 0.4573732718894009 0.0375 0.06682027649769585
0 0.13359375 0.46543778801843316 0.0171875 0.02304147465437788
0 0.14609375 0.532258064516129 0.0234375 0.03686635944700461
0 0.18671875 0.5195852534562212 0.0203125 0.029953917050691243
0 0.2015625 0.5495391705069125 0.028125 0.04838709677419355
0 0.2984375 0.5587557603686636 0.03125 0.04377880184331797
0 0.246875 0.5184331797235023 0.021875 0.03686635944700461
0 0.2125 0.5172811059907834 0.01875 0.03456221198156682
0 0.18671875 0.5184331797235023 0.0234375 0.03225806451612903
0 0.2046875 0.4182027649769585 0.009375 0.016129032258064516
0 0.203125 0.4631336405529954 0.0125 0.018433179723502304
0 0.2625 0.4423963133640553 0.01875 0.027649769585253458
0 0.3328125 0.4861751152073733 0.015625 0.02304147465437788
0 0.3515625 0.5357142857142857 0.021875 0.04377880184331797
0 0.4125 0.5691244239631337 0.034375 0.07373271889400922
0 0.4203125 0.5311059907834101 0.025 0.03917050691244239
0 0.4953125 0.6048387096774194 0.034375 0.06682027649769585
0 0.5609375 0.5529953917050692 0.028125 0.05069124423963134
0 0.65234375 0.576036866359447 0.0328125 0.05069124423963134
0 0.70859375 0.6497695852534562 0.0515625 0.07834101382488479
0 0.83125 0.5956221198156681 0.034375 0.0576036866359447
0 0.8796875 0.6728110599078341 0.05625 0.0967741935483871
0 0.96328125 0.6152073732718893 0.0390625 0.06451612903225806
0 0.9265625 0.5449308755760369 0.028125 0.03917050691244239
0 0.9484375 0.5172811059907834 0.025 0.029953917050691243
0 0.88125 0.5046082949308756 0.021875 0.03225806451612903
0 0.81015625 0.533410138248848 0.0234375 0.03917050691244239
0 0.778125 0.5 0.01875 0.03225806451612903
0 0.74453125 0.5622119815668203 0.0234375 0.03225806451612903
0 0.71484375 0.5207373271889401 0.0171875 0.03225806451612903
0 0.68984375 0.49193548387096775 0.0171875 0.02534562211981567
0 0.64921875 0.5195852534562212 0.0203125 0.029953917050691243
0 0.60546875 0.48847926267281105 0.0171875 0.027649769585253458
0 0.621875 0.48847926267281105 0.0125 0.02304147465437788
0 0.55703125 0.4827188940092166 0.0171875 0.02534562211981567
0 0.503125 0.4930875576036866 0.01875 0.027649769585253458
0 0.428125 0.48502304147465436 0.01875 0.02534562211981567
0 0.409375 0.47119815668202764 0.0125 0.016129032258064516
0 0.68359375 0.41244239631336405 0.0140625 0.02304147465437788
0 0.66953125 0.41935483870967744 0.0109375 0.018433179723502304
0 0.66015625 0.42857142857142855 0.0140625 0.02304147465437788
0 0.5671875 0.4147465437788018 0.015625 0.02304147465437788
0 0.5703125 0.4032258064516129 0.0125 0.018433179723502304
0 0.4140625 0.4216589861751152 0.009375 0.018433179723502304
0 0.38125 0.4066820276497696 0.009375 0.016129032258064516
0 0.37734375 0.4216589861751152 0.0109375 0.013824884792626729
0 0.353125 0.42972350230414746 0.0125 0.02534562211981567
0 0.325 0.4078341013824885 0.0125 0.018433179723502304
