0 0.10522388059701493 0.1599552572706935 0.05223880597014925 0.087248322147651
0 0.27611940298507465 0.22595078299776286 0.03880597014925373 0.06263982102908278
0 0.3835820895522388 0.23042505592841164 0.03880597014925373 0.06711409395973154
0 0.4044776119402985 0.18568232662192394 0.03582089552238806 0.06711409395973154
0 0.505223880597015 0.27069351230425054 0.049253731343283584 0.08053691275167785
0 0.5514925373134328 0.28187919463087246 0.05223880597014925 0.10738255033557047
0 0.5985074626865672 0.2360178970917226 0.041791044776119404 0.0738255033557047
0 0.746268656716418 0.24272930648769575 0.05373134328358209 0.09619686800894854
0 0.8156716417910448 0.2539149888143177 0.06716417910447761 0.11409395973154363
0 0.7917910447761194 0.24384787472035793 0.049253731343283584 0.08053691275167785
0 1.0216417910447761 0.30089485458612975 0.05223880597014925 0.08277404921700224
0 0.891044776119403 0.2695749440715884 0.029850746268656716 0.04697986577181208
0 0.9388059701492537 0.25838926174496646 0.041791044776119404 0.0738255033557047
0 0.9940298507462687 0.2516778523489933 0.041791044776119404 0.06935123042505593
0 0.9708955223880597 0.232662192393736 0.025373134328358207 0.049217002237136466
