0 0.92018779342723 0.5625 0.056338028169014086 0.1
0 1.0093896713615023 0.85625 0.04460093896713615 0.12083333333333333
0 0.7799295774647887 0.284375 0.05516431924882629 0.12708333333333333
0 0.7482394366197183 0.6166666666666667 0.06455399061032864 0.14583333333333334
0 0.704225352112676 0.5927083333333333 0.07042253521126761 0.15625
0 0.6355633802816901 0.6239583333333333 0.04342723004694836 0.11458333333333333
0 0.47417840375586856 0.6270833333333333 0.04929577464788732 0.09166666666666666
0 0.5052816901408451 0.646875 0.05046948356807512 0.10625
0 0.2494131455399061 0.6083333333333333 0.057511737089201875 0.10416666666666667
0 0.33098591549295775 0.6239583333333333 0.06103286384976526 0.14375
0 0.3908450704225352 0.5875 0.04460093896713615 0.09583333333333334
0 0.18368544600938966 0.571875 0.06924882629107981 0.13958333333333334
0 0.07687793427230047 0.3645833333333333 0.03169014084507042 0.075
0 0.2153755868544601 0.24895833333333334 0.057511737089201875 0.11458333333333333
0 0.30633802816901406 0.2677083333333333 0.0539906103286385 0.13125
0 0.6062206572769953 0.640625 0.057511737089201875 0.11458333333333333
