0 0.009230769230769232 0.4515977443609023 0.003076923076923077 0.004699248120300752
0 0.03076923076923077 0.4492481203007519 0.003076923076923077 0.0037593984962406013
0 0.08 0.4318609022556391 0.04461538461538461 0.05733082706766917
0 0.3323076923076923 0.44454887218045114 0.036923076923076927 0.05827067669172932
0 0.5088461538461538 0.43656015037593987 0.03461538461538462 0.044172932330827065
0 0.4823076923076923 0.4868421052631579 0.052307692307692305 0.07894736842105263
0 0.5438461538461539 0.43139097744360905 0.012307692307692308 0.016917293233082706
0 0.5638461538461539 0.4398496240601504 0.009230769230769232 0.013157894736842105
0 0.5746153846153846 0.4375 0.009230769230769232 0.014097744360902255
0 0.5746153846153846 0.4318609022556391 0.010769230769230769 0.015977443609022556
0 0.5957692307692307 0.43703007518796994 0.019230769230769232 0.02631578947368421
0 0.6265384615384615 0.42622180451127817 0.013076923076923076 0.015977443609022556
0 0.6419230769230769 0.4398496240601504 0.008461538461538461 0.011278195488721804
0 0.6388461538461538 0.43374060150375937 0.01 0.014097744360902255
0 0.6680769230769231 0.43139097744360905 0.01 0.013157894736842105
0 0.6842307692307692 0.4323308270676692 0.011538461538461539 0.016917293233082706
0 0.7069230769230769 0.43468045112781956 0.012307692307692308 0.017857142857142856
0 0.7253846153846154 0.4323308270676692 0.012307692307692308 0.022556390977443608
0 0.7369230769230769 0.44454887218045114 0.012307692307692308 0.020676691729323307
0 0.7526923076923077 0.44219924812030076 0.011538461538461539 0.017857142857142856
0 0.7457692307692307 0.45629699248120303 0.014615384615384615 0.023496240601503758
0 0.7730769230769231 0.4483082706766917 0.013846153846153847 0.018796992481203006
0 0.7903846153846154 0.4581766917293233 0.014615384615384615 0.019736842105263157
0 0.801923076923077 0.44454887218045114 0.014615384615384615 0.015037593984962405
0 0.815 0.44031954887218044 0.011538461538461539 0.019736842105263157
0 0.8292307692307692 0.43280075187969924 0.013846153846153847 0.019736842105263157
0 0.8242307692307692 0.44454887218045114 0.014615384615384615 0.020676691729323307
0 0.8538461538461538 0.45770676691729323 0.015384615384615385 0.018796992481203006
0 0.8453846153846154 0.4407894736842105 0.02 0.02631578947368421
0 0.9853846153846154 0.4332706766917293 0.018461538461538463 0.022556390977443608
