0 0.07874682472480948 0.3289308176100629 0.03048264182895851 0.05660377358490566
0 0.11685012701100762 0.3339622641509434 0.04911092294665537 0.08679245283018867
0 0.24047417442845045 0.32767295597484275 0.028789161727349702 0.05911949685534591
0 0.36536833192209994 0.2968553459119497 0.04657070279424217 0.07044025157232704
0 0.43691786621507195 0.4880503144654088 0.04233700254022015 0.0729559748427673
0 0.4720575783234547 0.3 0.060118543607112614 0.09182389937106918
0 0.5038103302286198 0.27044025157232704 0.03725656223539373 0.06792452830188679
0 0.7353937341236241 0.31383647798742137 0.06181202370872142 0.1018867924528302
0 0.8662150719729044 0.3654088050314465 0.028789161727349702 0.04150943396226415
0 0.9856054191363252 0.3339622641509434 0.04403048264182896 0.07672955974842767
