0 0.0375 0.5864600326264274 0.04021739130434782 0.0766721044045677
0 0.13532608695652174 0.4934747145187602 0.04673913043478261 0.09951060358890701
0 0.24619565217391304 0.4168026101141925 0.05543478260869565 0.11256117455138662
0 0.45108695652173914 0.5154975530179445 0.03260869565217391 0.06199021207177814
0 0.5146739130434783 0.46166394779771613 0.03152173913043478 0.06199021207177814
0 0.48641304347826086 0.4102773246329527 0.029347826086956522 0.05057096247960848
0 0.595108695652174 0.4730831973898858 0.03369565217391304 0.06525285481239804
0 0.558695652173913 0.42169657422512236 0.017391304347826087 0.037520391517128875
0 0.6391304347826087 0.4371941272430669 0.03260869565217391 0.06199021207177814
0 0.6461956521739131 0.38825448613376834 0.02717391304347826 0.048939641109298535
0 0.7375 0.43800978792822187 0.03152173913043478 0.057096247960848286
0 0.7913043478260869 0.3931484502446982 0.02608695652173913 0.04567699836867863
0 0.85 0.5791190864600326 0.021739130434782608 0.026101141924959218
0 0.8527173913043479 0.41353996737357257 0.011956521739130435 0.01794453507340946
0 0.38967391304347826 0.43474714518760194 0.01847826086956522 0.03425774877650897
