0 0.10297356828193832 0.496875 0.040748898678414094 0.08541666666666667
0 0.21255506607929514 0.50625 0.03524229074889868 0.06666666666666667
0 0.24008810572687225 0.49895833333333334 0.01762114537444934 0.03958333333333333
0 0.2935022026431718 0.5197916666666667 0.016519823788546256 0.035416666666666666
0 0.31552863436123346 0.51875 0.016519823788546256 0.03333333333333333
0 0.33094713656387664 0.51875 0.012114537444933921 0.025
0 0.3568281938325991 0.509375 0.01762114537444934 0.03958333333333333
0 0.3766519823788546 0.5239583333333333 0.00881057268722467 0.022916666666666665
0 0.4063876651982379 0.5208333333333334 0.013215859030837005 0.03333333333333333
0 0.39812775330396477 0.5010416666666667 0.012114537444933921 0.022916666666666665
0 0.42731277533039647 0.5177083333333333 0.013215859030837005 0.022916666666666665
0 0.4460352422907489 0.5229166666666667 0.00881057268722467 0.020833333333333332
0 0.41795154185022027 0.5135416666666667 0.012114537444933921 0.03125
0 0.4669603524229075 0.509375 0.015418502202643172 0.03125
0 0.5044052863436124 0.5291666666666667 0.013215859030837005 0.029166666666666667
0 0.5038546255506607 0.50625 0.009911894273127754 0.016666666666666666
0 0.51431718061674 0.621875 0.03303964757709251 0.23125
0 0.5440528634361234 0.5083333333333333 0.019823788546255508 0.041666666666666664
0 0.5627753303964758 0.5145833333333333 0.02643171806167401 0.05416666666666667
0 0.6596916299559471 0.5208333333333334 0.0947136563876652 0.19583333333333333
0 0.9416299559471366 0.5677083333333334 0.07268722466960352 0.17291666666666666
0 0.8204845814977973 0.7572916666666667 0.028634361233480177 0.06041666666666667
0 0.8821585903083701 0.534375 0.013215859030837005 0.035416666666666666
0 0.8491189427312775 0.5479166666666667 0.01762114537444934 0.03333333333333333
0 0.7929515418502202 0.5104166666666666 0.011013215859030838 0.020833333333333332
0 0.7758810572687225 0.5145833333333333 0.014317180616740088 0.029166666666666667
0 0.7202643171806168 0.5114583333333333 0.019823788546255508 0.035416666666666666
