0 0.9530516431924883 0.5145833333333333 0.007042253521126761 0.0125
0 0.9242957746478874 0.509375 0.008215962441314555 0.01875
0 0.7435446009389671 0.49270833333333336 0.012910798122065728 0.052083333333333336
0 0.7142018779342723 0.49270833333333336 0.012910798122065728 0.052083333333333336
0 0.7447183098591549 0.503125 0.005868544600938967 0.010416666666666666
0 0.7206572769953051 0.5020833333333333 0.004694835680751174 0.008333333333333333
0 0.7646713615023474 0.565625 0.012910798122065728 0.022916666666666665
0 0.7769953051643192 0.5708333333333333 0.014084507042253521 0.025
0 0.6919014084507042 0.46979166666666666 0.005868544600938967 0.010416666666666666
0 0.6754694835680751 0.4791666666666667 0.005868544600938967 0.0125
0 0.6514084507042254 0.5083333333333333 0.007042253521126761 0.0125
0 0.6226525821596244 0.4947916666666667 0.008215962441314555 0.014583333333333334
0 0.6109154929577465 0.553125 0.015258215962441314 0.027083333333333334
0 0.619131455399061 0.5375 0.012910798122065728 0.020833333333333332
0 0.5774647887323944 0.5114583333333333 0.007042253521126761 0.010416666666666666
0 0.562206572769953 0.540625 0.014084507042253521 0.022916666666666665
0 0.5727699530516432 0.5322916666666667 0.014084507042253521 0.027083333333333334
0 0.5821596244131455 0.5427083333333333 0.011737089201877934 0.022916666666666665
0 0.5780516431924883 0.5125 0.008215962441314555 0.016666666666666666
0 0.505868544600939 0.5322916666666667 0.014084507042253521 0.027083333333333334
0 0.534037558685446 0.6 0.011737089201877934 0.020833333333333332
0 0.48708920187793425 0.58125 0.011737089201877934 0.020833333333333332
0 0.5193661971830986 0.515625 0.008215962441314555 0.014583333333333334
0 0.5199530516431925 0.515625 0.007042253521126761 0.014583333333333334
0 0.4495305164319249 0.525 0.014084507042253521 0.03333333333333333
0 0.4307511737089202 0.5416666666666666 0.009389671361502348 0.016666666666666666
0 0.4536384976525822 0.5416666666666666 0.012910798122065728 0.020833333333333332
0 0.4325117370892019 0.5166666666666667 0.008215962441314555 0.016666666666666666
0 0.41960093896713613 0.5145833333333333 0.008215962441314555 0.016666666666666666
0 0.4354460093896714 0.48125 0.004694835680751174 0.008333333333333333
0 0.4072769953051643 0.546875 0.01643192488262911 0.09375
0 0.38673708920187794 0.49583333333333335 0.01995305164319249 0.0375
0 0.37089201877934275 0.48333333333333334 0.01643192488262911 0.0375
0 0.3532863849765258 0.4947916666666667 0.007042253521126761 0.014583333333333334
0 0.33568075117370894 0.48541666666666666 0.007042253521126761 0.016666666666666666
0 0.3204225352112676 0.50625 0.007042253521126761 0.0125
0 0.3245305164319249 0.49895833333333334 0.008215962441314555 0.014583333333333334
0 0.33215962441314556 0.525 0.007042253521126761 0.016666666666666666
0 0.3485915492957746 0.528125 0.009389671361502348 0.022916666666666665
0 0.340962441314554 0.5260416666666666 0.012910798122065728 0.027083333333333334
0 0.2623239436619718 0.49375 0.022300469483568074 0.04583333333333333
0 0.22065727699530516 0.49166666666666664 0.02112676056338028 0.05
0 0.031103286384976527 0.43125 0.022300469483568074 0.041666666666666664
