0 0.9741784037558685 0.61875 0.023474178403755867 0.0375
0 0.9923708920187794 0.628125 0.01995305164319249 0.03958333333333333
0 1.0011737089201878 0.8072916666666666 0.03051643192488263 0.08541666666666667
0 0.9196009389671361 0.85 0.045774647887323945 0.09583333333333334
0 0.9553990610328639 0.678125 0.018779342723004695 0.022916666666666665
0 0.9571596244131455 0.6395833333333333 0.015258215962441314 0.025
0 0.8497652582159625 0.6020833333333333 0.01643192488262911 0.029166666666666667
0 0.8603286384976526 0.5947916666666667 0.011737089201877934 0.027083333333333334
0 0.8773474178403756 0.634375 0.01056338028169014 0.01875
0 0.8931924882629108 0.6572916666666667 0.03286384976525822 0.08541666666666667
0 0.7834507042253521 0.6854166666666667 0.02699530516431925 0.05416666666666667
0 0.7546948356807511 0.7416666666666667 0.035211267605633804 0.07083333333333333
0 0.6473004694835681 0.6760416666666667 0.02464788732394366 0.04375
0 0.75 0.60625 0.018779342723004695 0.03333333333333333
0 0.7318075117370892 0.5760416666666667 0.008215962441314555 0.014583333333333334
0 0.7118544600938967 0.5854166666666667 0.01056338028169014 0.020833333333333332
0 0.7142018779342723 0.5666666666666667 0.008215962441314555 0.0125
0 0.6801643192488263 0.553125 0.008215962441314555 0.014583333333333334
0 0.6619718309859155 0.5510416666666667 0.009389671361502348 0.014583333333333334
0 0.6566901408450704 0.5479166666666667 0.008215962441314555 0.0125
0 0.6426056338028169 0.5552083333333333 0.008215962441314555 0.014583333333333334
0 0.6244131455399061 0.5375 0.007042253521126761 0.0125
0 0.6296948356807511 0.5427083333333333 0.012910798122065728 0.06458333333333334
0 0.6150234741784038 0.5125 0.004694835680751174 0.008333333333333333
0 0.6003521126760564 0.5270833333333333 0.015258215962441314 0.0625
0 0.5692488262910798 0.4552083333333333 0.007042253521126761 0.010416666666666666
0 0.5557511737089202 0.428125 0.0035211267605633804 0.00625
0 0.5099765258215962 0.43020833333333336 0.008215962441314555 0.03958333333333333
0 0.4935446009389671 0.4270833333333333 0.01056338028169014 0.05
0 0.4835680751173709 0.4239583333333333 0.009389671361502348 0.04791666666666667
0 0.45774647887323944 0.4083333333333333 0.004694835680751174 0.008333333333333333
0 0.4753521126760563 0.4635416666666667 0.014084507042253521 0.05625
0 0.4788732394366197 0.4625 0.007042253521126761 0.0125
0 0.4841549295774648 0.49583333333333335 0.005868544600938967 0.0125
0 0.4935446009389671 0.5135416666666667 0.008215962441314555 0.014583333333333334
0 0.528755868544601 0.55625 0.008215962441314555 0.016666666666666666
0 0.49119718309859156 0.5927083333333333 0.015258215962441314 0.027083333333333334
0 0.45129107981220656 0.5645833333333333 0.008215962441314555 0.016666666666666666
0 0.4583333333333333 0.5708333333333333 0.008215962441314555 0.016666666666666666
0 0.4301643192488263 0.5572916666666666 0.01056338028169014 0.01875
0 0.43720657276995306 0.7125 0.015258215962441314 0.0375
0 0.392018779342723 0.64375 0.018779342723004695 0.041666666666666664
0 0.26936619718309857 0.8729166666666667 0.05046948356807512 0.10416666666666667
0 0.30633802816901406 0.5666666666666667 0.007042253521126761 0.0125
0 0.2658450704225352 0.5979166666666667 0.012910798122065728 0.025
0 0.1977699530516432 0.6052083333333333 0.012910798122065728 0.027083333333333334
0 0.18896713615023475 0.634375 0.023474178403755867 0.035416666666666666
0 0.12441314553990611 0.675 0.025821596244131457 0.0375
0 0.07394366197183098 0.615625 0.011737089201877934 0.01875
0 0.036384976525821594 0.60625 0.009389671361502348 0.020833333333333332
0 0.007042253521126761 0.625 0.014084507042253521 0.029166666666666667
0 -0.007042253521126761 0.7052083333333333 0.02112676056338028 0.04375
