0 0.262109375 0.4928571428571429 0.02734375 0.06825396825396825
0 0.400390625 0.4507936507936508 0.03046875 0.06984126984126984
0 0.546875 0.4595238095238095 0.040625 0.06825396825396825
0 0.534375 0.4603174603174603 0.028125 0.07936507936507936
0 0.6609375 0.5166666666666667 0.0203125 0.049206349206349205
0 0.648828125 0.4650793650793651 0.02109375 0.050793650793650794
0 0.719921875 0.4753968253968254 0.02421875 0.06190476190476191
0 0.77734375 0.503968253968254 0.028125 0.06507936507936508
0 0.805078125 0.4452380952380952 0.03203125 0.08095238095238096
0 0.778125 0.5047619047619047 0.0296875 0.06666666666666667
0 0.7953125 0.4642857142857143 0.0265625 0.05873015873015873
0 0.844140625 0.48968253968253966 0.03359375 0.07777777777777778
0 0.84375 0.4880952380952381 0.03125 0.07777777777777778
0 0.926171875 0.4793650793650794 0.02265625 0.06031746031746032
0 0.9671875 0.5238095238095238 0.0203125 0.050793650793650794
0 0.944140625 0.526984126984127 0.01796875 0.04126984126984127
