0 0.859375 0.23926868044515104 0.017578125 0.02702702702702703
0 0.63525390625 0.24721780604133545 0.0380859375 0.06836248012718601
0 0.6376953125 0.24960254372019078 0.029296875 0.06359300476947535
0 0.7705078125 0.519872813990461 0.09765625 0.20349761526232116
0 0.630859375 0.41573926868044514 0.068359375 0.14149443561208266
0 0.57275390625 0.2893481717011129 0.0537109375 0.10810810810810811
0 0.494140625 0.23767885532591415 0.041015625 0.08108108108108109
0 0.28076171875 0.2861685214626391 0.0673828125 0.13354531001589826
0 0.2978515625 0.26629570747217807 0.0625 0.12559618441971382
0 0.27978515625 0.44276629570747217 0.1103515625 0.19554848966613672
0 0.26904296875 0.5850556438791733 0.1298828125 0.29252782193958665
0 0.275390625 0.10810810810810811 0.005859375 0.009538950715421303
0 0.24560546875 0.10095389507154214 0.0068359375 0.011128775834658187
0 0.21484375 0.1041335453100159 0.0078125 0.011128775834658187
0 0.1552734375 0.09062003179650238 0.0078125 0.012718600953895072
0 0.14013671875 0.08426073131955485 0.0107421875 0.019077901430842606
0 0.1279296875 0.08664546899841018 0.0078125 0.014308426073131956
0 0.11083984375 0.07154213036565978 0.0107421875 0.019077901430842606
0 0.08349609375 0.07869634340222575 0.0107421875 0.017488076311605722
0 0.01220703125 0.0643879173290938 0.0048828125 0.00794912559618442
0 0.0361328125 0.07710651828298887 0.0078125 0.014308426073131956
