0 0.9787234042553191 0.47291666666666665 0.02127659574468085 0.04583333333333333
0 0.983451536643026 0.4395833333333333 0.016548463356973995 0.025
0 0.9302600472813238 0.4395833333333333 0.02364066193853428 0.041666666666666664
0 0.9509456264775413 0.44479166666666664 0.015366430260047281 0.03958333333333333
0 0.9190307328605201 0.38125 0.010638297872340425 0.020833333333333332
0 0.9757683215130024 0.3958333333333333 0.008274231678486997 0.016666666666666666
0 0.9840425531914894 0.39166666666666666 0.008274231678486997 0.016666666666666666
0 0.8221040189125296 0.38125 0.013002364066193853 0.03333333333333333
0 0.7990543735224587 0.375 0.016548463356973995 0.029166666666666667
0 0.7807328605200946 0.3697916666666667 0.01773049645390071 0.035416666666666666
0 0.7464539007092199 0.35833333333333334 0.01773049645390071 0.03333333333333333
0 0.7381796690307328 0.36041666666666666 0.010638297872340425 0.020833333333333332
0 0.7133569739952719 0.3958333333333333 0.010638297872340425 0.025
0 0.6985815602836879 0.3625 0.01182033096926714 0.020833333333333332
0 0.6264775413711584 0.37604166666666666 0.016548463356973995 0.03125
0 0.6081560283687943 0.371875 0.01773049645390071 0.03125
0 0.5762411347517731 0.375 0.00591016548463357 0.0125
0 0.5455082742316785 0.43125 0.013002364066193853 0.025
0 0.5200945626477541 0.3927083333333333 0.014184397163120567 0.035416666666666666
0 0.4929078014184397 0.378125 0.01182033096926714 0.022916666666666665
0 0.4580378250591017 0.384375 0.013002364066193853 0.03125
0 0.33037825059101655 0.346875 0.024822695035460994 0.04791666666666667
0 0.3611111111111111 0.371875 0.013002364066193853 0.022916666666666665
0 0.38416075650118203 0.36354166666666665 0.009456264775413711 0.01875
0 0.28191489361702127 0.371875 0.015366430260047281 0.03125
0 0.23108747044917258 0.28020833333333334 0.024822695035460994 0.052083333333333336
0 0.18557919621749408 0.36354166666666665 0.0070921985815602835 0.014583333333333334
0 0.1536643026004728 0.35 0.009456264775413711 0.016666666666666666
0 0.12706855791962174 0.35208333333333336 0.02955082742316785 0.07083333333333333
0 0.07210401891252956 0.30833333333333335 0.04018912529550828 0.08333333333333333
