0 0.028755868544600938 0.6052083333333333 0.07629107981220658 0.16875
0 0.19307511737089203 0.6479166666666667 0.1068075117370892 0.275
0 0.3562206572769953 0.675 0.04107981220657277 0.09166666666666666
0 0.31279342723004694 0.56875 0.029342723004694836 0.0625
0 0.36619718309859156 0.58125 0.03051643192488263 0.0625
0 0.4278169014084507 0.5739583333333333 0.015258215962441314 0.035416666666666666
0 0.505868544600939 0.5583333333333333 0.014084507042253521 0.03333333333333333
0 0.5205399061032864 0.5447916666666667 0.015258215962441314 0.03958333333333333
0 0.5645539906103286 0.5947916666666667 0.01643192488262911 0.03125
0 0.6226525821596244 0.5489583333333333 0.01995305164319249 0.03958333333333333
0 0.6443661971830986 0.5375 0.009389671361502348 0.0125
0 0.6596244131455399 0.5510416666666667 0.009389671361502348 0.01875
0 0.6754694835680751 0.54375 0.01056338028169014 0.016666666666666666
0 0.715962441314554 0.578125 0.023474178403755867 0.052083333333333336
0 0.7717136150234741 0.5385416666666667 0.015258215962441314 0.03125
0 0.7975352112676056 0.5416666666666666 0.008215962441314555 0.0125
0 0.8221830985915493 0.5447916666666667 0.015258215962441314 0.03125
0 0.8438967136150235 0.5552083333333333 0.014084507042253521 0.027083333333333334
0 0.857981220657277 0.546875 0.014084507042253521 0.027083333333333334
0 0.886150234741784 0.5833333333333334 0.011737089201877934 0.020833333333333332
0 0.8949530516431925 0.5510416666666667 0.015258215962441314 0.027083333333333334
0 0.9184272300469484 0.578125 0.012910798122065728 0.01875
0 1.0011737089201878 0.58125 0.011737089201877934 0.020833333333333332
0 0.9800469483568075 0.5729166666666666 0.01643192488262911 0.07083333333333333
0 0.3538732394366197 0.5520833333333334 0.015258215962441314 0.029166666666666667
0 0.3884976525821596 0.559375 0.01643192488262911 0.03125
0 0.3996478873239437 0.5583333333333333 0.015258215962441314 0.025
0 0.4442488262910798 0.5635416666666667 0.012910798122065728 0.027083333333333334
0 0.4595070422535211 0.5552083333333333 0.01056338028169014 0.01875
0 0.49002347417840375 0.55625 0.008215962441314555 0.016666666666666666
0 0.5528169014084507 0.5447916666666667 0.007042253521126761 0.014583333333333334
0 0.5892018779342723 0.5541666666666667 0.009389671361502348 0.016666666666666666
0 0.8110328638497653 0.5520833333333334 0.007042253521126761 0.0125
0 0.8714788732394366 0.5333333333333333 0.015258215962441314 0.029166666666666667
