0 0.4624413145539906 0.8145833333333333 0.007042253521126761 0.016666666666666666
0 0.4583333333333333 0.840625 0.01995305164319249 0.06458333333333334
0 0.4706572769953052 0.8072916666666666 0.009389671361502348 0.01875
0 0.4823943661971831 0.8135416666666667 0.009389671361502348 0.022916666666666665
0 0.49471830985915494 0.8135416666666667 0.008215962441314555 0.014583333333333334
0 0.5258215962441315 0.79375 0.014084507042253521 0.025
0 0.5463615023474179 0.7885416666666667 0.01056338028169014 0.022916666666666665
0 0.5639671361502347 0.790625 0.012910798122065728 0.022916666666666665
0 0.573943661971831 0.8614583333333333 0.025821596244131457 0.09375
0 0.5862676056338029 0.8177083333333334 0.008215962441314555 0.014583333333333334
0 0.5809859154929577 0.8666666666666667 0.014084507042253521 0.075
0 0.6631455399061033 0.8104166666666667 0.009389671361502348 0.016666666666666666
0 0.6801643192488263 0.7291666666666666 0.015258215962441314 0.03333333333333333
0 0.7083333333333334 0.7364583333333333 0.017605633802816902 0.035416666666666666
0 0.7171361502347418 0.7302083333333333 0.01643192488262911 0.03125
0 0.7458920187793427 0.7979166666666667 0.005868544600938967 0.0125
0 0.7576291079812206 0.7947916666666667 0.008215962441314555 0.014583333333333334
0 0.7764084507042254 0.7833333333333333 0.01056338028169014 0.016666666666666666
0 0.7764084507042254 0.7822916666666667 0.01056338028169014 0.01875
0 0.8022300469483568 0.775 0.008215962441314555 0.016666666666666666
0 0.8497652582159625 0.696875 0.018779342723004695 0.035416666666666666
0 0.8855633802816901 0.8010416666666667 0.017605633802816902 0.07708333333333334
0 0.8996478873239436 0.771875 0.005868544600938967 0.010416666666666666
0 0.9231220657276995 0.4197916666666667 0.057511737089201875 0.10208333333333333
