0 0.125 0.31705150976909413 0.266 0.6163410301953819
0 0.345 0.2966252220248668 0.104 0.23090586145648312
0 0.491 0.3206039076376554 0.104 0.25754884547069273
0 0.5965 0.26465364120781526 0.103 0.2557726465364121
0 0.587 0.10301953818827708 0.094 0.19538188277087035
0 0.7665 0.29307282415630553 0.087 0.2202486678507993
0 0.9115 0.3641207815275311 0.091 0.20603907637655416
0 0.7125 0.26287744227353466 0.005 0.010657193605683837
0 0.699 0.28507992895204265 0.016 0.0763765541740675
0 0.9945 0.3063943161634103 0.017 0.037300177619893425
0 0.974 0.29040852575488457 0.012 0.019538188277087035
0 0.2835 0.27175843694493784 0.013 0.021314387211367674
0 0.6715 0.27797513321492007 0.017 0.037300177619893425
