0 -0.08671875 0.06701030927835051 0.0390625 0.08934707903780069
0 -0.015625 0.08333333333333333 0.015625 0.03608247422680412
0 0.009765625 0.06357388316151202 0.02109375 0.058419243986254296
0 0.074609375 0.09707903780068729 0.03828125 0.11168384879725086
0 0.07265625 0.08676975945017182 0.040625 0.11168384879725086
0 0.08359375 0.00429553264604811 0.0234375 0.05326460481099656
0 0.116015625 0.04982817869415808 0.02890625 0.06529209621993128
0 0.204296875 0.09450171821305842 0.05546875 0.14432989690721648
0 0.223046875 0.0429553264604811 0.03671875 0.10309278350515463
0 0.271484375 0.10223367697594501 0.05390625 0.1563573883161512
0 0.3359375 0.02147766323024055 0.04375 0.08762886597938144
0 0.4359375 -0.000859106529209622 0.028125 0.04982817869415808
0 0.55078125 0.03006872852233677 0.03125 0.08075601374570447
0 0.551171875 0.029209621993127148 0.03046875 0.08247422680412371
0 0.5703125 0.20618556701030927 0.0640625 0.18900343642611683
0 0.63125 -0.10481099656357389 0.03125 0.07560137457044673
0 0.728515625 -0.05154639175257732 0.03359375 0.07560137457044673
0 0.826171875 -0.18556701030927836 0.02734375 0.061855670103092786
0 0.855078125 -0.012027491408934709 0.03671875 0.07903780068728522
0 0.978125 -0.05154639175257732 0.0421875 0.09965635738831616
0 1.008203125 -0.012027491408934709 0.04453125 0.09965635738831616
0 0.66640625 -0.06099656357388316 0.0203125 0.04639175257731959
