0 0.9126268320180383 0.637223974763407 0.18376550169109357 0.2870662460567823
0 0.625140924464487 0.9605678233438486 0.18602029312288612 0.27129337539432175
0 0.8134160090191658 0.5449526813880127 0.1386696730552424 0.21608832807570977
0 0.6645997745208568 0.41798107255520506 0.1273957158962796 0.2082018927444795
0 0.47068771138669674 0.48186119873817035 0.1319052987598647 0.2476340694006309
0 0.34667418263810595 0.43769716088328076 0.10710259301014656 0.22870662460567823
0 0.21307779030439683 0.2870662460567823 0.11724915445321307 0.22712933753943218
0 0.14374295377677565 0.2334384858044164 0.11161217587373168 0.19242902208201892
0 0.6110484780157835 0.21056782334384858 0.12401352874859076 0.19400630914826497
0 0.8167981961668546 0.050473186119873815 0.07553551296505073 0.12618296529968454
0 0.9503945885005637 0.07097791798107256 0.07891770011273957 0.13249211356466878
0 0.3602029312288613 0.14589905362776026 0.09808342728297632 0.16561514195583596
0 0.507891770011274 0.32965299684542587 0.06877113866967305 0.12618296529968454
0 0.5067643742953777 0.7436908517350158 0.13416009019165728 0.250788643533123
0 0.685456595264938 -0.044952681388012616 0.0496054114994363 0.07413249211356467
0 0.5208568207440811 0.221608832807571 0.15783540022547915 0.6419558359621451
0 0.6025930101465614 0.305205047318612 0.10033821871476889 0.13722397476340695
