0 0.14609375 0.40268456375838924 0.0421875 0.08501118568232663
0 0.18984375 0.4395973154362416 0.0390625 0.05592841163310962
0 0.2203125 0.4552572706935123 0.028125 0.042505592841163314
0 0.28671875 0.40492170022371365 0.0421875 0.07158836689038031
0 0.43671875 0.3579418344519016 0.0515625 0.08501118568232663
0 0.4875 0.5335570469798657 0.015625 0.024608501118568233
0 0.5953125 0.49440715883668906 0.025 0.0447427293064877
0 0.6109375 0.4809843400447427 0.028125 0.049217002237136466
0 0.6515625 0.5592841163310962 0.0125 0.013422818791946308
0 0.65859375 0.558165548098434 0.0078125 0.011185682326621925
0 0.67265625 0.5548098434004475 0.0078125 0.013422818791946308
0 0.69375 0.558165548098434 0.009375 0.015659955257270694
0 0.7203125 0.5525727069351231 0.009375 0.013422818791946308
0 0.73671875 0.5592841163310962 0.0109375 0.013422818791946308
0 0.74921875 0.5548098434004475 0.0078125 0.013422818791946308
0 0.81328125 0.4541387024608501 0.0265625 0.035794183445190156
0 0.8546875 0.4720357941834452 0.03125 0.049217002237136466
0 0.82265625 0.412751677852349 0.0359375 0.06487695749440715
0 0.97578125 0.46756152125279643 0.0359375 0.0447427293064877
