0 0.10446009389671361 0.6125 0.02112676056338028 0.04583333333333333
0 0.25821596244131456 0.5760416666666667 0.009389671361502348 0.014583333333333334
0 0.27992957746478875 0.6052083333333333 0.005868544600938967 0.010416666666666666
0 0.3039906103286385 0.5822916666666667 0.011737089201877934 0.022916666666666665
0 0.31279342723004694 0.5770833333333333 0.005868544600938967 0.0125
0 0.3444835680751174 0.575 0.005868544600938967 0.0125
0 0.37734741784037557 0.5729166666666666 0.005868544600938967 0.0125
0 0.41901408450704225 0.5739583333333333 0.011737089201877934 0.027083333333333334
0 0.4518779342723005 0.5822916666666667 0.007042253521126761 0.014583333333333334
0 0.4800469483568075 0.571875 0.007042253521126761 0.014583333333333334
0 0.5164319248826291 0.5697916666666667 0.014084507042253521 0.027083333333333334
0 0.5892018779342723 0.5572916666666666 0.009389671361502348 0.022916666666666665
0 0.6842723004694836 0.5822916666666667 0.01643192488262911 0.03125
0 0.8186619718309859 0.5541666666666667 0.012910798122065728 0.020833333333333332
0 0.8955399061032864 0.540625 0.01643192488262911 0.03125
0 0.9407276995305164 0.578125 0.012910798122065728 0.022916666666666665
0 0.9630281690140845 0.5364583333333334 0.008215962441314555 0.014583333333333334
0 0.14553990610328638 0.6375 0.023474178403755867 0.15833333333333333
