0 0.0076576576576576575 0.665144596651446 0.00990990990990991 0.015220700152207
0 0.02072072072072072 0.6773211567732116 0.009009009009009009 0.015220700152207
0 0.03513513513513514 0.7123287671232876 0.023423423423423424 0.1156773211567732
0 0.09954954954954955 0.6796042617960426 0.008108108108108109 0.0167427701674277
0 0.060810810810810814 0.7229832572298326 0.03513513513513514 0.0669710806697108
0 0.3427927927927928 0.6050228310502284 0.0945945945945946 0.1445966514459665
0 0.48333333333333334 0.7024353120243532 0.002702702702702703 0.0045662100456621
0 0.49099099099099097 0.6971080669710806 0.0036036036036036037 0.0060882800608828
0 0.49864864864864866 0.7168949771689498 0.013513513513513514 0.0517503805175038
0 0.5067567567567568 0.700152207001522 0.0045045045045045045 0.0060882800608828
0 0.5288288288288289 0.693302891933029 0.005405405405405406 0.0106544901065449
0 0.5441441441441441 0.700152207001522 0.005405405405405406 0.0091324200913242
0 0.5481981981981981 0.6971080669710806 0.0045045045045045045 0.0091324200913242
0 0.5175675675675676 0.682648401826484 0.00990990990990991 0.0167427701674277
0 0.5662162162162162 0.6575342465753424 0.015315315315315315 0.030441400304414
0 0.6103603603603603 0.6704718417047184 0.011711711711711712 0.0197869101978691
0 0.6310810810810811 0.669710806697108 0.011711711711711712 0.0213089802130898
0 0.6554054054054054 0.6179604261796042 0.01891891891891892 0.0334855403348554
0 0.663963963963964 0.7343987823439878 0.03423423423423423 0.1567732115677321
0 0.7162162162162162 0.6506849315068494 0.016216216216216217 0.0319634703196347
0 0.7288288288288288 0.6727549467275494 0.010810810810810811 0.0243531202435312
0 0.7545045045045045 0.6225266362252664 0.017117117117117116 0.0334855403348554
0 0.7509009009009009 0.6613394216133942 0.01891891891891892 0.0350076103500761
0 0.7653153153153153 0.647640791476408 0.013513513513513514 0.0258751902587519
0 0.8144144144144144 0.697869101978691 0.014414414414414415 0.0258751902587519
0 0.7918918918918919 0.636986301369863 0.018018018018018018 0.0410958904109589
0 0.8644144144144145 0.6917808219178082 0.02252252252252252 0.0350076103500761
0 0.8148648648648649 0.7602739726027398 0.04054054054054054 0.1141552511415525
0 0.9094594594594595 0.715372907153729 0.013513513513513514 0.0243531202435312
0 0.9094594594594595 0.7161339421613394 0.013513513513513514 0.0258751902587519
0 0.9603603603603603 0.710806697108067 0.014414414414414415 0.0243531202435312
