0 0.05694444444444444 0.4027777777777778 0.013888888888888888 0.016666666666666666
0 0.04583333333333333 0.4305555555555556 0.019444444444444445 0.05740740740740741
0 0.12083333333333333 0.4101851851851852 0.008333333333333333 0.012962962962962963
0 0.16041666666666668 0.4074074074074074 0.006944444444444444 0.011111111111111112
0 0.1763888888888889 0.3962962962962963 0.008333333333333333 0.011111111111111112
0 0.19027777777777777 0.40370370370370373 0.008333333333333333 0.011111111111111112
0 0.22847222222222222 0.39814814814814814 0.006944444444444444 0.007407407407407408
0 0.24791666666666667 0.4046296296296296 0.006944444444444444 0.009259259259259259
0 0.2791666666666667 0.39351851851851855 0.008333333333333333 0.012962962962962963
0 0.2361111111111111 0.4212962962962963 0.008333333333333333 0.012962962962962963
0 0.10972222222222222 0.4398148148148148 0.013888888888888888 0.024074074074074074
0 0.06944444444444445 0.5037037037037037 0.019444444444444445 0.025925925925925925
0 0.07777777777777778 0.4898148148148148 0.013888888888888888 0.024074074074074074
0 0.004861111111111111 0.5074074074074074 0.018055555555555554 0.02962962962962963
0 0.12777777777777777 0.462037037037037 0.016666666666666666 0.024074074074074074
0 0.24097222222222223 0.49722222222222223 0.0125 0.016666666666666666
0 0.10486111111111111 0.6361111111111111 0.0125 0.016666666666666666
0 0.2534722222222222 0.6509259259259259 0.020833333333333332 0.027777777777777776
0 0.28055555555555556 0.6175925925925926 0.019444444444444445 0.03518518518518519
0 0.36944444444444446 0.6314814814814815 0.025 0.037037037037037035
0 0.24583333333333332 0.462037037037037 0.011111111111111112 0.016666666666666666
0 0.2659722222222222 0.4666666666666667 0.009722222222222222 0.011111111111111112
0 0.29583333333333334 0.4675925925925926 0.011111111111111112 0.016666666666666666
0 0.39791666666666664 0.44537037037037036 0.0125 0.016666666666666666
0 0.39861111111111114 0.3768518518518518 0.008333333333333333 0.012962962962962963
0 0.4423611111111111 0.45555555555555555 0.009722222222222222 0.014814814814814815
0 0.5756944444444444 0.5416666666666666 0.018055555555555554 0.024074074074074074
0 0.6319444444444444 0.5722222222222222 0.016666666666666666 0.02962962962962963
0 0.6805555555555556 0.5814814814814815 0.016666666666666666 0.022222222222222223
0 0.7298611111111111 0.5462962962962963 0.018055555555555554 0.02962962962962963
0 0.6715277777777777 0.42314814814814816 0.006944444444444444 0.009259259259259259
0 0.6875 0.412962962962963 0.011111111111111112 0.014814814814814815
0 0.6861111111111111 0.42592592592592593 0.027777777777777776 0.04814814814814815
0 0.6972222222222222 0.3453703703703704 0.008333333333333333 0.012962962962962963
0 0.9347222222222222 0.3435185185185185 0.011111111111111112 0.012962962962962963
0 0.9791666666666666 0.3175925925925926 0.019444444444444445 0.07962962962962963
0 0.9854166666666667 0.287962962962963 0.006944444444444444 0.009259259259259259
0 0.35347222222222224 0.8731481481481481 0.04027777777777778 0.06481481481481481
0 0.42083333333333334 0.9277777777777778 0.03611111111111111 0.040740740740740744
0 0.5180555555555556 0.7731481481481481 0.03611111111111111 0.06111111111111111
