0 0.03955078125 0.29375 0.0380859375 0.078125
0 0.1396484375 0.3609375 0.033203125 0.065625
0 0.16162109375 0.2625 0.0361328125 0.0625
0 0.21435546875 0.2546875 0.0263671875 0.05
0 0.2236328125 0.275 0.029296875 0.05625
0 0.2421875 0.2625 0.02734375 0.053125
0 0.26220703125 0.24765625 0.0458984375 0.1046875
0 0.365234375 0.234375 0.046875 0.09375
0 0.33349609375 0.246875 0.0283203125 0.053125
0 0.43310546875 0.2390625 0.0380859375 0.09375
0 0.3935546875 0.26171875 0.0234375 0.0546875
0 0.4677734375 0.253125 0.029296875 0.06875
0 0.4658203125 0.3828125 0.044921875 0.0875
0 0.521484375 0.453125 0.03515625 0.075
0 0.52294921875 0.2328125 0.0380859375 0.078125
0 0.63037109375 0.234375 0.0380859375 0.08125
0 0.619140625 0.30078125 0.044921875 0.0734375
0 0.69189453125 0.27578125 0.0263671875 0.0546875
0 0.712890625 0.23984375 0.03125 0.0609375
0 0.73291015625 0.25078125 0.0322265625 0.0703125
0 0.7626953125 0.23046875 0.046875 0.0890625
0 0.7861328125 0.3625 0.04296875 0.090625
0 0.8203125 0.28203125 0.025390625 0.0609375
0 0.8359375 0.290625 0.029296875 0.0625
0 0.91162109375 0.2921875 0.0380859375 0.078125
0 0.96142578125 0.321875 0.0107421875 0.025
0 0.9912109375 0.31328125 0.015625 0.0296875
