0 0.05533333333333333 0.3711484593837535 0.030666666666666665 0.058823529411764705
0 0.074 0.38748832866479926 0.037333333333333336 0.06535947712418301
0 0.11766666666666667 0.33426704014939307 0.034 0.056022408963585436
0 0.17 0.39822595704948643 0.037333333333333336 0.06255835667600373
0 0.194 0.4197012138188609 0.02666666666666667 0.06069094304388422
0 0.241 0.3888888888888889 0.03666666666666667 0.05695611577964519
0 0.438 0.36367880485527543 0.037333333333333336 0.051353874883286646
0 0.5136666666666667 0.3954248366013072 0.028666666666666667 0.047619047619047616
0 0.6256666666666667 0.3739495798319328 0.03 0.051353874883286646
0 0.6926666666666667 0.31932773109243695 0.034666666666666665 0.06535947712418301
0 0.7943333333333333 0.46265172735760973 0.03666666666666667 0.06442577030812324
0 0.784 0.31559290382819793 0.02666666666666667 0.05042016806722689
0 0.8893333333333333 0.45471521942110177 0.04666666666666667 0.06722689075630252
0 0.9203333333333333 0.4178338001867414 0.04066666666666666 0.0718954248366013
