0 0.2861111111111111 0.6156626506024097 0.07777777777777778 0.14216867469879518
0 0.40347222222222223 0.5987951807228916 0.04861111111111111 0.10843373493975904
0 0.7423611111111111 0.5421686746987951 0.03194444444444444 0.06265060240963856
0 0.8715277777777778 0.5228915662650603 0.034722222222222224 0.07228915662650602
0 0.9833333333333333 0.5566265060240964 0.027777777777777776 0.04819277108433735
0 0.9013888888888889 0.5349397590361445 0.03333333333333333 0.07228915662650602
0 0.5819444444444445 0.5662650602409639 0.027777777777777776 0.05783132530120482
0 0.6708333333333333 0.5662650602409639 0.019444444444444445 0.03855421686746988
0 0.4979166666666667 0.5373493975903615 0.015277777777777777 0.03855421686746988
0 0.46875 0.5337349397590362 0.009722222222222222 0.016867469879518072
0 0.6263888888888889 0.536144578313253 0.013888888888888888 0.03132530120481928
0 0.36319444444444443 0.5506024096385542 0.02638888888888889 0.060240963855421686
0 0.1798611111111111 0.6060240963855422 0.0375 0.0891566265060241
0 0.03888888888888889 0.6024096385542169 0.030555555555555555 0.05301204819277108
0 0.09097222222222222 0.5879518072289157 0.020833333333333332 0.04819277108433735
0 0.21041666666666667 0.5433734939759036 0.015277777777777777 0.03614457831325301
0 0.4513888888888889 0.5493975903614458 0.013888888888888888 0.01927710843373494
0 0.5527777777777778 0.5518072289156627 0.013888888888888888 0.024096385542168676
0 0.5694444444444444 0.5349397590361445 0.011111111111111112 0.01927710843373494
0 0.6097222222222223 0.5349397590361445 0.011111111111111112 0.01927710843373494
0 0.7159722222222222 0.5457831325301205 0.02361111111111111 0.04578313253012048
0 0.7006944444444444 0.5349397590361445 0.015277777777777777 0.024096385542168676
