0 0.09538461538461539 0.605080831408776 0.010769230769230769 0.016166281755196306
0 0.12115384615384615 0.5998845265588915 0.01 0.017321016166281754
0 0.14615384615384616 0.6120092378752887 0.009230769230769232 0.016166281755196306
0 0.1823076923076923 0.6478060046189377 0.02 0.06697459584295612
0 0.21923076923076923 0.6154734411085451 0.007692307692307693 0.013856812933025405
0 0.24961538461538463 0.6212471131639723 0.01 0.018475750577367205
0 0.2976923076923077 0.6270207852193995 0.006153846153846154 0.009237875288683603
0 0.3292307692307692 0.624133949191686 0.007692307692307693 0.012702078521939953
0 0.34884615384615386 0.6547344110854504 0.011538461538461539 0.05542725173210162
0 0.35423076923076924 0.6362586605080831 0.005384615384615384 0.009237875288683603
0 0.3792307692307692 0.6345265588914549 0.006153846153846154 0.010392609699769052
0 0.385 0.6351039260969977 0.005384615384615384 0.011547344110854504
0 0.42615384615384616 0.6472286374133949 0.004615384615384616 0.008083140877598153
0 0.5034615384615385 0.6437644341801386 0.0038461538461538464 0.005773672055427252
0 0.5411538461538462 0.6628175519630485 0.011538461538461539 0.050808314087759814
0 0.5134615384615384 0.6622401847575058 0.011538461538461539 0.042725173210161664
0 0.5538461538461539 0.648960739030023 0.009230769230769232 0.016166281755196306
0 0.6988461538461539 0.6581986143187067 0.014615384615384615 0.020785219399538105
0 0.6973076923076923 0.644919168591224 0.008461538461538461 0.012702078521939953
0 0.713076923076923 0.6524249422632794 0.009230769230769232 0.013856812933025405
0 0.725 0.6472286374133949 0.01 0.015011547344110854
0 0.7407692307692307 0.6506928406466512 0.006153846153846154 0.010392609699769052
0 0.7623076923076924 0.6454965357967667 0.007692307692307693 0.011547344110854504
0 0.7715384615384615 0.6501154734411085 0.007692307692307693 0.011547344110854504
0 0.8015384615384615 0.6558891454965358 0.007692307692307693 0.011547344110854504
0 0.7965384615384615 0.6541570438799076 0.006923076923076923 0.012702078521939953
0 0.838076923076923 0.6437644341801386 0.008461538461538461 0.012702078521939953
0 0.8665384615384616 0.6379907621247113 0.008461538461538461 0.015011547344110854
