0 0.217816091954023 0.4110915492957746 0.1367816091954023 0.2130281690140845
0 0.38275862068965516 0.46919014084507044 0.05517241379310345 0.09683098591549295
0 0.3074712643678161 0.4762323943661972 0.04252873563218391 0.0721830985915493
0 0.46091954022988507 0.3890845070422535 0.04367816091954023 0.09507042253521127
0 0.6402298850574712 0.3987676056338028 0.07126436781609195 0.12852112676056338
0 0.4091954022988506 0.41725352112676056 0.013793103448275862 0.02464788732394366
0 0.5160919540229885 0.43133802816901406 0.009195402298850575 0.014084507042253521
0 0.5385057471264367 0.4242957746478873 0.010344827586206896 0.017605633802816902
0 0.5298850574712644 0.4269366197183099 0.006896551724137931 0.01232394366197183
0 0.5488505747126436 0.4295774647887324 0.008045977011494253 0.014084507042253521
0 0.5977011494252874 0.4744718309859155 0.029885057471264367 0.058098591549295774
0 0.5977011494252874 0.4753521126760563 0.03218390804597701 0.05985915492957746
0 0.7195402298850575 0.4920774647887324 0.029885057471264367 0.058098591549295774
0 0.7126436781609196 0.4040492957746479 0.011494252873563218 0.022887323943661973
0 0.7373563218390805 0.4357394366197183 0.010344827586206896 0.01584507042253521
0 0.5655172413793104 0.46830985915492956 0.006896551724137931 0.014084507042253521
0 0.12011494252873563 0.44366197183098594 0.05862068965517241 0.12323943661971831
0 0.1 0.4630281690140845 0.05057471264367816 0.0880281690140845
