0 0.5823076923076923 0.47507055503292567 0.02 0.02634054562558796
0 0.6565384615384615 0.4670743179680151 0.02076923076923077 0.02539981185324553
0 0.6942307692307692 0.46754468485418627 0.019230769230769232 0.024459078080903106
0 0.7169230769230769 0.4628410159924741 0.023076923076923078 0.03198494825964252
0 0.6384615384615384 0.46801505174035746 0.007692307692307693 0.010348071495766699
0 0.29307692307692307 0.5611476952022577 0.03538461538461538 0.05738476011288805
0 0.3080769230769231 0.5479774223894638 0.036153846153846154 0.04985888993414864
0 0.08538461538461538 0.5225776105362182 0.027692307692307693 0.036688617121354655
0 0.0926923076923077 0.522107243650047 0.01769230769230769 0.03198494825964252
0 0.13307692307692306 0.4962370649106303 0.016923076923076923 0.027281279397930385
0 0.15692307692307692 0.46425211665098776 0.018461538461538463 0.02539981185324553
0 0.46576923076923077 0.4656632173095014 0.01 0.011288805268109126
0 0.4165384615384615 0.4656632173095014 0.01 0.01317027281279398
0 0.3942307692307692 0.4656632173095014 0.008461538461538461 0.011288805268109126
0 0.4 0.45719661335841955 0.006153846153846154 0.00940733772342427
