0 0.21192307692307694 0.3682008368200837 0.06230769230769231 0.10251046025104603
0 0.4015384615384615 0.41265690376569036 0.027692307692307693 0.04497907949790795
0 0.4288461538461538 0.40690376569037656 0.0038461538461538464 0.006276150627615063
0 0.4461538461538462 0.41265690376569036 0.009230769230769232 0.013598326359832637
0 0.4580769230769231 0.39905857740585776 0.008461538461538461 0.015690376569037656
0 0.47192307692307695 0.4063807531380753 0.008461538461538461 0.013598326359832637
0 0.4807692307692308 0.41161087866108786 0.012307692307692308 0.021966527196652718
0 0.5034615384615385 0.4110878661087866 0.01769230769230769 0.029288702928870293
0 0.4969230769230769 0.39748953974895396 0.013846153846153847 0.02092050209205021
0 0.5107692307692308 0.40794979079497906 0.009230769230769232 0.016736401673640166
0 0.5303846153846153 0.4063807531380753 0.006923076923076923 0.009414225941422594
0 0.5423076923076923 0.40794979079497906 0.004615384615384616 0.006276150627615063
0 0.5673076923076923 0.4063807531380753 0.002307692307692308 0.0031380753138075313
0 0.58 0.40481171548117156 0.010769230769230769 0.01882845188284519
0 0.6161538461538462 0.40481171548117156 0.003076923076923077 0.0041841004184100415
0 0.6296153846153846 0.4053347280334728 0.002307692307692308 0.0031380753138075313
0 0.6542307692307693 0.40115062761506276 0.023846153846153847 0.038702928870292884
0 0.6876923076923077 0.4042887029288703 0.004615384615384616 0.005230125523012552
0 0.685 0.39644351464435146 0.002307692307692308 0.0041841004184100415
0 0.6707692307692308 0.4042887029288703 0.004615384615384616 0.007322175732217573
0 0.698076923076923 0.4027196652719665 0.002307692307692308 0.0041841004184100415
0 0.7096153846153846 0.40376569037656906 0.005384615384615384 0.008368200836820083
0 0.71 0.39905857740585776 0.004615384615384616 0.007322175732217573
0 0.72 0.39644351464435146 0.004615384615384616 0.006276150627615063
0 0.7415384615384616 0.41631799163179917 0.018461538461538463 0.03765690376569038
0 0.7711538461538462 0.39644351464435146 0.005384615384615384 0.006276150627615063
0 0.7861538461538462 0.39539748953974896 0.004615384615384616 0.006276150627615063
0 0.6226923076923077 0.40010460251046026 0.002307692307692308 0.0031380753138075313
0 0.8261538461538461 0.39748953974895396 0.004615384615384616 0.006276150627615063
0 0.8592307692307692 0.399581589958159 0.009230769230769232 0.016736401673640166
0 0.8857692307692308 0.3969665271966527 0.006923076923076923 0.009414225941422594
0 0.8942307692307693 0.3959205020920502 0.005384615384615384 0.009414225941422594
0 0.9011538461538462 0.39278242677824265 0.005384615384615384 0.009414225941422594
0 0.9092307692307692 0.3938284518828452 0.006153846153846154 0.007322175732217573
0 0.9157692307692308 0.4042887029288703 0.006923076923076923 0.011506276150627616
0 0.9238461538461539 0.39330543933054396 0.007692307692307693 0.012552301255230125
0 0.9357692307692308 0.399581589958159 0.008461538461538461 0.014644351464435146
0 0.9526923076923077 0.4100418410041841 0.022307692307692306 0.027196652719665274
0 0.8696153846153846 0.3938284518828452 0.008461538461538461 0.011506276150627616
