0 0.039186507936507936 0.3406084656084656 0.02976190476190476 0.041005291005291
0 0.06076388888888889 0.382771164021164 0.040674603174603176 0.06117724867724868
0 0.08159722222222222 0.3316798941798942 0.019345238095238096 0.026455026455026454
0 0.08122519841269842 0.31729497354497355 0.018601190476190476 0.03207671957671958
0 0.13479662698412698 0.3272156084656085 0.02058531746031746 0.03273809523809524
0 0.11830357142857142 0.5064484126984127 0.08234126984126984 0.14583333333333334
0 0.16282242063492064 0.40922619047619047 0.04092261904761905 0.06845238095238096
0 0.17311507936507936 0.36904761904761907 0.03373015873015873 0.05489417989417989
0 0.2092013888888889 0.37334656084656087 0.026041666666666668 0.037037037037037035
0 0.24578373015873015 0.3688822751322751 0.03968253968253968 0.0539021164021164
0 0.2717013888888889 0.3682208994708995 0.028025793650793652 0.04927248677248677
0 0.3131200396825397 0.37665343915343913 0.0339781746031746 0.05489417989417989
0 0.39831349206349204 0.3817791005291005 0.037698412698412696 0.060515873015873016
0 0.4538690476190476 0.36078042328042326 0.03373015873015873 0.05886243386243386
0 0.3645833333333333 0.4353505291005291 0.04513888888888889 0.07043650793650794
0 0.3365575396825397 0.4851190476190476 0.05803571428571429 0.08267195767195767
0 0.3864087301587302 0.5203373015873016 0.06547619047619048 0.09027777777777778
0 0.33606150793650796 0.718915343915344 0.10714285714285714 0.16468253968253968
0 0.4651537698412698 0.45171957671957674 0.03794642857142857 0.056878306878306875
0 0.5241815476190477 0.44494047619047616 0.053323412698412696 0.07175925925925926
0 0.5422867063492064 0.41865079365079366 0.03943452380952381 0.05952380952380952
0 0.6246279761904762 0.47867063492063494 0.04389880952380952 0.06382275132275132
0 0.7537202380952381 0.376984126984127 0.037698412698412696 0.051587301587301584
0 0.7366071428571429 0.5042989417989417 0.05406746031746032 0.083994708994709
0 0.660094246031746 0.3794642857142857 0.027529761904761904 0.04794973544973545
0 0.7219742063492064 0.3664021164021164 0.02628968253968254 0.03902116402116402
0 0.7735615079365079 0.3414351851851852 0.022817460317460316 0.03869047619047619
0 0.7989831349206349 0.40029761904761907 0.03149801587301587 0.04861111111111111
0 0.8226686507936508 0.35962301587301587 0.033234126984126984 0.03869047619047619
0 0.8810763888888888 0.37103174603174605 0.024553571428571428 0.03439153439153439
0 0.9138144841269841 0.41220238095238093 0.06721230158730158 0.07572751322751323
0 0.9322916666666666 0.34375 0.02628968253968254 0.040013227513227514
0 0.9585813492063492 0.5327380952380952 0.08283730158730158 0.37962962962962965
0 0.8746279761904762 0.5924272486772487 0.11036706349206349 0.18617724867724866
0 0.8443700396825397 0.7541335978835979 0.16741071428571427 0.2708333333333333
0 0.5861855158730159 0.3688822751322751 0.0220734126984127 0.036044973544973546
0 0.6192956349206349 0.3229166666666667 0.023809523809523808 0.03207671957671958
0 0.23933531746031747 0.47023809523809523 0.06448412698412699 0.10052910052910052
0 0.5300099206349206 0.4828042328042328 0.06101190476190476 0.10978835978835978
