0 0.01 0.3609154929577465 0.04 0.056338028169014086
0 0.103125 0.3855633802816901 0.03125 0.04929577464788732
0 0.334375 0.3529929577464789 0.04375 0.06866197183098592
0 0.3725 0.3670774647887324 0.0525 0.07570422535211267
0 0.43625 0.35475352112676056 0.06 0.08274647887323944
0 0.481875 0.3477112676056338 0.04125 0.06514084507042253
0 0.554375 0.3345070422535211 0.04875 0.06338028169014084
0 0.5775 0.3345070422535211 0.04 0.06690140845070422
0 0.595 0.3626760563380282 0.0325 0.06338028169014084
0 0.650625 0.3345070422535211 0.04375 0.07394366197183098
0 0.748125 0.33186619718309857 0.04375 0.061619718309859156
0 0.7375 0.3001760563380282 0.0475 0.0721830985915493
0 0.849375 0.30545774647887325 0.04625 0.0721830985915493
0 0.928125 0.3415492957746479 0.01625 0.02464788732394366
0 0.9875 0.33274647887323944 0.0225 0.028169014084507043
