0 0.04038461538461539 0.562 0.05307692307692308 0.10266666666666667
0 0.14807692307692308 0.5913333333333334 0.045384615384615384 0.1
0 0.22923076923076924 0.798 0.046153846153846156 0.11333333333333333
0 0.2746153846153846 0.6586666666666666 0.047692307692307694 0.112
0 0.2580769230769231 0.568 0.05 0.09333333333333334
0 0.4076923076923077 0.33866666666666667 0.1 0.192
0 0.4073076923076923 0.626 0.10230769230769231 0.252
0 0.5315384615384615 0.6053333333333333 0.05692307692307692 0.12
0 0.6646153846153846 0.624 0.05846153846153846 0.104
0 0.7723076923076924 0.5873333333333334 0.05384615384615385 0.11866666666666667
0 0.8588461538461538 0.7193333333333334 0.05153846153846154 0.116
0 0.9573076923076923 0.598 0.04230769230769231 0.092
