0 0.07532467532467532 0.18095238095238095 0.05454545454545454 0.12380952380952381
0 0.23116883116883116 0.19285714285714287 0.04935064935064935 0.12380952380952381
0 0.33116883116883117 0.12142857142857143 0.05454545454545454 0.12857142857142856
0 0.41233766233766234 0.18452380952380953 0.048051948051948054 0.1261904761904762
0 0.4577922077922078 0.5214285714285715 0.06623376623376623 0.15714285714285714
0 0.4850649350649351 0.19642857142857142 0.04285714285714286 0.10714285714285714
0 0.5506493506493506 0.19523809523809524 0.046753246753246755 0.10476190476190476
0 0.6324675324675325 0.1523809523809524 0.04935064935064935 0.12857142857142856
0 0.6779220779220779 0.2619047619047619 0.05194805194805195 0.11904761904761904
0 0.8155844155844156 0.23333333333333334 0.06753246753246753 0.1619047619047619
0 0.7805194805194805 0.13214285714285715 0.06493506493506493 0.14047619047619048
0 0.15454545454545454 0.3488095238095238 0.046753246753246755 0.09285714285714286
