0 0.13673708920187794 0.23958333333333334 0.10446009389671361 0.19583333333333333
0 0.3028169014084507 0.165625 0.07746478873239436 0.13541666666666666
0 0.5316901408450704 0.10625 0.07981220657276995 0.15
0 0.7681924882629108 0.3 0.062206572769953054 0.12083333333333333
0 0.636150234741784 0.13125 0.03051643192488263 0.075
0 0.7030516431924883 0.18125 0.03051643192488263 0.06666666666666667
0 0.7582159624413145 0.14895833333333333 0.035211267605633804 0.06458333333333334
0 0.6795774647887324 0.1375 0.025821596244131457 0.05416666666666667
0 0.7194835680751174 0.10625 0.023474178403755867 0.05
0 0.8403755868544601 0.17395833333333333 0.035211267605633804 0.06875
0 0.8215962441314554 0.10833333333333334 0.02112676056338028 0.04583333333333333
0 0.8796948356807511 0.15729166666666666 0.029342723004694836 0.05625
0 0.8931924882629108 0.15520833333333334 0.02112676056338028 0.04791666666666667
0 0.9724178403755869 0.14375 0.02699530516431925 0.058333333333333334
0 0.9231220657276995 0.13958333333333334 0.022300469483568074 0.041666666666666664
0 0.852112676056338 0.075 0.01643192488262911 0.041666666666666664
