0 0.00703125 0.6875 0.0046875 0.008333333333333333
0 0.091796875 0.7333333333333333 0.00859375 0.016666666666666666
0 0.114453125 0.7298611111111111 0.00703125 0.015277777777777777
0 0.137890625 0.7375 0.01640625 0.03333333333333333
0 0.180078125 0.7513888888888889 0.01328125 0.030555555555555555
0 0.220703125 0.7201388888888889 0.01484375 0.02638888888888889
0 0.28046875 0.7604166666666666 0.0109375 0.02638888888888889
0 0.337109375 0.7180555555555556 0.01328125 0.025
0 0.43984375 0.75625 0.0140625 0.02638888888888889
0 0.661328125 0.7444444444444445 0.01484375 0.03611111111111111
0 0.6734375 0.7590277777777777 0.0203125 0.0375
0 0.737109375 0.8763888888888889 0.03046875 0.058333333333333334
0 0.9078125 0.7979166666666667 0.0375 0.059722222222222225
0 0.55078125 0.8972222222222223 0.034375 0.06944444444444445
0 0.5609375 0.8583333333333333 0.028125 0.06388888888888888
