0 0.07676630434782608 0.5108695652173914 0.033967391304347824 0.03804347826086957
0 0.20855978260869565 0.4891304347826087 0.033967391304347824 0.04076086956521739
0 0.33016304347826086 0.4110054347826087 0.057065217391304345 0.08559782608695653
0 0.3851902173913043 0.45108695652173914 0.06657608695652174 0.09239130434782608
0 0.485054347826087 0.5183423913043478 0.029891304347826088 0.03940217391304348
0 0.5726902173913043 0.44633152173913043 0.07744565217391304 0.08288043478260869
0 0.4830163043478261 0.6385869565217391 0.06114130434782609 0.08967391304347826
0 0.6637228260869565 0.6025815217391305 0.08831521739130435 0.24592391304347827
0 0.7676630434782609 0.514266304347826 0.03260869565217391 0.042119565217391304
0 0.8016304347826086 0.5190217391304348 0.029891304347826088 0.04076086956521739
0 0.8546195652173914 0.5258152173913043 0.02717391304347826 0.04076086956521739
0 0.9626358695652174 0.501358695652174 0.042119565217391304 0.043478260869565216
0 0.5971467391304348 0.5040760869565217 0.04755434782608696 0.051630434782608696
