0 0.0733568075117371 0.41458333333333336 0.045774647887323945 0.0875
0 0.9002347417840375 0.42604166666666665 0.018779342723004695 0.03958333333333333
0 0.8650234741784038 0.45625 0.025821596244131457 0.041666666666666664
0 0.39436619718309857 0.43854166666666666 0.0539906103286385 0.11041666666666666
0 0.48708920187793425 0.446875 0.056338028169014086 0.10208333333333333
0 0.443075117370892 0.3958333333333333 0.029342723004694836 0.05
0 0.539906103286385 0.45 0.018779342723004695 0.03333333333333333
0 0.5269953051643192 0.42083333333333334 0.014084507042253521 0.029166666666666667
0 0.5498826291079812 0.45208333333333334 0.01056338028169014 0.020833333333333332
0 0.7376760563380281 0.44895833333333335 0.015258215962441314 0.027083333333333334
0 0.7400234741784038 0.4354166666666667 0.01056338028169014 0.020833333333333332
0 0.6995305164319249 0.428125 0.011737089201877934 0.01875
0 0.6813380281690141 0.4479166666666667 0.01995305164319249 0.03333333333333333
0 0.6561032863849765 0.4395833333333333 0.011737089201877934 0.020833333333333332
0 0.625 0.446875 0.017605633802816902 0.03125
0 0.6103286384976526 0.4354166666666667 0.01643192488262911 0.03333333333333333
0 0.596830985915493 0.4427083333333333 0.012910798122065728 0.027083333333333334
0 0.5886150234741784 0.4322916666666667 0.012910798122065728 0.027083333333333334
