0 0.022300469483568074 0.37395833333333334 0.051643192488262914 0.10625
0 0.0539906103286385 0.471875 0.028169014084507043 0.052083333333333336
0 0.07981220657276995 0.484375 0.03051643192488263 0.052083333333333336
0 0.09917840375586855 0.47291666666666665 0.02464788732394366 0.05416666666666667
0 0.13849765258215962 0.4625 0.018779342723004695 0.05
0 0.1572769953051643 0.45 0.03755868544600939 0.075
0 0.20481220657276994 0.44166666666666665 0.036384976525821594 0.07916666666666666
0 0.32805164319248825 0.48125 0.02464788732394366 0.058333333333333334
0 0.37910798122065725 0.4708333333333333 0.04460093896713615 0.07916666666666666
0 0.2863849765258216 0.30104166666666665 0.02112676056338028 0.03125
0 0.4336854460093897 0.43645833333333334 0.029342723004694836 0.04791666666666667
0 0.4653755868544601 0.453125 0.01995305164319249 0.035416666666666666
0 0.5821596244131455 0.39166666666666666 0.03286384976525822 0.06666666666666667
0 0.6666666666666666 0.42604166666666665 0.025821596244131457 0.052083333333333336
0 0.7171361502347418 0.45729166666666665 0.01643192488262911 0.035416666666666666
0 0.7417840375586855 0.4 0.03051643192488263 0.0625
0 0.7922535211267606 0.446875 0.014084507042253521 0.022916666666666665
0 0.8133802816901409 0.46458333333333335 0.011737089201877934 0.025
0 0.846244131455399 0.41875 0.025821596244131457 0.04583333333333333
0 0.8767605633802817 0.41875 0.025821596244131457 0.05
0 0.903169014084507 0.46458333333333335 0.02464788732394366 0.041666666666666664
0 0.8873239436619719 0.44166666666666665 0.014084507042253521 0.025
0 0.9653755868544601 0.4666666666666667 0.022300469483568074 0.041666666666666664
0 0.9565727699530516 0.5770833333333333 0.01643192488262911 0.03333333333333333
0 0.9911971830985915 0.56875 0.017605633802816902 0.041666666666666664
0 0.9823943661971831 0.45208333333333334 0.01643192488262911 0.029166666666666667
0 0.9512910798122066 0.44479166666666664 0.017605633802816902 0.03125
