0 0.0712890625 0.8805309734513275 0.0234375 0.029498525073746312
0 0.13671875 0.8525073746312685 0.009765625 0.014749262536873156
0 0.16943359375 0.8421828908554573 0.0126953125 0.02064896755162242
0 0.19189453125 0.8561946902654868 0.0087890625 0.016224188790560472
0 0.21533203125 0.8576696165191741 0.0107421875 0.016224188790560472
0 0.22314453125 0.8466076696165191 0.0107421875 0.02064896755162242
0 0.236328125 0.883480825958702 0.009765625 0.014749262536873156
0 0.25537109375 0.8407079646017699 0.0126953125 0.02359882005899705
0 0.23681640625 0.834070796460177 0.0048828125 0.007374631268436578
0 0.1591796875 0.8488200589970502 0.01171875 0.019174041297935103
0 0.11865234375 0.862094395280236 0.0087890625 0.016224188790560472
0 0.1103515625 0.8325958702064897 0.00390625 0.007374631268436578
0 0.0810546875 0.8539823008849557 0.01171875 0.017699115044247787
0 0.06201171875 0.8539823008849557 0.0126953125 0.017699115044247787
0 0.0390625 0.8561946902654868 0.01171875 0.019174041297935103
0 0.0078125 0.8480825958702065 0.005859375 0.008849557522123894
0 0.06103515625 0.8178466076696165 0.0048828125 0.007374631268436578
0 0.072265625 0.7676991150442478 0.00390625 0.004424778761061947
0 0.04931640625 0.7846607669616519 0.0048828125 0.008849557522123894
0 0.189453125 0.8097345132743363 0.00390625 0.0058997050147492625
0 0.18212890625 0.81047197640118 0.0029296875 0.004424778761061947
0 0.15283203125 0.7912979351032449 0.0029296875 0.004424778761061947
0 0.3017578125 0.7949852507374632 0.00390625 0.0058997050147492625
0 0.330078125 0.7529498525073747 0.00390625 0.004424778761061947
0 0.35205078125 0.726401179941003 0.0029296875 0.004424778761061947
0 0.35888671875 0.8827433628318584 0.0146484375 0.025073746312684365
0 0.34765625 0.8753687315634219 0.015625 0.025073746312684365
0 0.39208984375 0.8724188790560472 0.0166015625 0.025073746312684365
0 0.546875 0.883480825958702 0.02734375 0.04424778761061947
0 0.7705078125 0.8436578171091446 0.013671875 0.02654867256637168
0 0.8046875 0.8525073746312685 0.015625 0.029498525073746312
0 0.83349609375 0.8591445427728613 0.0166015625 0.028023598820058997
0 0.873046875 0.8451327433628318 0.017578125 0.029498525073746312
0 0.86474609375 0.8466076696165191 0.0146484375 0.029498525073746312
0 0.88671875 0.8561946902654868 0.017578125 0.025073746312684365
0 0.93994140625 0.8429203539823009 0.0068359375 0.01032448377581121
0 0.89453125 0.831858407079646 0.005859375 0.011799410029498525
0 0.8271484375 0.8399705014749262 0.015625 0.030973451327433628
0 0.74853515625 0.8362831858407079 0.0068359375 0.011799410029498525
0 0.75439453125 0.859882005899705 0.0126953125 0.02064896755162242
0 0.73486328125 0.8429203539823009 0.0068359375 0.01327433628318584
0 0.55419921875 0.8414454277286135 0.0068359375 0.01032448377581121
0 0.54345703125 0.8488200589970502 0.0087890625 0.01327433628318584
0 0.55615234375 0.838495575221239 0.0126953125 0.03392330383480826
0 0.54248046875 0.8348082595870207 0.0068359375 0.011799410029498525
0 0.46435546875 0.8414454277286135 0.0048828125 0.007374631268436578
0 0.45263671875 0.8443952802359882 0.0048828125 0.007374631268436578
0 0.4384765625 0.8561946902654868 0.00390625 0.007374631268436578
0 0.4482421875 0.855457227138643 0.00390625 0.0058997050147492625
0 0.42578125 0.8473451327433629 0.00390625 0.007374631268436578
0 0.42041015625 0.8480825958702065 0.0029296875 0.0058997050147492625
0 0.35595703125 0.7957227138643068 0.0048828125 0.007374631268436578
0 0.3486328125 0.7979351032448377 0.00390625 0.0058997050147492625
0 0.38818359375 0.7794985250737463 0.0107421875 0.028023598820058997
0 0.53125 0.8001474926253688 0.00390625 0.007374631268436578
0 0.6171875 0.700589970501475 0.0078125 0.02359882005899705
0 0.60693359375 0.693952802359882 0.0029296875 0.004424778761061947
0 0.57861328125 0.693952802359882 0.0029296875 0.004424778761061947
0 0.564453125 0.68952802359882 0.00390625 0.007374631268436578
0 0.55419921875 0.7035398230088495 0.0107421875 0.02359882005899705
0 0.5439453125 0.6954277286135693 0.0078125 0.030973451327433628
0 0.41650390625 0.6917404129793511 0.0029296875 0.0058997050147492625
0 0.38623046875 0.7485250737463127 0.0087890625 0.022123893805309734
0 0.37939453125 0.7411504424778761 0.0029296875 0.004424778761061947
0 0.38720703125 0.7153392330383481 0.0107421875 0.02064896755162242
0 0.38232421875 0.7146017699115044 0.0107421875 0.019174041297935103
0 0.373046875 0.7072271386430679 0.0078125 0.03392330383480826
0 0.365234375 0.7087020648967551 0.0078125 0.030973451327433628
0 0.36572265625 0.6998525073746312 0.0029296875 0.004424778761061947
0 0.255859375 0.721976401179941 0.009765625 0.019174041297935103
0 0.23974609375 0.7138643067846607 0.0068359375 0.032448377581120944
0 0.236328125 0.7190265486725663 0.005859375 0.022123893805309734
0 0.2294921875 0.7050147492625368 0.00390625 0.0058997050147492625
0 0.197265625 0.745575221238938 0.0078125 0.03687315634218289
0 0.19189453125 0.7396755162241888 0.0029296875 0.004424778761061947
0 0.1982421875 0.7168141592920354 0.00390625 0.0058997050147492625
0 0.1787109375 0.7558997050147492 0.009765625 0.022123893805309734
0 0.17333984375 0.7536873156342183 0.0087890625 0.02064896755162242
0 0.15380859375 0.75 0.0029296875 0.004424778761061947
0 0.7958984375 0.6902654867256637 0.01171875 0.02359882005899705
0 0.78759765625 0.6902654867256637 0.0107421875 0.02359882005899705
0 0.35302734375 0.7168141592920354 0.0087890625 0.02359882005899705
0 0.3505859375 0.7168141592920354 0.0078125 0.02064896755162242
0 0.345703125 0.7182890855457227 0.0078125 0.02064896755162242
0 0.34423828125 0.7278761061946902 0.0087890625 0.019174041297935103
0 0.33740234375 0.7256637168141593 0.0068359375 0.017699115044247787
0 0.33447265625 0.717551622418879 0.0068359375 0.025073746312684365
0 0.3271484375 0.7190265486725663 0.0078125 0.022123893805309734
0 0.31591796875 0.7168141592920354 0.0087890625 0.02064896755162242
0 0.30712890625 0.7146017699115044 0.0029296875 0.004424778761061947
0 0.2861328125 0.7168141592920354 0.00390625 0.0058997050147492625
0 0.2763671875 0.7168141592920354 0.009765625 0.029498525073746312
0 0.2587890625 0.7610619469026548 0.0078125 0.035398230088495575
0 0.2529296875 0.7485250737463127 0.00390625 0.007374631268436578
0 0.23974609375 0.7640117994100295 0.0029296875 0.0058997050147492625
0 0.23046875 0.7883480825958702 0.00390625 0.007374631268436578
0 0.2880859375 0.7721238938053098 0.00390625 0.004424778761061947
0 0.2958984375 0.7706489675516224 0.00390625 0.007374631268436578
0 0.19873046875 0.7868731563421829 0.0029296875 0.004424778761061947
0 0.2294921875 0.7964601769911505 0.015625 0.038348082595870206
0 0.0615234375 0.8547197640117994 0.013671875 0.022123893805309734
0 0.31884765625 0.8443952802359882 0.0126953125 0.019174041297935103
0 0.30322265625 0.8679941002949852 0.0224609375 0.07227138643067847
0 0.34326171875 0.8561946902654868 0.0048828125 0.007374631268436578
0 0.35400390625 0.8672566371681416 0.0146484375 0.05014749262536873
