0 0.17781690140845072 0.51875 0.029342723004694836 0.07083333333333333
0 0.18603286384976525 0.4791666666666667 0.02464788732394366 0.041666666666666664
0 0.2482394366197183 0.49166666666666664 0.01995305164319249 0.04583333333333333
0 0.284037558685446 0.4979166666666667 0.01643192488262911 0.03333333333333333
0 0.30809859154929575 0.5197916666666667 0.022300469483568074 0.04791666666666667
0 0.3456572769953052 0.49270833333333336 0.022300469483568074 0.03958333333333333
0 0.3039906103286385 0.4625 0.014084507042253521 0.029166666666666667
0 0.21713615023474178 0.4739583333333333 0.014084507042253521 0.022916666666666665
0 0.43720657276995306 0.5322916666666667 0.029342723004694836 0.05625
0 0.4595070422535211 0.48333333333333334 0.02464788732394366 0.04583333333333333
0 0.38204225352112675 0.5229166666666667 0.04107981220657277 0.0875
0 0.43838028169014087 0.49375 0.015258215962441314 0.03333333333333333
0 0.47476525821596244 0.46458333333333335 0.017605633802816902 0.03333333333333333
0 0.511150234741784 0.5125 0.03873239436619718 0.0625
0 0.5492957746478874 0.5739583333333333 0.03286384976525822 0.06875
0 0.5704225352112676 0.5270833333333333 0.025821596244131457 0.04583333333333333
0 0.5944835680751174 0.4895833333333333 0.022300469483568074 0.04583333333333333
0 0.636150234741784 0.50625 0.02112676056338028 0.04583333333333333
0 0.6179577464788732 0.465625 0.01995305164319249 0.04375
0 0.6561032863849765 0.490625 0.02112676056338028 0.03958333333333333
0 0.6754694835680751 0.5145833333333333 0.036384976525821594 0.06666666666666667
0 0.6795774647887324 0.465625 0.023474178403755867 0.04375
0 0.7053990610328639 0.5 0.023474178403755867 0.04583333333333333
0 0.7429577464788732 0.49895833333333334 0.03051643192488263 0.06875
0 0.7705399061032864 0.5114583333333333 0.02699530516431925 0.04791666666666667
0 0.7582159624413145 0.509375 0.03286384976525822 0.06875
0 0.806924882629108 0.45729166666666665 0.01995305164319249 0.035416666666666666
0 0.8620892018779343 0.48333333333333334 0.02464788732394366 0.05
0 0.9307511737089202 0.5125 0.03051643192488263 0.0625
0 0.9325117370892019 0.44479166666666664 0.01995305164319249 0.03958333333333333
0 0.9577464788732394 0.5020833333333333 0.035211267605633804 0.07083333333333333
0 0.9917840375586855 0.49895833333333334 0.025821596244131457 0.052083333333333336
0 0.5334507042253521 0.49270833333333336 0.015258215962441314 0.03958333333333333
0 0.5064553990610329 0.4635416666666667 0.015258215962441314 0.027083333333333334
