0 -0.019375 0.595 0.04875 0.06666666666666667
0 0.07125 0.5533333333333333 0.0575 0.1
0 0.145 0.5366666666666666 0.0425 0.06333333333333334
0 0.135 0.43166666666666664 0.0175 0.03
0 0.18625 0.43833333333333335 0.0225 0.03333333333333333
0 0.238125 0.45166666666666666 0.01875 0.02666666666666667
0 0.27 0.4475 0.015 0.021666666666666667
0 0.30875 0.4608333333333333 0.0175 0.028333333333333332
0 0.305625 0.515 0.03125 0.04666666666666667
0 0.289375 0.5725 0.03625 0.06166666666666667
0 0.236875 0.5783333333333334 0.03375 0.05333333333333334
0 0.408125 0.385 0.04625 0.08333333333333333
0 0.44625 0.5141666666666667 0.0325 0.045
0 0.55375 0.44666666666666666 0.0275 0.04666666666666667
0 0.5375 0.49416666666666664 0.0525 0.09166666666666666
0 0.624375 0.44 0.02125 0.043333333333333335
0 0.68375 0.4708333333333333 0.0975 0.15166666666666667
0 0.7125 0.4533333333333333 0.045 0.06666666666666667
0 0.345 0.5358333333333334 0.03 0.035
