0 0.035416666666666666 0.6023148148148149 0.04895833333333333 0.1935185185185185
0 0.08255208333333333 0.524537037037037 0.0067708333333333336 0.013888888888888888
0 0.10703125 0.5305555555555556 0.005729166666666666 0.012962962962962963
0 0.12578125 0.5148148148148148 0.0109375 0.024074074074074074
0 0.14895833333333333 0.5041666666666667 0.011458333333333333 0.021296296296296296
0 0.1734375 0.4671296296296296 0.023958333333333335 0.05092592592592592
0 0.22421875 0.5472222222222223 0.024479166666666666 0.05
0 0.24973958333333332 0.5453703703703704 0.0046875 0.009259259259259259
0 0.2552083333333333 0.5412037037037037 0.00625 0.010185185185185186
0 0.3028645833333333 0.4935185185185185 0.019270833333333334 0.040740740740740744
0 0.37864583333333335 0.5199074074074074 0.009375 0.019444444444444445
0 0.3815104166666667 0.5194444444444445 0.011979166666666667 0.027777777777777776
0 0.40286458333333336 0.5074074074074074 0.0171875 0.03333333333333333
0 0.3893229166666667 0.6129629629629629 0.0171875 0.03518518518518519
0 0.42734375 0.5296296296296297 0.019270833333333334 0.040740740740740744
0 0.46432291666666664 0.5703703703703704 0.019270833333333334 0.037037037037037035
0 0.45390625 0.5069444444444444 0.016145833333333335 0.03611111111111111
0 0.47161458333333334 0.5236111111111111 0.0078125 0.017592592592592594
0 0.47994791666666664 0.5194444444444445 0.009895833333333333 0.020370370370370372
0 0.4856770833333333 0.5351851851851852 0.009895833333333333 0.018518518518518517
0 0.5020833333333333 0.5509259259259259 0.017708333333333333 0.03148148148148148
0 0.51796875 0.5199074074074074 0.005729166666666666 0.012037037037037037
0 0.5453125 0.5064814814814815 0.017708333333333333 0.037037037037037035
0 0.5770833333333333 0.5412037037037037 0.016666666666666666 0.03425925925925926
0 0.58984375 0.5328703703703703 0.0078125 0.01574074074074074
0 0.6075520833333333 0.5486111111111112 0.005729166666666666 0.010185185185185186
0 0.6333333333333333 0.513425925925926 0.016666666666666666 0.030555555555555555
0 0.6403645833333333 0.5101851851851852 0.013020833333333334 0.02962962962962963
0 0.6486979166666667 0.5310185185185186 0.011979166666666667 0.026851851851851852
0 0.6815104166666667 0.5296296296296297 0.0109375 0.024074074074074074
0 0.6713541666666667 0.5731481481481482 0.016666666666666666 0.03148148148148148
0 0.7294270833333333 0.5203703703703704 0.03802083333333333 0.08888888888888889
0 0.7557291666666667 0.4925925925925926 0.019791666666666666 0.04259259259259259
0 0.80625 0.5157407407407407 0.020833333333333332 0.05
0 0.8614583333333333 0.5083333333333333 0.025 0.05
0 0.8690104166666667 0.5217592592592593 0.0171875 0.03796296296296296
0 0.9869791666666666 0.5467592592592593 0.026041666666666668 0.16203703703703703
0 0.9950520833333333 0.5324074074074074 0.022395833333333334 0.046296296296296294
0 0.5880208333333333 0.3365740740740741 0.005208333333333333 0.01574074074074074
0 0.5908854166666667 0.3337962962962963 0.0015625 0.002777777777777778
0 0.5953125 0.3333333333333333 0.0020833333333333333 0.003703703703703704
0 0.6143229166666667 0.33240740740740743 0.0015625 0.003703703703703704
0 0.6447916666666667 0.34120370370370373 0.004166666666666667 0.021296296296296296
0 0.6484375 0.3398148148148148 0.005208333333333333 0.020370370370370372
0 0.6557291666666667 0.3351851851851852 0.0020833333333333333 0.003703703703703704
0 0.85234375 0.2675925925925926 0.0046875 0.009259259259259259
