0 0.04 0.174163179916318 0.04 0.07426778242677824
0 0.1426923076923077 0.15010460251046026 0.04230769230769231 0.08054393305439331
0 0.17346153846153847 0.11663179916317992 0.06692307692307692 0.11192468619246862
0 0.34384615384615386 0.1579497907949791 0.06769230769230769 0.12133891213389121
0 0.5815384615384616 0.11140167364016737 0.06307692307692307 0.11610878661087866
0 0.39653846153846156 0.1344142259414226 0.03769230769230769 0.06171548117154812
0 0.4715384615384615 0.20920502092050208 0.05076923076923077 0.08368200836820083
0 0.5319230769230769 0.2803347280334728 0.02846153846153846 0.03765690376569038
0 0.47807692307692307 0.13389121338912133 0.04230769230769231 0.07112970711297072
0 0.7680769230769231 0.19351464435146443 0.04384615384615385 0.06694560669456066
0 0.8246153846153846 0.075836820083682 0.05384615384615385 0.08891213389121339
0 0.6361538461538462 0.17939330543933055 0.046153846153846156 0.07635983263598327
