0 1.000625 0.4263157894736842 0.05 0.10701754385964912
0 0.8434375 0.48333333333333334 0.055625 0.0824561403508772
0 0.840625 0.4855263157894737 0.05 0.0780701754385965
0 0.71875 0.5337719298245615 0.0525 0.06754385964912281
0 0.4740625 0.14692982456140352 0.099375 0.1570175438596491
0 0.0971875 0.3074561403508772 0.081875 0.15
0 0.181875 0.4118421052631579 0.065 0.10789473684210527
0 0.2278125 0.46710526315789475 0.053125 0.09912280701754386
0 0.2634375 0.5021929824561403 0.035625 0.06578947368421052
0 0.641875 0.5307017543859649 0.03625 0.05789473684210526
