0 0.9326171875 0.5417391304347826 0.029296875 0.057391304347826085
0 0.8974609375 0.5617391304347826 0.025390625 0.06260869565217392
0 0.87158203125 0.5469565217391305 0.0283203125 0.06782608695652174
0 0.83154296875 0.5565217391304348 0.0302734375 0.06956521739130435
0 0.77587890625 0.5452173913043479 0.0263671875 0.06434782608695652
0 0.70166015625 0.5260869565217391 0.0361328125 0.07130434782608695
0 0.828125 0.4165217391304348 0.0234375 0.050434782608695654
0 0.7919921875 0.40956521739130436 0.02734375 0.057391304347826085
0 0.7314453125 0.39304347826086955 0.0234375 0.059130434782608696
0 0.70068359375 0.37478260869565216 0.0302734375 0.06086956521739131
0 0.66943359375 0.40956521739130436 0.0244140625 0.06434782608695652
0 0.63720703125 0.40869565217391307 0.0283203125 0.059130434782608696
0 0.6455078125 0.551304347826087 0.03125 0.06260869565217392
0 0.5654296875 0.37130434782608696 0.03125 0.06086956521739131
0 0.57470703125 0.5304347826086957 0.0302734375 0.07304347826086957
0 0.51025390625 0.5417391304347826 0.0302734375 0.07478260869565218
0 0.47265625 0.34956521739130436 0.02734375 0.06608695652173913
0 0.45751953125 0.5408695652173913 0.0302734375 0.06956521739130435
0 0.4169921875 0.3634782608695652 0.02734375 0.06608695652173913
0 0.38916015625 0.5173913043478261 0.0341796875 0.06782608695652174
0 0.33740234375 0.5173913043478261 0.0322265625 0.07478260869565218
0 0.35107421875 0.35304347826086957 0.0283203125 0.06260869565217392
0 0.28857421875 0.3773913043478261 0.0263671875 0.06260869565217392
0 0.259765625 0.52 0.033203125 0.07652173913043478
0 0.17919921875 0.5295652173913044 0.0302734375 0.07130434782608695
0 0.20263671875 0.3521739130434783 0.0302734375 0.07130434782608695
0 0.13037109375 0.3730434782608696 0.0244140625 0.05391304347826087
0 0.11669921875 0.5434782608695652 0.0322265625 0.07478260869565218
0 0.0654296875 0.5356521739130434 0.02734375 0.06608695652173913
