0 0.846830985915493 0.34791666666666665 0.02699530516431925 0.1125
0 0.852112676056338 0.29791666666666666 0.009389671361502348 0.016666666666666666
0 0.0698356807511737 0.29270833333333335 0.029342723004694836 0.05625
0 0.125 0.26979166666666665 0.02464788732394366 0.05625
0 0.21948356807511737 0.4197916666666667 0.02112676056338028 0.04791666666666667
0 0.24178403755868544 0.4479166666666667 0.018779342723004695 0.041666666666666664
0 0.3403755868544601 0.4635416666666667 0.03755868544600939 0.07708333333333334
0 0.31161971830985913 0.28854166666666664 0.01995305164319249 0.052083333333333336
0 0.3967136150234742 0.29375 0.02112676056338028 0.041666666666666664
0 0.4618544600938967 0.29375 0.01995305164319249 0.05
0 0.5322769953051644 0.42604166666666665 0.01995305164319249 0.03958333333333333
0 0.5944835680751174 0.278125 0.022300469483568074 0.04791666666666667
0 0.6291079812206573 0.3802083333333333 0.02112676056338028 0.03958333333333333
0 0.6713615023474179 0.2760416666666667 0.03051643192488263 0.06041666666666667
0 0.7370892018779343 0.4395833333333333 0.028169014084507043 0.058333333333333334
0 0.8303990610328639 0.46458333333333335 0.04812206572769953 0.07916666666666666
0 0.9994131455399061 0.2989583333333333 0.057511737089201875 0.11458333333333333
0 0.9008215962441315 0.4635416666666667 0.11150234741784038 0.23541666666666666
