0 0.16255868544600938 0.3645833333333333 0.01995305164319249 0.09583333333333334
0 0.19248826291079812 0.33229166666666665 0.007042253521126761 0.014583333333333334
0 0.2142018779342723 0.33541666666666664 0.008215962441314555 0.016666666666666666
0 0.2347417840375587 0.34375 0.009389671361502348 0.016666666666666666
0 0.3573943661971831 0.33229166666666665 0.008215962441314555 0.014583333333333334
0 0.051056338028169015 0.4875 0.029342723004694836 0.0625
0 0.020539906103286387 0.6354166666666666 0.05046948356807512 0.10416666666666667
0 0.06807511737089202 0.559375 0.03051643192488263 0.06041666666666667
0 0.12617370892018778 0.49375 0.03403755868544601 0.058333333333333334
0 0.15551643192488263 0.6135416666666667 0.04107981220657277 0.07708333333333334
0 0.20129107981220656 0.5197916666666667 0.03403755868544601 0.06458333333333334
0 0.20481220657276994 0.65 0.04342723004694836 0.0875
0 0.33098591549295775 0.475 0.025821596244131457 0.05
0 0.4113849765258216 0.42083333333333334 0.022300469483568074 0.05416666666666667
0 0.4119718309859155 0.4635416666666667 0.03051643192488263 0.06875
0 0.38615023474178406 0.5552083333333333 0.03990610328638498 0.08541666666666667
0 0.4295774647887324 0.575 0.03990610328638498 0.0875
0 0.4583333333333333 0.553125 0.04812206572769953 0.10208333333333333
0 0.5052816901408451 0.5625 0.03403755868544601 0.07083333333333333
0 0.5129107981220657 0.5135416666666667 0.028169014084507043 0.06458333333333334
0 0.5328638497652582 0.446875 0.025821596244131457 0.06458333333333334
0 0.5469483568075117 0.4625 0.02112676056338028 0.05
0 0.5669014084507042 0.4666666666666667 0.025821596244131457 0.058333333333333334
0 0.5809859154929577 0.471875 0.023474178403755867 0.06041666666666667
0 0.625 0.5677083333333334 0.04342723004694836 0.08125
0 0.7136150234741784 0.79375 0.08215962441314555 0.15833333333333333
0 0.6678403755868545 0.5010416666666667 0.025821596244131457 0.05625
0 0.6971830985915493 0.43333333333333335 0.028169014084507043 0.0625
0 0.7365023474178404 0.4322916666666667 0.03169014084507042 0.052083333333333336
0 0.8133802816901409 0.45625 0.028169014084507043 0.058333333333333334
0 0.8163145539906104 0.48854166666666665 0.03169014084507042 0.07708333333333334
0 0.8556338028169014 0.490625 0.028169014084507043 0.06875
0 0.9002347417840375 0.446875 0.028169014084507043 0.06041666666666667
0 0.9066901408450704 0.575 0.04342723004694836 0.07916666666666666
0 0.9366197183098591 0.43645833333333334 0.023474178403755867 0.05625
0 0.9025821596244131 0.39479166666666665 0.014084507042253521 0.03125
0 0.9248826291079812 0.3875 0.014084507042253521 0.03333333333333333
0 0.9841549295774648 0.41041666666666665 0.022300469483568074 0.041666666666666664
0 0.9853286384976526 0.44479166666666664 0.022300469483568074 0.052083333333333336
0 0.9958920187793427 0.471875 0.029342723004694836 0.07291666666666667
0 0.9906103286384976 0.703125 0.018779342723004695 0.46458333333333335
