0 0.02699530516431925 0.6614583333333334 0.009389671361502348 0.01875
0 0.1273474178403756 0.6510416666666666 0.015258215962441314 0.03125
0 0.13145539906103287 0.6677083333333333 0.01643192488262911 0.03125
0 0.11913145539906103 0.7614583333333333 0.03169014084507042 0.17708333333333334
0 0.13615023474178403 0.6697916666666667 0.01643192488262911 0.027083333333333334
0 0.19131455399061034 0.678125 0.011737089201877934 0.01875
0 0.20657276995305165 0.659375 0.011737089201877934 0.01875
0 0.2347417840375587 0.6927083333333334 0.011737089201877934 0.022916666666666665
0 0.2529342723004695 0.6708333333333333 0.01056338028169014 0.020833333333333332
0 0.24178403755868544 0.7604166666666666 0.023474178403755867 0.15416666666666667
0 0.26173708920187794 0.7 0.011737089201877934 0.020833333333333332
0 0.3057511737089202 0.6802083333333333 0.008215962441314555 0.014583333333333334
0 0.32629107981220656 0.7010416666666667 0.009389671361502348 0.01875
0 0.3268779342723005 0.7041666666666667 0.008215962441314555 0.016666666666666666
0 0.3374413145539906 0.746875 0.01995305164319249 0.11458333333333333
0 0.36502347417840375 0.6864583333333333 0.014084507042253521 0.027083333333333334
0 0.562206572769953 0.6197916666666666 0.025821596244131457 0.05625
0 0.6267605633802817 0.7416666666666667 0.018779342723004695 0.041666666666666664
0 0.7312206572769953 0.6833333333333333 0.023474178403755867 0.04583333333333333
0 0.8591549295774648 0.6541666666666667 0.02112676056338028 0.05
0 0.8902582159624414 0.684375 0.022300469483568074 0.03958333333333333
0 1.005281690140845 0.596875 0.03169014084507042 0.08958333333333333
0 0.9776995305164319 0.6875 0.02112676056338028 0.041666666666666664
0 0.9583333333333334 0.6770833333333334 0.022300469483568074 0.041666666666666664
0 0.9782863849765259 0.6708333333333333 0.02464788732394366 0.05
0 0.8022300469483568 0.6864583333333333 0.01056338028169014 0.01875
0 0.7723004694835681 0.6822916666666666 0.007042253521126761 0.014583333333333334
0 0.7012910798122066 0.6947916666666667 0.012910798122065728 0.022916666666666665
