0 0.9371428571428572 0.6507936507936508 0.03142857142857143 0.05895691609977324
0 0.87 0.5430839002267573 0.025714285714285714 0.047619047619047616
0 0.8342857142857143 0.6598639455782312 0.02857142857142857 0.05895691609977324
0 0.7014285714285714 0.6961451247165533 0.03142857142857143 0.06349206349206349
0 0.7871428571428571 0.5260770975056689 0.022857142857142857 0.04081632653061224
0 0.7928571428571428 0.445578231292517 0.022857142857142857 0.04308390022675737
0 0.82 0.38095238095238093 0.02 0.036281179138321996
0 0.7678571428571429 0.25396825396825395 0.018571428571428572 0.036281179138321996
0 0.7714285714285715 0.409297052154195 0.02 0.03854875283446712
0 0.7335714285714285 0.4501133786848073 0.024285714285714285 0.03854875283446712
0 0.71 0.3786848072562358 0.017142857142857144 0.036281179138321996
0 0.7264285714285714 0.5170068027210885 0.02142857142857143 0.045351473922902494
0 0.67 0.5839002267573696 0.02857142857142857 0.05668934240362812
0 0.6042857142857143 0.5975056689342404 0.025714285714285714 0.047619047619047616
0 0.6485714285714286 0.5328798185941043 0.02 0.045351473922902494
0 0.6764285714285714 0.4444444444444444 0.02142857142857143 0.04081632653061224
0 0.6628571428571428 0.38095238095238093 0.017142857142857144 0.031746031746031744
0 0.635 0.282312925170068 0.018571428571428572 0.034013605442176874
0 0.6314285714285715 0.3798185941043084 0.017142857142857144 0.03854875283446712
0 0.6007142857142858 0.4546485260770975 0.02142857142857143 0.03854875283446712
0 0.5671428571428572 0.3922902494331066 0.02 0.031746031746031744
0 0.5692857142857143 0.47052154195011336 0.02142857142857143 0.034013605442176874
0 0.5285714285714286 0.5736961451247166 0.02857142857142857 0.05895691609977324
0 0.48928571428571427 0.5770975056689343 0.024285714285714285 0.047619047619047616
0 0.4992857142857143 0.4875283446712018 0.018571428571428572 0.036281179138321996
0 0.5228571428571429 0.3900226757369615 0.02 0.036281179138321996
0 0.5771428571428572 0.2800453514739229 0.02 0.03854875283446712
0 0.5507142857142857 0.31179138321995464 0.018571428571428572 0.034013605442176874
0 0.5214285714285715 0.29138321995464855 0.017142857142857144 0.034013605442176874
0 0.48642857142857143 0.45351473922902497 0.018571428571428572 0.031746031746031744
0 0.45 0.546485260770975 0.022857142857142857 0.04081632653061224
0 0.4007142857142857 0.5068027210884354 0.02142857142857143 0.03854875283446712
0 0.41214285714285714 0.5136054421768708 0.018571428571428572 0.034013605442176874
0 0.43714285714285717 0.47165532879818595 0.02 0.036281179138321996
0 0.405 0.47619047619047616 0.018571428571428572 0.036281179138321996
0 0.45285714285714285 0.43537414965986393 0.017142857142857144 0.036281179138321996
0 0.48142857142857143 0.3934240362811791 0.017142857142857144 0.034013605442176874
0 0.43214285714285716 0.41156462585034015 0.018571428571428572 0.034013605442176874
0 0.4764285714285714 0.30045351473922904 0.015714285714285715 0.02947845804988662
0 0.44642857142857145 0.31859410430839 0.015714285714285715 0.02947845804988662
0 0.3807142857142857 0.4036281179138322 0.018571428571428572 0.036281179138321996
0 0.36428571428571427 0.4376417233560091 0.02 0.04081632653061224
0 0.34714285714285714 0.5079365079365079 0.022857142857142857 0.04081632653061224
0 0.3514285714285714 0.31179138321995464 0.014285714285714285 0.02947845804988662
0 0.30857142857142855 0.45351473922902497 0.02 0.04081632653061224
0 0.30142857142857143 0.3356009070294785 0.017142857142857144 0.031746031746031744
0 0.29 0.5226757369614512 0.022857142857142857 0.047619047619047616
0 0.27785714285714286 0.6190476190476191 0.02142857142857143 0.04081632653061224
0 0.24642857142857144 0.6428571428571429 0.024285714285714285 0.05215419501133787
0 0.2057142857142857 0.5804988662131519 0.025714285714285714 0.049886621315192746
0 0.24142857142857144 0.5090702947845805 0.022857142857142857 0.04308390022675737
0 0.2735714285714286 0.46938775510204084 0.018571428571428572 0.036281179138321996
0 0.2507142857142857 0.43197278911564624 0.018571428571428572 0.034013605442176874
0 0.20214285714285715 0.4331065759637188 0.018571428571428572 0.036281179138321996
0 0.18785714285714286 0.5215419501133787 0.024285714285714285 0.045351473922902494
0 0.13714285714285715 0.63718820861678 0.025714285714285714 0.05442176870748299
0 0.07642857142857143 0.5884353741496599 0.027142857142857142 0.05215419501133787
0 0.12071428571428572 0.5850340136054422 0.024285714285714285 0.036281179138321996
0 0.12142857142857143 0.5136054421768708 0.02 0.04308390022675737
0 0.06642857142857143 0.536281179138322 0.027142857142857142 0.04308390022675737
0 0.13142857142857142 0.47505668934240364 0.017142857142857144 0.034013605442176874
0 0.07714285714285714 0.4603174603174603 0.02 0.036281179138321996
0 0.03357142857142857 0.4444444444444444 0.01 0.018140589569160998
0 0.025714285714285714 0.4308390022675737 0.014285714285714285 0.022675736961451247
