0 0.5567708333333333 0.319140625 0.015625 0.01484375
0 0.3416666666666667 0.326953125 0.03125 0.02890625
0 0.15572916666666667 0.3421875 0.021875 0.01875
0 0.20520833333333333 0.33125 0.03958333333333333 0.0296875
0 0.9677083333333333 0.340234375 0.035416666666666666 0.03671875
0 0.9234375 0.348828125 0.05520833333333333 0.05078125
0 1.0354166666666667 0.366796875 0.052083333333333336 0.03828125
0 0.9765625 0.391796875 0.06145833333333333 0.05546875
0 0.8651041666666667 0.3640625 0.078125 0.078125
0 0.7828125 0.32890625 0.065625 0.06875
0 0.7229166666666667 0.33984375 0.07291666666666667 0.08125
0 0.61875 0.308203125 0.09791666666666667 0.08515625
0 0.6791666666666667 0.282421875 0.11041666666666666 0.09296875
0 0.3885416666666667 0.343359375 0.041666666666666664 0.04609375
0 0.4635416666666667 0.352734375 0.07291666666666667 0.08046875
0 0.4401041666666667 0.369140625 0.08854166666666667 0.08828125
0 0.246875 0.398828125 0.04583333333333333 0.04296875
0 0.21822916666666667 0.324609375 0.06770833333333333 0.06484375
0 0.0234375 0.375390625 0.08020833333333334 0.08671875
0 0.10260416666666666 0.3640625 0.096875 0.090625
0 0.2916666666666667 0.35625 0.10416666666666667 0.096875
