0 0.07511737089201878 0.5822916666666667 0.02112676056338028 0.04375
0 0.12910798122065728 0.5645833333333333 0.02112676056338028 0.041666666666666664
0 0.1467136150234742 0.58125 0.02112676056338028 0.041666666666666664
0 0.1437793427230047 0.5729166666666666 0.017605633802816902 0.0375
0 0.1572769953051643 0.55 0.018779342723004695 0.03333333333333333
0 0.176056338028169 0.5760416666666667 0.01643192488262911 0.03125
0 0.23591549295774647 0.6 0.014084507042253521 0.029166666666666667
0 0.26291079812206575 0.59375 0.011737089201877934 0.025
0 0.2934272300469484 0.5864583333333333 0.009389671361502348 0.022916666666666665
0 0.31514084507042256 0.5947916666666667 0.012910798122065728 0.027083333333333334
0 0.2869718309859155 0.55 0.017605633802816902 0.03333333333333333
0 0.37089201877934275 0.5270833333333333 0.028169014084507043 0.05416666666666667
0 0.39436619718309857 0.5802083333333333 0.02112676056338028 0.03958333333333333
0 0.40316901408450706 0.5635416666666667 0.012910798122065728 0.027083333333333334
0 0.40492957746478875 0.5583333333333333 0.014084507042253521 0.025
0 0.43779342723004694 0.59375 0.011737089201877934 0.025
0 0.46068075117370894 0.5458333333333333 0.03873239436619718 0.06666666666666667
0 0.5146713615023474 0.5927083333333333 0.01056338028169014 0.01875
0 0.5140845070422535 0.59375 0.011737089201877934 0.020833333333333332
0 0.5434272300469484 0.5927083333333333 0.011737089201877934 0.022916666666666665
0 0.5768779342723005 0.5895833333333333 0.01056338028169014 0.020833333333333332
0 0.613849765258216 0.5625 0.011737089201877934 0.025
0 0.6314553990610329 0.5552083333333333 0.014084507042253521 0.03125
0 0.6473004694835681 0.5479166666666667 0.01056338028169014 0.020833333333333332
0 0.6684272300469484 0.58125 0.01056338028169014 0.020833333333333332
0 0.6789906103286385 0.5770833333333333 0.008215962441314555 0.016666666666666666
0 0.7071596244131455 0.5520833333333334 0.01056338028169014 0.020833333333333332
0 0.7241784037558685 0.5572916666666666 0.011737089201877934 0.022916666666666665
0 0.7406103286384976 0.5489583333333333 0.009389671361502348 0.01875
0 0.7664319248826291 0.553125 0.009389671361502348 0.022916666666666665
0 0.7822769953051644 0.5479166666666667 0.012910798122065728 0.020833333333333332
0 0.7605633802816901 0.5770833333333333 0.014084507042253521 0.025
0 0.829225352112676 0.5989583333333334 0.022300469483568074 0.06458333333333334
0 0.835093896713615 0.5520833333333334 0.008215962441314555 0.016666666666666666
0 0.8626760563380281 0.5520833333333334 0.011737089201877934 0.016666666666666666
0 0.9055164319248826 0.5583333333333333 0.005868544600938967 0.0125
0 0.897887323943662 0.5854166666666667 0.018779342723004695 0.06666666666666667
0 0.9295774647887324 0.55 0.007042253521126761 0.0125
0 0.9518779342723005 0.5520833333333334 0.007042253521126761 0.0125
0 0.9595070422535211 0.58125 0.012910798122065728 0.06666666666666667
0 0.9683098591549296 0.5583333333333333 0.004694835680751174 0.008333333333333333
0 0.1983568075117371 0.534375 0.02112676056338028 0.03958333333333333
