0 0.3268779342723005 0.4322916666666667 0.005868544600938967 0.014583333333333334
0 0.5328638497652582 0.396875 0.03286384976525822 0.07708333333333334
0 0.6203051643192489 0.384375 0.022300469483568074 0.04791666666666667
0 0.664906103286385 0.33541666666666664 0.03873239436619718 0.07916666666666666
0 0.7147887323943662 0.37916666666666665 0.03051643192488263 0.05416666666666667
0 0.7488262910798122 0.40625 0.03051643192488263 0.058333333333333334
0 0.7705399061032864 0.38333333333333336 0.015258215962441314 0.03333333333333333
0 0.8303990610328639 0.41770833333333335 0.02464788732394366 0.052083333333333336
0 0.8755868544600939 0.3875 0.01643192488262911 0.03333333333333333
0 0.7963615023474179 0.4114583333333333 0.012910798122065728 0.027083333333333334
