0 0.3814553990610329 0.32916666666666666 0.07746478873239436 0.17916666666666667
0 0.3421361502347418 0.41770833333333335 0.04812206572769953 0.09375
0 0.3427230046948357 0.4197916666666667 0.046948356807511735 0.09791666666666667
0 0.5551643192488263 0.3 0.023474178403755867 0.04583333333333333
0 0.6883802816901409 0.3229166666666667 0.02699530516431925 0.058333333333333334
0 0.7576291079812206 0.29583333333333334 0.029342723004694836 0.05416666666666667
0 0.789906103286385 0.290625 0.01643192488262911 0.035416666666666666
0 0.8650234741784038 0.303125 0.028169014084507043 0.06041666666666667
0 0.8503521126760564 0.31145833333333334 0.01995305164319249 0.052083333333333336
0 0.8650234741784038 0.2864583333333333 0.025821596244131457 0.06041666666666667
0 0.9389671361502347 0.275 0.03051643192488263 0.07083333333333333
0 0.49178403755868544 0.21145833333333333 0.009389671361502348 0.014583333333333334
0 0.4706572769953052 0.20833333333333334 0.009389671361502348 0.016666666666666666
0 0.625 0.23229166666666667 0.02464788732394366 0.10625
