0 0.3170588235294118 0.29375 0.041176470588235294 0.1025
0 0.3176470588235294 0.29625 0.03058823529411765 0.0675
0 0.34823529411764703 0.345 0.02823529411764706 0.07
0 0.4082352941176471 0.33 0.03058823529411765 0.085
0 0.44 0.33 0.03529411764705882 0.08
0 0.4758823529411765 0.25375 0.036470588235294116 0.0925
0 0.5329411764705883 0.34625 0.03294117647058824 0.0725
0 0.5658823529411765 0.2925 0.03058823529411765 0.075
0 0.5770588235294117 0.32375 0.04352941176470588 0.0925
0 0.6188235294117647 0.29375 0.03058823529411765 0.0875
0 0.64 0.32625 0.03058823529411765 0.0725
0 0.6658823529411765 0.325 0.02823529411764706 0.065
0 0.6652941176470588 0.34 0.029411764705882353 0.085
