0 0.3039906103286385 0.515625 0.011737089201877934 0.022916666666666665
0 0.284037558685446 0.5479166666666667 0.014084507042253521 0.029166666666666667
0 0.19248826291079812 0.5645833333333333 0.011737089201877934 0.020833333333333332
0 0.19718309859154928 0.6270833333333333 0.018779342723004695 0.03333333333333333
0 0.232981220657277 0.7083333333333334 0.022300469483568074 0.04583333333333333
0 0.19072769953051644 0.7135416666666666 0.022300469483568074 0.03958333333333333
0 0.22476525821596244 0.7458333333333333 0.01995305164319249 0.041666666666666664
0 0.2764084507042254 0.8072916666666666 0.03403755868544601 0.07708333333333334
0 0.3996478873239437 0.5229166666666667 0.012910798122065728 0.025
0 0.4242957746478873 0.44479166666666664 0.008215962441314555 0.01875
0 0.3926056338028169 0.42916666666666664 0.008215962441314555 0.016666666666666666
0 0.4072769953051643 0.453125 0.009389671361502348 0.014583333333333334
0 0.39436619718309857 0.371875 0.007042253521126761 0.014583333333333334
0 0.409037558685446 0.3302083333333333 0.005868544600938967 0.010416666666666666
0 0.4213615023474178 0.3697916666666667 0.007042253521126761 0.010416666666666666
0 0.43661971830985913 0.37083333333333335 0.004694835680751174 0.0125
0 0.47007042253521125 0.36666666666666664 0.005868544600938967 0.0125
0 0.4735915492957746 0.44166666666666665 0.008215962441314555 0.016666666666666666
0 0.5158450704225352 0.34479166666666666 0.005868544600938967 0.010416666666666666
0 0.5404929577464789 0.35208333333333336 0.005868544600938967 0.0125
0 0.5522300469483568 0.35625 0.0035211267605633804 0.008333333333333333
0 0.6473004694835681 0.39479166666666665 0.005868544600938967 0.010416666666666666
0 0.6514084507042254 0.38958333333333334 0.007042253521126761 0.0125
0 0.5698356807511737 0.43333333333333335 0.008215962441314555 0.0125
0 0.6120892018779343 0.43333333333333335 0.01056338028169014 0.016666666666666666
0 0.5974178403755869 0.4552083333333333 0.009389671361502348 0.01875
0 0.5669014084507042 0.484375 0.009389671361502348 0.022916666666666665
0 0.5410798122065728 0.49166666666666664 0.011737089201877934 0.020833333333333332
0 0.5140845070422535 0.509375 0.014084507042253521 0.027083333333333334
0 0.4953051643192488 0.5260416666666666 0.014084507042253521 0.027083333333333334
0 0.5757042253521126 0.61875 0.015258215962441314 0.03333333333333333
0 0.5663145539906104 0.7302083333333333 0.017605633802816902 0.04375
0 0.5164319248826291 0.7375 0.018779342723004695 0.041666666666666664
0 0.6631455399061033 0.5260416666666666 0.011737089201877934 0.027083333333333334
0 0.6883802816901409 0.515625 0.012910798122065728 0.022916666666666665
0 0.7095070422535211 0.75 0.029342723004694836 0.05416666666666667
0 0.7517605633802817 0.75625 0.01995305164319249 0.041666666666666664
