0 0.9425 0.3971631205673759 0.0325 0.07092198581560284
0 0.88125 0.34988179669030733 0.0375 0.07092198581560284
0 0.655 0.31796690307328607 0.0375 0.08274231678486997
0 0.68 0.2895981087470449 0.0275 0.0591016548463357
0 0.65375 0.2919621749408983 0.045 0.09692671394799054
0 0.62 0.28132387706855794 0.0325 0.07092198581560284
0 0.5825 0.28368794326241137 0.0325 0.08037825059101655
0 0.55375 0.30141843971631205 0.0375 0.08747044917257683
0 0.518125 0.30141843971631205 0.03375 0.07328605200945626
0 0.419375 0.3546099290780142 0.03125 0.07565011820330969
0 0.400625 0.3108747044917258 0.03125 0.06855791962174941
0 0.320625 0.28250591016548465 0.03375 0.07328605200945626
0 0.31375 0.2293144208037825 0.04 0.08037825059101655
0 0.04125 0.20567375886524822 0.045 0.0851063829787234
