0 0.7412109375 0.11486486486486487 0.07421875 0.14993564993564992
0 0.50390625 0.40604890604890603 0.060546875 0.09395109395109395
0 0.19921875 0.24774774774774774 0.0771484375 0.1287001287001287
0 0.148681640625 0.18500643500643502 0.05908203125 0.09845559845559845
0 0.115234375 0.17374517374517376 0.0537109375 0.09395109395109395
0 0.303466796875 0.15122265122265122 0.04345703125 0.09266409266409266
0 0.56298828125 0.1895109395109395 0.0244140625 0.039253539253539256
0 0.495849609375 0.15476190476190477 0.02587890625 0.04054054054054054
0 0.3759765625 0.15990990990990991 0.0302734375 0.05083655083655084
0 0.47216796875 0.15122265122265122 0.0166015625 0.02702702702702703
0 0.43701171875 0.21911196911196912 0.04296875 0.15894465894465895
