0 0.8601871101871101 0.32865168539325845 0.04677754677754678 0.10674157303370786
0 0.4901247401247401 0.25749063670411987 0.04885654885654886 0.09176029962546817
0 0.38253638253638256 0.2640449438202247 0.033264033264033266 0.056179775280898875
0 0.04885654885654886 0.29868913857677903 0.04158004158004158 0.08052434456928839
0 0.07536382536382537 0.26591760299625467 0.034303534303534305 0.07116104868913857
0 0.21673596673596673 0.3099250936329588 0.032224532224532226 0.06928838951310862
0 0.18035343035343035 0.5608614232209738 0.16735966735966737 0.36142322097378277
0 0.25727650727650725 0.5159176029962547 0.04261954261954262 0.07677902621722846
0 0.28586278586278585 0.299625468164794 0.02702702702702703 0.06367041198501873
0 0.33783783783783783 0.4803370786516854 0.08731808731808732 0.4812734082397004
0 0.7765072765072765 0.24250936329588016 0.018711018711018712 0.03932584269662921
0 0.632016632016632 0.21629213483146068 0.016632016632016633 0.028089887640449437
