0 0.03406593406593406 0.39895833333333336 0.015384615384615385 0.03125
0 0.04450549450549451 0.3697916666666667 0.012087912087912088 0.027083333333333334
0 0.09340659340659341 0.440625 0.013186813186813187 0.03125
0 0.16593406593406593 0.3625 0.02857142857142857 0.06666666666666667
0 0.19505494505494506 0.3875 0.016483516483516484 0.03333333333333333
0 0.24725274725274726 0.38125 0.03076923076923077 0.058333333333333334
0 0.3675824175824176 0.365625 0.027472527472527472 0.06875
0 0.33296703296703295 0.3885416666666667 0.008791208791208791 0.01875
0 0.48956043956043954 0.38958333333333334 0.020879120879120878 0.041666666666666664
0 0.5054945054945055 0.38125 0.008791208791208791 0.016666666666666666
0 0.5406593406593406 0.390625 0.006593406593406593 0.014583333333333334
0 0.5587912087912088 0.38958333333333334 0.005494505494505495 0.0125
0 0.6302197802197802 0.35833333333333334 0.014285714285714285 0.03333333333333333
0 0.6373626373626373 0.35833333333333334 0.01978021978021978 0.041666666666666664
0 0.6697802197802197 0.37604166666666666 0.007692307692307693 0.014583333333333334
0 0.7104395604395605 0.3489583333333333 0.016483516483516484 0.035416666666666666
0 0.6851648351648352 0.39791666666666664 0.005494505494505495 0.0125
0 0.7346153846153847 0.38333333333333336 0.007692307692307693 0.020833333333333332
0 0.7582417582417582 0.390625 0.008791208791208791 0.01875
0 0.7725274725274726 0.40208333333333335 0.008791208791208791 0.016666666666666666
0 0.7818681318681319 0.41875 0.012087912087912088 0.075
0 0.8005494505494506 0.38333333333333336 0.007692307692307693 0.016666666666666666
0 0.8236263736263736 0.3854166666666667 0.007692307692307693 0.016666666666666666
0 0.8148351648351648 0.3854166666666667 0.007692307692307693 0.016666666666666666
0 0.8412087912087912 0.4 0.007692307692307693 0.0125
0 0.8576923076923076 0.3885416666666667 0.00989010989010989 0.01875
0 0.8846153846153846 0.3802083333333333 0.013186813186813187 0.022916666666666665
0 0.9126373626373626 0.38229166666666664 0.005494505494505495 0.010416666666666666
0 0.9307692307692308 0.365625 0.013186813186813187 0.027083333333333334
0 0.9703296703296703 0.3854166666666667 0.01098901098901099 0.020833333333333332
