0 0.8409722222222222 0.2710583153347732 0.05138888888888889 0.09287257019438445
0 0.6388888888888888 0.2203023758099352 0.05 0.10367170626349892
0 0.60625 0.2019438444924406 0.04861111111111111 0.10151187904967603
0 0.42083333333333334 0.1079913606911447 0.05555555555555555 0.11231101511879049
0 0.14166666666666666 0.25593952483801297 0.05555555555555555 0.11879049676025918
0 0.17569444444444443 0.24190064794816415 0.05694444444444444 0.10367170626349892
0 0.3159722222222222 0.2591792656587473 0.018055555555555554 0.03023758099352052
0 0.2916666666666667 0.33153347732181426 0.030555555555555555 0.11447084233261338
0 0.29930555555555555 0.25377969762419006 0.0125 0.019438444924406047
0 0.24166666666666667 0.24838012958963282 0.019444444444444445 0.03023758099352052
0 0.21319444444444444 0.25377969762419006 0.018055555555555554 0.028077753779697623
0 0.1 0.24622030237580994 0.022222222222222223 0.03455723542116631
