0 0.82421875 0.33021077283372363 0.0578125 0.10772833723653395
0 0.68515625 0.3864168618266979 0.0546875 0.09836065573770492
0 0.534375 0.4637002341920375 0.0625 0.117096018735363
0 0.63359375 0.3079625292740047 0.0484375 0.09133489461358314
0 0.48125 0.37236533957845436 0.053125 0.09836065573770492
0 0.54140625 0.2681498829039813 0.0359375 0.0585480093676815
0 0.48125 0.29508196721311475 0.0375 0.0702576112412178
0 0.3328125 0.39344262295081966 0.040625 0.07962529274004684
0 0.41796875 0.2939110070257611 0.0390625 0.053864168618266976
0 0.384375 0.24707259953161592 0.028125 0.053864168618266976
0 0.26015625 0.33489461358313816 0.0359375 0.0702576112412178
0 0.30859375 0.30327868852459017 0.0328125 0.0585480093676815
0 0.32578125 0.27400468384074944 0.0296875 0.06088992974238876
0 0.1921875 0.30327868852459017 0.034375 0.0585480093676815
0 0.03125 0.373536299765808 0.03125 0.06323185011709602
0 0.04140625 0.2810304449648712 0.0296875 0.0468384074941452
0 0.0640625 0.2505854800936768 0.03125 0.05620608899297424
0 0.003125 0.21662763466042154 0.021875 0.04918032786885246
0 0.14296875 0.2306791569086651 0.0265625 0.04918032786885246
0 0.18984375 0.23536299765807964 0.0265625 0.04449648711943794
0 0.27421875 0.24707259953161592 0.0296875 0.053864168618266976
0 0.25703125 0.2423887587822014 0.0265625 0.04918032786885246
0 0.2390625 0.1873536299765808 0.021875 0.05152224824355972
0 0.0609375 0.20023419203747073 0.021875 0.0351288056206089
0 0.1015625 0.21194379391100704 0.021875 0.03981264637002342
0 0.1765625 0.20491803278688525 0.025 0.03981264637002342
0 0.15390625 0.1557377049180328 0.0203125 0.03044496487119438
0 0.0953125 0.14754098360655737 0.01875 0.03278688524590164
