0 0.805078125 0.46041666666666664 0.06328125 0.12638888888888888
0 0.868359375 0.41875 0.03203125 0.059722222222222225
0 0.737109375 0.49375 0.05546875 0.20416666666666666
0 0.632421875 0.4125 0.01640625 0.030555555555555555
0 0.5671875 0.41041666666666665 0.0328125 0.06527777777777778
0 0.4390625 0.36319444444444443 0.028125 0.05694444444444444
0 0.351171875 0.4048611111111111 0.02578125 0.05694444444444444
0 0.40078125 0.4486111111111111 0.0203125 0.03611111111111111
0 0.32109375 0.4340277777777778 0.0140625 0.02638888888888889
0 0.26953125 0.4756944444444444 0.015625 0.029166666666666667
0 0.220703125 0.5409722222222222 0.07109375 0.1986111111111111
0 0.193359375 0.4597222222222222 0.01171875 0.025
0 0.1421875 0.46319444444444446 0.0171875 0.03194444444444444
0 0.081640625 0.5395833333333333 0.06953125 0.20416666666666666
0 0.0484375 0.48055555555555557 0.015625 0.025
