0 0.04685990338164251 0.1649269311064718 0.02608695652173913 0.06263048016701461
0 0.06376811594202898 0.21816283924843424 0.028985507246376812 0.07306889352818371
0 0.0927536231884058 0.21085594989561587 0.028985507246376812 0.07933194154488518
0 0.1318840579710145 0.18893528183716074 0.024154589371980676 0.060542797494780795
0 0.16956521739130434 0.15031315240083507 0.024154589371980676 0.07515657620041753
0 0.18647342995169083 0.18162839248434237 0.025120772946859903 0.07515657620041753
0 0.21497584541062803 0.17014613778705637 0.022222222222222223 0.06471816283924843
0 0.24782608695652175 0.17849686847599164 0.024154589371980676 0.07306889352818371
0 0.30917874396135264 0.1847599164926931 0.04057971014492753 0.08977035490605428
0 0.28647342995169084 0.1617954070981211 0.02608695652173913 0.06889352818371608
0 0.34202898550724636 0.10438413361169102 0.03285024154589372 0.08768267223382047
0 0.4043478260869565 0.1837160751565762 0.024154589371980676 0.06680584551148225
0 0.47198067632850244 0.20146137787056367 0.028019323671497585 0.06889352818371608
0 0.5144927536231884 0.18789144050104384 0.02608695652173913 0.06680584551148225
0 0.4599033816425121 0.16701461377870563 0.021256038647342997 0.05845511482254697
0 0.5454106280193237 0.174321503131524 0.024154589371980676 0.060542797494780795
0 0.6376811594202898 0.1544885177453027 0.18164251207729468 0.4175365344467641
