0 0.56625 0.31648768161718255 0.0875 0.1351863550221099
0 0.62125 0.2545799115603285 0.0665 0.12002526847757422
0 0.94775 0.21509791535060013 0.0335 0.04232469993682881
0 0.88025 0.22583701831964625 0.0255 0.03095388502842704
0 0.835 0.2520530638029059 0.021 0.027795325331648767
0 0.822 0.22931143398610235 0.023 0.035375868603916616
0 0.39825 0.24384080859128238 0.0245 0.032849020846494
0 0.33625 0.36860391661402403 0.0675 0.2722678458622868
0 0.04975 0.279216677195199 0.0305 0.045483259633607075
0 0.09525 0.28427037271004424 0.0205 0.030322173089071383
0 0.18025 0.2687934301958307 0.0155 0.02337334175615919
