0 -0.008333333333333333 0.4287949921752739 0.029166666666666667 0.053208137715179966
0 0.024479166666666666 0.4538341158059468 0.034375 0.056338028169014086
0 0.023958333333333335 0.45539906103286387 0.035416666666666666 0.0594679186228482
0 0.15572916666666667 0.43896713615023475 0.042708333333333334 0.07355242566510173
0 0.13854166666666667 0.4507042253521127 0.035416666666666666 0.06885758998435054
0 0.190625 0.4522691705790297 0.035416666666666666 0.06572769953051644
0 0.21197916666666666 0.43583724569640064 0.036458333333333336 0.07355242566510173
0 0.2296875 0.4241001564945227 0.03229166666666667 0.056338028169014086
0 0.2734375 0.6275430359937402 0.03229166666666667 0.0594679186228482
0 0.27239583333333334 0.45539906103286387 0.040625 0.06572769953051644
0 0.27291666666666664 0.45305164319248825 0.0375 0.06729264475743349
0 0.3140625 0.46322378716744916 0.030208333333333334 0.056338028169014086
0 0.3927083333333333 0.5203442879499217 0.03333333333333333 0.07042253521126761
0 0.36354166666666665 0.45461658841940533 0.035416666666666666 0.06729264475743349
0 0.3776041666666667 0.43583724569640064 0.03229166666666667 0.051643192488262914
0 0.3567708333333333 0.4287949921752739 0.030208333333333334 0.06259780907668232
0 0.4265625 0.46400625978090765 0.03229166666666667 0.057902973395931145
0 0.4666666666666667 0.45305164319248825 0.035416666666666666 0.06729264475743349
0 0.5505208333333333 0.4812206572769953 0.036458333333333336 0.06729264475743349
0 0.5364583333333334 0.45618153364632236 0.035416666666666666 0.06416275430359937
0 0.5760416666666667 0.46400625978090765 0.03958333333333333 0.06729264475743349
0 0.5682291666666667 0.45774647887323944 0.03854166666666667 0.06729264475743349
0 0.6338541666666667 0.43583724569640064 0.034375 0.06729264475743349
0 0.6864583333333333 0.47339593114241 0.035416666666666666 0.057902973395931145
0 0.7192708333333333 0.43896713615023475 0.03229166666666667 0.057902973395931145
0 0.7828125 0.5070422535211268 0.030208333333333334 0.056338028169014086
0 0.7953125 0.44992175273865415 0.03229166666666667 0.06416275430359937
0 0.8364583333333333 0.4780907668231612 0.03333333333333333 0.06103286384976526
0 0.8119791666666667 0.525039123630673 0.021875 0.03599374021909233
0 0.88125 0.4671361502347418 0.04375 0.07355242566510173
0 0.9104166666666667 0.4788732394366197 0.0375 0.0594679186228482
