0 0.0726923076923077 0.7086820083682008 0.04384615384615385 0.07217573221757322
0 -0.0003846153846153846 0.5444560669456067 0.023846153846153847 0.04288702928870293
0 0.019615384615384614 0.49947698744769875 0.019230769230769232 0.028242677824267783
0 0.003076923076923077 0.46443514644351463 0.015384615384615385 0.02510460251046025
0 0.04346153846153846 0.4388075313807531 0.014615384615384615 0.021966527196652718
0 0.05730769230769231 0.4916317991631799 0.016153846153846154 0.027196652719665274
0 0.054615384615384614 0.44717573221757323 0.010769230769230769 0.01778242677824268
0 0.07538461538461538 0.4571129707112971 0.012307692307692308 0.02092050209205021
0 0.10807692307692307 0.4848326359832636 0.016153846153846154 0.02615062761506276
0 0.08923076923076922 0.4450836820083682 0.012307692307692308 0.021966527196652718
0 0.11615384615384615 0.4544979079497908 0.009230769230769232 0.013598326359832637
0 0.12153846153846154 0.4513598326359833 0.009230769230769232 0.015690376569037656
0 0.125 0.4675732217573222 0.022307692307692306 0.03347280334728033
0 0.16576923076923078 0.45763598326359833 0.01 0.013598326359832637
0 0.19384615384615383 0.47489539748953974 0.013846153846153847 0.02510460251046025
0 0.22153846153846155 0.46443514644351463 0.018461538461538463 0.027196652719665274
0 0.255 0.47960251046025104 0.01769230769230769 0.02405857740585774
0 0.2896153846153846 0.4874476987447699 0.019230769230769232 0.03138075313807531
0 0.3080769230769231 0.5073221757322176 0.019230769230769232 0.03347280334728033
0 0.33153846153846156 0.5031380753138075 0.018461538461538463 0.027196652719665274
0 0.37461538461538463 0.4869246861924686 0.015384615384615385 0.02405857740585774
0 0.2561538461538462 0.4435146443514644 0.009230769230769232 0.012552301255230125
0 0.28192307692307694 0.4544979079497908 0.011538461538461539 0.015690376569037656
0 0.3080769230769231 0.4503138075313807 0.008461538461538461 0.011506276150627616
0 0.48538461538461536 0.4497907949790795 0.010769230769230769 0.016736401673640166
0 0.5030769230769231 0.4497907949790795 0.006153846153846154 0.008368200836820083
0 0.5380769230769231 0.4801255230125523 0.011538461538461539 0.01882845188284519
0 0.5446153846153846 0.45763598326359833 0.010769230769230769 0.01778242677824268
0 0.5357692307692308 0.44037656903765693 0.006923076923076923 0.010460251046025104
0 0.5711538461538461 0.473326359832636 0.01 0.01778242677824268
0 0.5753846153846154 0.4628661087866109 0.012307692307692308 0.01778242677824268
0 0.5673076923076923 0.4456066945606695 0.008461538461538461 0.014644351464435146
0 0.5853846153846154 0.4707112970711297 0.009230769230769232 0.014644351464435146
0 0.6180769230769231 0.4858786610878661 0.01 0.015690376569037656
0 0.6119230769230769 0.46809623430962344 0.011538461538461539 0.015690376569037656
0 0.6507692307692308 0.4592050209205021 0.010769230769230769 0.014644351464435146
0 0.6142307692307692 0.4435146443514644 0.008461538461538461 0.012552301255230125
0 0.6784615384615384 0.4555439330543933 0.009230769230769232 0.013598326359832637
0 0.6676923076923077 0.4424686192468619 0.009230769230769232 0.014644351464435146
0 0.683076923076923 0.4419456066945607 0.009230769230769232 0.01778242677824268
0 0.7019230769230769 0.44612970711297073 0.008461538461538461 0.013598326359832637
0 0.7288461538461538 0.46077405857740583 0.01 0.015690376569037656
0 0.7276923076923076 0.4372384937238494 0.009230769230769232 0.014644351464435146
0 0.7515384615384615 0.45658995815899583 0.009230769230769232 0.013598326359832637
0 0.7684615384615384 0.46077405857740583 0.012307692307692308 0.0198744769874477
0 0.7765384615384615 0.4309623430962343 0.011538461538461539 0.01882845188284519
0 0.7926923076923077 0.4450836820083682 0.01 0.01778242677824268
0 0.8015384615384615 0.45972803347280333 0.010769230769230769 0.015690376569037656
0 0.806923076923077 0.4419456066945607 0.010769230769230769 0.01778242677824268
0 0.828076923076923 0.4811715481171548 0.01769230769230769 0.027196652719665274
0 0.8426923076923077 0.49581589958158995 0.016153846153846154 0.02510460251046025
0 0.8688461538461538 0.48430962343096234 0.016153846153846154 0.02092050209205021
0 0.6657692307692308 0.5674686192468619 0.023846153846153847 0.038702928870292884
0 0.821923076923077 0.6072175732217573 0.03307692307692308 0.05753138075313807
0 0.8430769230769231 0.573744769874477 0.04461538461538461 0.05753138075313807
0 0.9623076923076923 0.5198744769874477 0.023076923076923078 0.03765690376569038
0 0.9496153846153846 0.47855648535564854 0.016153846153846154 0.02615062761506276
0 0.9769230769230769 0.48797071129707115 0.016923076923076923 0.028242677824267783
0 1.003076923076923 0.4560669456066946 0.012307692307692308 0.027196652719665274
0 0.9846153846153847 0.6961297071129707 0.05384615384615385 0.08472803347280335
