0 -0.028125 0.36442006269592475 0.05 0.07366771159874608
0 0.084375 0.36363636363636365 0.04791666666666667 0.06269592476489028
0 0.15052083333333333 0.4169278996865204 0.017708333333333333 0.03134796238244514
0 0.18489583333333334 0.48197492163009403 0.071875 0.0987460815047022
0 0.23697916666666666 0.4827586206896552 0.04479166666666667 0.0877742946708464
0 0.303125 0.475705329153605 0.0375 0.06426332288401254
0 0.3390625 0.4553291536050157 0.013541666666666667 0.023510971786833857
0 0.3515625 0.45846394984326017 0.011458333333333333 0.023510971786833857
0 0.42239583333333336 0.37539184952978055 0.051041666666666666 0.10188087774294671
0 0.484375 0.44122257053291536 0.03958333333333333 0.07366771159874608
0 0.546875 0.4216300940438871 0.016666666666666666 0.034482758620689655
0 0.575 0.4067398119122257 0.022916666666666665 0.04231974921630094
0 0.5953125 0.4169278996865204 0.021875 0.04075235109717868
0 0.6260416666666667 0.4169278996865204 0.020833333333333332 0.04075235109717868
0 0.6276041666666666 0.414576802507837 0.019791666666666666 0.04231974921630094
0 0.5635416666666667 0.4396551724137931 0.01875 0.07366771159874608
0 0.7036458333333333 0.4098746081504702 0.04895833333333333 0.06739811912225706
0 0.7104166666666667 0.4122257053291536 0.027083333333333334 0.04075235109717868
0 0.73125 0.4090909090909091 0.016666666666666666 0.0219435736677116
0 0.8265625 0.390282131661442 0.065625 0.10344827586206896
0 0.859375 0.427115987460815 0.04791666666666667 0.08934169278996865
0 0.9192708333333334 0.3793103448275862 0.046875 0.08463949843260188
0 0.9609375 0.42398119122257055 0.08645833333333333 0.12695924764890282
