0 0.06381578947368421 0.20747663551401868 0.16973684210526316 0.2803738317757009
0 0.19276315789473683 0.3850467289719626 0.11447368421052631 0.2205607476635514
0 0.32171052631578945 0.44485981308411215 0.07236842105263158 0.1308411214953271
0 0.3671052631578947 0.5205607476635514 0.05 0.102803738317757
0 0.41710526315789476 0.5728971962616822 0.05 0.08411214953271028
0 0.4789473684210526 0.5373831775700935 0.06578947368421052 0.1102803738317757
0 0.44605263157894737 0.6869158878504673 0.07894736842105263 0.14392523364485982
0 0.5796052631578947 0.5635514018691589 0.056578947368421055 0.08037383177570094
0 0.6355263157894737 0.6196261682242991 0.06578947368421052 0.12897196261682242
0 0.7493421052631579 0.5383177570093458 0.05921052631578947 0.10467289719626169
0 0.7940789473684211 0.5336448598130841 0.06710526315789474 0.102803738317757
0 0.8539473684210527 0.45981308411214955 0.07894736842105263 0.1383177570093458
0 0.9467105263157894 0.1233644859813084 0.15921052631578947 0.27289719626168224
