0 0.10387323943661972 0.3489583333333333 0.062206572769953054 0.11458333333333333
0 0.6883802816901409 0.278125 0.07394366197183098 0.12708333333333333
0 0.863849765258216 0.37395833333333334 0.04929577464788732 0.08541666666666667
0 0.8926056338028169 0.403125 0.01995305164319249 0.03958333333333333
0 0.9055164319248826 0.40729166666666666 0.015258215962441314 0.027083333333333334
0 0.82981220657277 0.39375 0.018779342723004695 0.029166666666666667
0 0.7822769953051644 0.39895833333333336 0.015258215962441314 0.027083333333333334
0 0.7494131455399061 0.40625 0.03169014084507042 0.05416666666666667
0 0.7247652582159625 0.37604166666666666 0.022300469483568074 0.04375
0 0.6596244131455399 0.39895833333333336 0.03051643192488263 0.07708333333333334
0 0.4465962441314554 0.39166666666666666 0.036384976525821594 0.058333333333333334
0 0.48532863849765256 0.3875 0.02699530516431925 0.05416666666666667
0 0.5369718309859155 0.3645833333333333 0.02464788732394366 0.05
0 0.40023474178403756 0.4010416666666667 0.011737089201877934 0.027083333333333334
0 0.3738262910798122 0.41770833333333335 0.01056338028169014 0.01875
0 0.29694835680751175 0.4083333333333333 0.007042253521126761 0.0125
0 0.11443661971830986 0.3697916666666667 0.03403755868544601 0.06041666666666667
