0 0.05575117370892019 0.4875 0.05985915492957746 0.09166666666666666
0 0.32922535211267606 0.490625 0.05516431924882629 0.13125
0 0.4612676056338028 0.475 0.04225352112676056 0.07916666666666666
0 0.5422535211267606 0.5479166666666667 0.051643192488262914 0.0875
0 0.8814553990610329 0.46458333333333335 0.035211267605633804 0.06666666666666667
0 0.3573943661971831 0.42916666666666664 0.03873239436619718 0.07916666666666666
0 0.8814553990610329 0.45625 0.03990610328638498 0.07916666666666666
0 0.9278169014084507 0.559375 0.045774647887323945 0.10208333333333333
0 0.9765258215962441 0.425 0.03051643192488263 0.05416666666666667
0 0.8186619718309859 0.378125 0.04342723004694836 0.10208333333333333
0 0.7828638497652582 0.44375 0.035211267605633804 0.0625
0 0.7306338028169014 0.47291666666666665 0.03873239436619718 0.07083333333333333
0 0.4800469483568075 0.4354166666666667 0.03755868544600939 0.07083333333333333
0 0.4465962441314554 0.4166666666666667 0.022300469483568074 0.0375
0 0.3908450704225352 0.4270833333333333 0.014084507042253521 0.025
0 0.39730046948356806 0.409375 0.008215962441314555 0.01875
0 0.5269953051643192 0.40729166666666666 0.023474178403755867 0.04791666666666667
0 0.6097417840375586 0.40625 0.02464788732394366 0.04583333333333333
0 0.6566901408450704 0.440625 0.022300469483568074 0.052083333333333336
0 0.6355633802816901 0.42916666666666664 0.017605633802816902 0.04583333333333333
0 0.6895539906103286 0.446875 0.01995305164319249 0.04375
0 0.79518779342723 0.375 0.029342723004694836 0.058333333333333334
