0 0.06631455399061033 0.6020833333333333 0.02464788732394366 0.05416666666666667
0 0.12147887323943662 0.5729166666666666 0.04107981220657277 0.08333333333333333
0 0.19248826291079812 0.5979166666666667 0.025821596244131457 0.0625
0 0.24471830985915494 0.5927083333333333 0.02699530516431925 0.06875
0 0.22535211267605634 0.5197916666666667 0.028169014084507043 0.06458333333333334
0 0.27523474178403756 0.5666666666666667 0.01995305164319249 0.041666666666666664
0 0.31396713615023475 0.5666666666666667 0.022300469483568074 0.058333333333333334
0 0.357981220657277 0.596875 0.03051643192488263 0.06041666666666667
0 0.301056338028169 0.5635416666666667 0.015258215962441314 0.03125
0 0.33274647887323944 0.5802083333333333 0.017605633802816902 0.03125
0 0.38204225352112675 0.571875 0.015258215962441314 0.03125
0 0.41784037558685444 0.5666666666666667 0.009389671361502348 0.016666666666666666
0 0.43779342723004694 0.5572916666666666 0.011737089201877934 0.027083333333333334
0 0.4524647887323944 0.5770833333333333 0.03169014084507042 0.058333333333333334
0 0.4724178403755869 0.559375 0.015258215962441314 0.03125
0 0.4988262910798122 0.5614583333333333 0.01643192488262911 0.035416666666666666
0 0.5334507042253521 0.55 0.01056338028169014 0.016666666666666666
0 0.5727699530516432 0.5541666666666667 0.01643192488262911 0.029166666666666667
0 0.5504694835680751 0.5552083333333333 0.004694835680751174 0.010416666666666666
0 0.6654929577464789 0.6583333333333333 0.028169014084507043 0.05416666666666667
0 0.7646713615023474 0.6552083333333333 0.01995305164319249 0.03958333333333333
