0 0.022887323943661973 0.5520833333333334 0.008215962441314555 0.016666666666666666
0 0.142018779342723 0.54375 0.007042253521126761 0.0125
0 0.17018779342723006 0.553125 0.007042253521126761 0.014583333333333334
0 0.20892018779342722 0.5354166666666667 0.018779342723004695 0.03333333333333333
0 0.2312206572769953 0.534375 0.011737089201877934 0.027083333333333334
0 0.2634976525821596 0.5520833333333334 0.012910798122065728 0.025
0 0.3210093896713615 0.5364583333333334 0.01056338028169014 0.022916666666666665
0 0.3345070422535211 0.5864583333333333 0.018779342723004695 0.10625
0 0.352112676056338 0.5552083333333333 0.011737089201877934 0.01875
0 0.3779342723004695 0.55625 0.009389671361502348 0.016666666666666666
0 0.3926056338028169 0.5395833333333333 0.012910798122065728 0.020833333333333332
0 0.45774647887323944 0.5239583333333333 0.011737089201877934 0.022916666666666665
0 0.4665492957746479 0.534375 0.008215962441314555 0.014583333333333334
0 0.4841549295774648 0.54375 0.01056338028169014 0.016666666666666666
0 0.5223004694835681 0.540625 0.007042253521126761 0.014583333333333334
0 0.630868544600939 0.534375 0.02699530516431925 0.05625
0 0.6965962441314554 0.50625 0.02699530516431925 0.0625
0 0.8157276995305164 0.503125 0.018779342723004695 0.04375
0 0.8814553990610329 0.509375 0.023474178403755867 0.04375
0 0.9630281690140845 0.5322916666666667 0.022300469483568074 0.03958333333333333
