0 0.27699530516431925 0.5229166666666667 0.035211267605633804 0.075
0 0.06338028169014084 0.5458333333333333 0.056338028169014086 0.09166666666666666
0 0.0880281690140845 0.578125 0.03051643192488263 0.08541666666666667
0 0.08568075117370892 0.578125 0.035211267605633804 0.08541666666666667
0 0.04342723004694836 0.6 0.03755868544600939 0.07083333333333333
0 0.11854460093896714 0.5447916666666667 0.03051643192488263 0.06458333333333334
0 0.8990610328638498 0.5875 0.009389671361502348 0.016666666666666666
0 0.9078638497652582 0.58125 0.008215962441314555 0.016666666666666666
0 0.914906103286385 0.5895833333333333 0.008215962441314555 0.016666666666666666
0 0.937793427230047 0.5885416666666666 0.007042253521126761 0.014583333333333334
0 0.9442488262910798 0.590625 0.008215962441314555 0.014583333333333334
0 0.9677230046948356 0.5875 0.005868544600938967 0.0125
0 0.9753521126760564 0.5895833333333333 0.007042253521126761 0.016666666666666666
0 0.9853286384976526 0.5947916666666667 0.008215962441314555 0.014583333333333334
