0 0.09 0.310752688172043 0.02857142857142857 0.07096774193548387
0 0.11142857142857143 0.3 0.05142857142857143 0.07956989247311828
0 0.2092857142857143 0.23118279569892472 0.05285714285714286 0.08387096774193549
0 0.2357142857142857 0.26129032258064516 0.04857142857142857 0.08817204301075268
0 0.32285714285714284 0.24086021505376345 0.06285714285714286 0.09032258064516129
0 0.4164285714285714 0.3688172043010753 0.05 0.0967741935483871
0 0.44357142857142856 0.32903225806451614 0.05857142857142857 0.10752688172043011
0 0.5735714285714286 0.2537634408602151 0.07285714285714286 0.08602150537634409
0 0.5742857142857143 0.24838709677419354 0.06 0.07526881720430108
0 0.6457142857142857 0.2623655913978495 0.04285714285714286 0.06881720430107527
0 0.81 0.24731182795698925 0.07428571428571429 0.12903225806451613
0 0.8778571428571429 0.3032258064516129 0.03 0.043010752688172046
