0 0.0 0.7395833333333334 0.011737089201877934 0.025
0 0.08098591549295775 0.6822916666666666 0.014084507042253521 0.022916666666666665
0 0.11443661971830986 0.684375 0.012910798122065728 0.022916666666666665
0 0.26173708920187794 0.6458333333333334 0.009389671361502348 0.016666666666666666
0 0.33215962441314556 0.59375 0.004694835680751174 0.008333333333333333
0 0.34917840375586856 0.5947916666666667 0.005868544600938967 0.010416666666666666
0 0.48884976525821594 0.6114583333333333 0.01056338028169014 0.04375
0 0.49589201877934275 0.5947916666666667 0.0035211267605633804 0.00625
0 0.6977699530516432 0.6479166666666667 0.005868544600938967 0.008333333333333333
0 0.7153755868544601 0.6697916666666667 0.005868544600938967 0.010416666666666666
0 0.7224178403755869 0.6833333333333333 0.017605633802816902 0.04583333333333333
