0 0.3245305164319249 0.40625 0.012910798122065728 0.025
0 0.35563380281690143 0.4270833333333333 0.011737089201877934 0.025
0 0.3720657276995305 0.3958333333333333 0.014084507042253521 0.025
0 0.3908450704225352 0.375 0.014084507042253521 0.029166666666666667
0 0.38615023474178406 0.3020833333333333 0.011737089201877934 0.025
0 0.40023474178403756 0.240625 0.009389671361502348 0.01875
0 0.36208920187793425 0.20104166666666667 0.008215962441314555 0.01875
0 0.40023474178403756 0.15625 0.007042253521126761 0.0125
0 0.4131455399061033 0.221875 0.009389671361502348 0.01875
0 0.42077464788732394 0.225 0.01995305164319249 0.0875
0 0.42370892018779344 0.20208333333333334 0.02112676056338028 0.09166666666666666
0 0.42370892018779344 0.1875 0.01643192488262911 0.08333333333333333
0 0.4465962441314554 0.159375 0.008215962441314555 0.014583333333333334
0 0.4565727699530516 0.18958333333333333 0.018779342723004695 0.08333333333333333
0 0.4847417840375587 0.13645833333333332 0.007042253521126761 0.014583333333333334
0 0.44835680751173707 0.17604166666666668 0.009389671361502348 0.01875
0 0.44835680751173707 0.23020833333333332 0.007042253521126761 0.014583333333333334
0 0.47593896713615025 0.23125 0.01056338028169014 0.016666666666666666
0 0.43309859154929575 0.3416666666666667 0.009389671361502348 0.020833333333333332
0 0.4665492957746479 0.428125 0.012910798122065728 0.027083333333333334
0 0.465962441314554 0.475 0.014084507042253521 0.029166666666666667
0 0.5123239436619719 0.1875 0.008215962441314555 0.016666666666666666
0 0.5311032863849765 0.16354166666666667 0.008215962441314555 0.01875
0 0.534037558685446 0.16458333333333333 0.007042253521126761 0.0125
0 0.5487089201877934 0.165625 0.008215962441314555 0.014583333333333334
0 0.5404929577464789 0.3177083333333333 0.01056338028169014 0.01875
0 0.5516431924882629 0.325 0.014084507042253521 0.025
0 0.5651408450704225 0.3645833333333333 0.022300469483568074 0.13333333333333333
0 0.5762910798122066 0.38125 0.028169014084507043 0.14583333333333334
0 0.5522300469483568 0.3802083333333333 0.015258215962441314 0.027083333333333334
0 0.5663145539906104 0.409375 0.012910798122065728 0.022916666666666665
0 0.5487089201877934 0.48854166666666665 0.017605633802816902 0.03125
0 0.5346244131455399 0.8989583333333333 0.022300469483568074 0.04375
0 0.6408450704225352 0.46458333333333335 0.011737089201877934 0.025
0 0.6801643192488263 0.5104166666666666 0.012910798122065728 0.029166666666666667
0 0.6807511737089202 0.4708333333333333 0.01643192488262911 0.03333333333333333
0 0.7112676056338029 0.7416666666666667 0.025821596244131457 0.04583333333333333
0 0.7341549295774648 0.7885416666666667 0.01995305164319249 0.04375
0 0.7130281690140845 0.8322916666666667 0.02464788732394366 0.04375
0 0.31514084507042256 0.528125 0.015258215962441314 0.035416666666666666
0 0.34507042253521125 0.2375 0.02112676056338028 0.10833333333333334
0 0.3937793427230047 0.2 0.008215962441314555 0.016666666666666666
