0 0.1375 0.7883333333333333 0.0525 0.09
0 0.171875 0.76 0.03875 0.07
0 0.215 0.7675 0.0525 0.07833333333333334
0 0.2525 0.74 0.0375 0.06333333333333334
0 0.293125 0.7566666666666667 0.04125 0.07
0 0.283125 0.7083333333333334 0.03625 0.056666666666666664
0 0.333125 0.8058333333333333 0.05375 0.095
0 0.364375 0.7441666666666666 0.04125 0.06833333333333333
0 0.409375 0.7625 0.04375 0.075
0 0.388125 0.7025 0.03375 0.058333333333333334
0 0.45375 0.7008333333333333 0.035 0.065
0 0.4975 0.7183333333333334 0.0425 0.08
0 0.52875 0.705 0.0325 0.056666666666666664
0 0.580625 0.7075 0.03125 0.055
0 0.60875 0.7091666666666666 0.0425 0.06833333333333333
0 0.65875 0.6883333333333334 0.04 0.07333333333333333
0 0.72 0.7316666666666667 0.0475 0.07333333333333333
0 0.77125 0.6966666666666667 0.0425 0.07
0 0.823125 0.6908333333333333 0.04375 0.075
0 0.86625 0.685 0.0575 0.08333333333333333
