0 0.08653846153846154 0.37138263665594856 0.036153846153846154 0.05037513397642015
0 0.0973076923076923 0.3435155412647374 0.040769230769230766 0.06752411575562701
0 0.0034615384615384616 0.3177920685959271 0.01769230769230769 0.03322615219721329
0 0.1580769230769231 0.36066452304394425 0.026923076923076925 0.03965702036441586
0 0.2723076923076923 0.3247588424437299 0.036923076923076927 0.06216505894962487
0 0.4123076923076923 0.3167202572347267 0.036923076923076927 0.0632368703108253
0 0.3434615384615385 0.319935691318328 0.016153846153846154 0.02679528403001072
0 0.22346153846153846 0.357449088960343 0.013076923076923076 0.022508038585209004
0 0.46192307692307694 0.3258306538049303 0.019230769230769232 0.030010718113612004
0 0.5323076923076923 0.3440514469453376 0.021538461538461538 0.04287245444801715
0 0.5884615384615385 0.3027867095391211 0.024615384615384615 0.04823151125401929
0 0.6407692307692308 0.31939978563772775 0.033846153846153845 0.07502679528403002
0 0.7723076923076924 0.2797427652733119 0.038461538461538464 0.06216505894962487
0 0.6865384615384615 0.3215434083601286 0.019230769230769232 0.030010718113612004
0 0.7015384615384616 0.3258306538049303 0.016923076923076923 0.02572347266881029
0 0.8138461538461539 0.3247588424437299 0.018461538461538463 0.03215434083601286
0 0.8653846153846154 0.3129689174705252 0.02 0.030010718113612004
0 0.8819230769230769 0.3236870310825295 0.022307692307692306 0.03429796355841372
0 0.9276923076923077 0.32261521972132906 0.023076923076923078 0.03644158628081458
0 0.9765384615384616 0.3210075026795284 0.03307692307692308 0.05251875669882101
0 0.9496153846153846 0.45980707395498394 0.04384615384615385 0.08145766345123258
0 0.52 0.3145766345123258 0.016923076923076923 0.02465166130760986
