0 0.03025743898361752 0.26758045292014304 0.05784018722835172 0.10369487485101311
0 0.13440320962888666 0.3274731823599523 0.0367769976596456 0.08045292014302742
0 0.2383818121029756 0.27205005959475564 0.05215646940822467 0.1162097735399285
0 0.2594450016716817 0.2899284862932062 0.03610832497492478 0.0935637663885578
0 0.44684052156469406 0.331942789034565 0.01972584419926446 0.04290822407628129
0 0.4379806084921431 0.3492252681764005 0.012704781009695755 0.027413587604290822
0 0.47559344700768974 0.4052443384982122 0.017051153460381142 0.033373063170441
0 0.5463055834169174 0.35190703218116803 0.017385489802741558 0.03396901072705602
0 0.5730524908057506 0.3411799761620977 0.01537947174857907 0.03396901072705602
0 0.5904379806084922 0.3528009535160906 0.0160481444332999 0.03814064362336114
0 0.5884319625543296 0.3590584028605483 0.02340354396522902 0.043504171632896306
0 0.6451019725844199 0.33790226460071515 0.01905717151454363 0.03933253873659118
0 0.6574724172517553 0.34147794994040526 0.017719826145101973 0.04290822407628129
0 0.6686726847208292 0.3441597139451728 0.020728853226345705 0.04231227651966627
0 0.7589434971581411 0.3575685339690107 0.022066198595787363 0.03933253873659118
0 0.7932129722500836 0.4740762812872467 0.02039451688398529 0.041120381406436236
0 0.8122701437646273 0.333134684147795 0.024406552992310263 0.050059594755661505
0 0.6583082581076563 0.33790226460071515 0.014710799063858242 0.033373063170441
