0 0.22041666666666668 -0.09125 0.09416666666666666 0.14
0 0.07083333333333333 0.1 0.058333333333333334 0.1175
0 0.07083333333333333 0.101875 0.058333333333333334 0.11875
0 0.04375 0.130625 0.049166666666666664 0.08125
0 0.3625 0.165 0.041666666666666664 0.06
0 0.3854166666666667 0.14125 0.025833333333333333 0.045
0 0.41375 0.13 0.029166666666666667 0.055
0 0.5041666666666667 0.096875 0.03333333333333333 0.06875
0 0.43125 0.429375 0.07083333333333333 0.10625
0 0.5658333333333333 0.21 0.08833333333333333 0.2025
0 0.5833333333333334 0.1125 0.02666666666666667 0.0425
0 0.65 0.185 0.03333333333333333 0.055
0 0.6095833333333334 0.13375 0.024166666666666666 0.05
0 0.7579166666666667 0.0725 0.05416666666666667 0.0825
0 0.8220833333333334 0.14125 0.0275 0.0425
0 0.6883333333333334 0.145 0.02666666666666667 0.045
0 0.7058333333333333 0.150625 0.02 0.04625
0 0.8570833333333333 0.154375 0.0175 0.02875
0 0.9204166666666667 0.140625 0.0325 0.05625
0 1.0258333333333334 0.12 0.043333333333333335 0.06
0 0.985 0.151875 0.03833333333333333 0.05375
0 0.9729166666666667 0.17375 0.0275 0.0425
0 0.96125 0.166875 0.020833333333333332 0.03625
