0 0.8949530516431925 0.6989583333333333 0.08568075117370892 0.16875
0 0.6244131455399061 0.5239583333333333 0.06572769953051644 0.12291666666666666
0 0.6666666666666666 0.4583333333333333 0.035211267605633804 0.06666666666666667
0 0.7617370892018779 0.43854166666666666 0.028169014084507043 0.052083333333333336
0 0.9289906103286385 0.4395833333333333 0.036384976525821594 0.06666666666666667
0 0.9970657276995305 0.4375 0.015258215962441314 0.025
0 0.9413145539906104 0.39375 0.014084507042253521 0.025
0 0.886150234741784 0.41875 0.01643192488262911 0.029166666666666667
0 0.8339201877934272 0.41354166666666664 0.015258215962441314 0.03125
0 0.6913145539906104 0.4166666666666667 0.028169014084507043 0.04583333333333333
0 0.6179577464788732 0.409375 0.012910798122065728 0.027083333333333334
0 0.579225352112676 0.4083333333333333 0.015258215962441314 0.025
0 0.5258215962441315 0.43020833333333336 0.023474178403755867 0.04375
0 0.5440140845070423 0.3885416666666667 0.01056338028169014 0.01875
0 0.49471830985915494 0.39791666666666664 0.01056338028169014 0.020833333333333332
0 0.4859154929577465 0.44375 0.014084507042253521 0.029166666666666667
0 0.47769953051643194 0.5322916666666667 0.04460093896713615 0.07708333333333334
0 0.443075117370892 0.5177083333333333 0.03169014084507042 0.07291666666666667
0 0.36032863849765256 0.45208333333333334 0.03286384976525822 0.07083333333333333
0 0.41784037558685444 0.44166666666666665 0.025821596244131457 0.05
0 0.44072769953051644 0.41770833333333335 0.015258215962441314 0.03125
0 0.4061032863849765 0.38958333333333334 0.01643192488262911 0.03333333333333333
0 0.42664319248826293 0.3927083333333333 0.01056338028169014 0.022916666666666665
0 0.3315727699530516 0.42083333333333334 0.01995305164319249 0.0375
0 0.3075117370892019 0.42604166666666665 0.018779342723004695 0.03125
0 0.25528169014084506 0.4197916666666667 0.01995305164319249 0.035416666666666666
0 0.23767605633802816 0.41458333333333336 0.01995305164319249 0.029166666666666667
0 0.23826291079812206 0.7625 0.12441314553990611 0.25416666666666665
0 0.07981220657276995 0.5958333333333333 0.06572769953051644 0.11666666666666667
0 0.20187793427230047 0.515625 0.03755868544600939 0.07291666666666667
0 0.1772300469483568 0.4354166666666667 0.03286384976525822 0.0625
0 0.07276995305164319 0.42291666666666666 0.025821596244131457 0.04583333333333333
0 0.14906103286384975 0.421875 0.023474178403755867 0.04791666666666667
0 0.20539906103286384 0.42083333333333334 0.025821596244131457 0.05416666666666667
0 0.0029342723004694834 0.43125 0.01995305164319249 0.04583333333333333
0 0.10504694835680752 0.43645833333333334 0.02699530516431925 0.052083333333333336
0 0.04988262910798122 0.42083333333333334 0.02464788732394366 0.041666666666666664
0 0.7147887323943662 0.3958333333333333 0.009389671361502348 0.020833333333333332
0 0.7476525821596244 0.4010416666666667 0.011737089201877934 0.01875
0 0.8028169014084507 0.41354166666666664 0.009389671361502348 0.014583333333333334
0 0.8433098591549296 0.3958333333333333 0.012910798122065728 0.025
0 0.982981220657277 0.41875 0.012910798122065728 0.025
0 0.460093896713615 0.4739583333333333 0.018779342723004695 0.03958333333333333
