0 0.0698356807511737 0.796875 0.01995305164319249 0.08958333333333333
0 0.08568075117370892 0.76875 0.007042253521126761 0.0125
0 0.0903755868544601 0.7989583333333333 0.01643192488262911 0.08125
0 0.10622065727699531 0.7947916666666667 0.015258215962441314 0.08125
0 0.17018779342723006 0.7770833333333333 0.014084507042253521 0.04583333333333333
0 0.2476525821596244 0.778125 0.009389671361502348 0.04791666666666667
0 0.4102112676056338 0.7822916666666667 0.005868544600938967 0.014583333333333334
0 0.426056338028169 0.7739583333333333 0.011737089201877934 0.01875
0 0.5017605633802817 0.7770833333333333 0.008215962441314555 0.016666666666666666
0 0.5422535211267606 0.7645833333333333 0.009389671361502348 0.020833333333333332
0 0.5545774647887324 0.7697916666666667 0.012910798122065728 0.01875
0 0.5674882629107981 0.80625 0.01995305164319249 0.09166666666666666
0 0.5944835680751174 0.7677083333333333 0.008215962441314555 0.014583333333333334
0 0.6167840375586855 0.7614583333333333 0.008215962441314555 0.014583333333333334
0 0.596244131455399 0.76875 0.009389671361502348 0.020833333333333332
0 0.6396713615023474 0.7697916666666667 0.007042253521126761 0.014583333333333334
0 0.6549295774647887 0.7625 0.004694835680751174 0.008333333333333333
0 0.6666666666666666 0.7625 0.007042253521126761 0.0125
0 0.6789906103286385 0.7572916666666667 0.008215962441314555 0.014583333333333334
0 0.7535211267605634 0.7822916666666667 0.011737089201877934 0.022916666666666665
0 0.8720657276995305 0.7479166666666667 0.007042253521126761 0.016666666666666666
0 0.9278169014084507 0.753125 0.008215962441314555 0.014583333333333334
0 0.9524647887323944 0.7385416666666667 0.008215962441314555 0.014583333333333334
0 0.9735915492957746 0.7354166666666667 0.008215962441314555 0.0125
