0 0.1238262910798122 0.309375 0.11619718309859155 0.20208333333333334
0 0.30985915492957744 0.2791666666666667 0.06807511737089202 0.1125
0 0.4301643192488263 0.33125 0.04107981220657277 0.0625
0 0.4131455399061033 0.465625 0.01643192488262911 0.03125
0 0.5152582159624414 0.40625 0.025821596244131457 0.0375
0 0.636150234741784 0.3885416666666667 0.04929577464788732 0.08125
0 0.70481220657277 0.375 0.03873239436619718 0.07083333333333333
0 0.6490610328638498 0.10729166666666666 0.06103286384976526 0.06875
0 0.8016431924882629 0.3416666666666667 0.046948356807511735 0.1
0 0.9061032863849765 0.30625 0.06807511737089202 0.1125
0 0.8879107981220657 0.5541666666666667 0.22417840375586853 0.8916666666666667
0 0.38321596244131456 0.5364583333333334 0.01056338028169014 0.022916666666666665
