0 0.046948356807511735 0.28125 0.01643192488262911 0.029166666666666667
0 0.08685446009389672 0.24895833333333334 0.01643192488262911 0.027083333333333334
0 0.1431924882629108 0.2625 0.009389671361502348 0.016666666666666666
0 0.17370892018779344 0.2677083333333333 0.009389671361502348 0.014583333333333334
0 0.20246478873239437 0.2916666666666667 0.017605633802816902 0.06666666666666667
0 0.49061032863849763 0.2635416666666667 0.004694835680751174 0.010416666666666666
0 0.505868544600939 0.2635416666666667 0.004694835680751174 0.010416666666666666
0 0.5234741784037559 0.2833333333333333 0.014084507042253521 0.075
0 0.7171361502347418 0.8739583333333333 0.01643192488262911 0.03125
0 0.681924882629108 0.7114583333333333 0.009389671361502348 0.022916666666666665
0 0.6654929577464789 0.7125 0.011737089201877934 0.020833333333333332
0 0.5481220657276995 0.65625 0.009389671361502348 0.016666666666666666
0 0.4184272300469484 0.64375 0.008215962441314555 0.016666666666666666
0 0.3767605633802817 0.6447916666666667 0.009389671361502348 0.01875
0 0.3855633802816901 0.6270833333333333 0.008215962441314555 0.016666666666666666
0 0.35269953051643194 0.6520833333333333 0.01056338028169014 0.016666666666666666
0 0.33568075117370894 0.6729166666666667 0.009389671361502348 0.020833333333333332
0 0.2963615023474178 0.65 0.008215962441314555 0.016666666666666666
0 0.2687793427230047 0.6552083333333333 0.009389671361502348 0.01875
0 0.27816901408450706 0.5958333333333333 0.009389671361502348 0.016666666666666666
0 0.31103286384976525 0.6135416666666667 0.009389671361502348 0.01875
0 0.3485915492957746 0.596875 0.009389671361502348 0.01875
0 0.340962441314554 0.5677083333333334 0.008215962441314555 0.014583333333333334
0 0.4735915492957746 0.5104166666666666 0.005868544600938967 0.0125
0 0.45598591549295775 0.5145833333333333 0.008215962441314555 0.016666666666666666
0 0.4113849765258216 0.47708333333333336 0.005868544600938967 0.0125
0 0.4113849765258216 0.44895833333333335 0.015258215962441314 0.05625
0 0.4242957746478873 0.4239583333333333 0.005868544600938967 0.010416666666666666
0 0.2852112676056338 0.5083333333333333 0.007042253521126761 0.0125
0 0.2676056338028169 0.509375 0.007042253521126761 0.010416666666666666
0 0.29107981220657275 0.4354166666666667 0.004694835680751174 0.008333333333333333
0 0.2981220657276995 0.44166666666666665 0.004694835680751174 0.008333333333333333
0 0.6302816901408451 0.25833333333333336 0.009389671361502348 0.016666666666666666
0 0.818075117370892 0.2625 0.011737089201877934 0.025
0 0.8397887323943662 0.265625 0.012910798122065728 0.022916666666666665
